3129361979
airplane 9 1578.235474 848.342773 1647.473877 888.119141 0.373731
airplane 2 2153.606445 679.352295 2268.696289 710.235229 0.453153
airplane 1 2120.935303 1250.428101 2242.325928 1298.812866 0.475710
person 5 2031.247925 466.679047 2056.210205 523.724182 0.706282
person 4 2208.741211 486.821259 2249.059326 551.534851 0.771275
kite 14 1540.288696 784.795715 1572.619995 801.560669 0.339224
skis 15 1463.649292 547.271484 1578.189941 593.096191 0.268134
traffic light 18 769.304932 564.146301 809.469604 597.706848 0.255715
bus 24 759.794434 615.527161 984.501709 915.274414 0.741146
motorcycle 16 1037.386963 569.003784 1070.216797 632.322205 0.576881
airplane 20 2188.951416 522.757751 2406.241943 619.906067 0.652927
person 11 1039.026001 552.632507 1069.113770 587.585205 0.510967
motorcycle 10 1276.325928 587.219238 1342.341797 692.126160 0.337870
person 7 851.266663 565.818115 870.229980 634.316895 0.559718
