33795312500
frisbee 38 2006.958740 1176.546875 2076.946289 1216.589111 0.582728
airplane 1 2119.929688 1249.672852 2241.655029 1298.681641 0.412822
person 121 1833.483643 467.211334 1857.531006 507.955688 0.456003
person 106 2170.132080 491.574921 2199.716309 575.321533 0.638652
person 104 2102.050293 465.913452 2131.385498 528.805908 0.739676
kite 68 1539.997681 783.979004 1572.911255 801.083557 0.319870
bicycle 122 1038.044434 586.935181 1068.561157 636.931396 0.268793
person 11 1042.898071 559.019836 1074.230957 625.749268 0.623091
person 7 906.430725 663.234314 938.912903 749.902039 0.699709
person 110 867.124268 559.300049 896.027771 633.771545 0.778006
airplane 57 2154.132080 680.426147 2269.789307 709.473999 0.840024
person 120 2055.062500 467.370941 2072.082520 496.554169 0.837223
airplane 111 1920.610840 727.827454 2556.384521 1226.320190 0.251151
airplane 49 1577.080933 856.619080 1646.902832 886.342041 0.933251
cup 108 1465.382690 1061.891846 1540.149292 1176.195068 0.681762
airplane 115 1578.858154 847.354858 1647.785278 916.947021 0.877209
airplane 118 1577.183838 848.419922 1622.891479 873.229065 0.865422
