33928320312
frisbee 38 2006.965454 1176.510254 2077.047852 1216.647705 0.322279
airplane 111 1773.912842 789.639343 2410.006104 1294.168701 0.258528
airplane 1 2120.504883 1249.311401 2242.639404 1298.629395 0.294467
airplane 57 2149.818115 677.418945 2266.276367 705.773010 0.422058
person 120 2053.041992 467.129120 2072.818115 497.121979 0.344276
person 121 1840.644775 467.628357 1864.156738 507.886841 0.550147
person 104 2091.916748 466.415039 2126.925537 528.209106 0.729465
person 106 2173.233398 493.416901 2210.851318 578.651062 0.803716
kite 68 1539.378540 783.943970 1573.076904 801.320068 0.414407
person 11 1043.756470 559.954834 1074.727051 628.089172 0.417389
person 110 868.341553 557.565735 898.420654 632.983704 0.762020
person 7 908.097717 665.866150 940.629761 757.424622 0.777457
airplane 49 1576.976929 856.585449 1646.798828 886.308411 0.915544
cup 108 1465.151489 1062.455200 1539.918091 1176.758423 0.767580
airplane 115 1579.222656 847.115112 1648.149780 916.707275 0.844843
airplane 118 1577.161987 848.085266 1622.869629 872.894409 0.864371
bicycle 122 1038.097046 587.217468 1068.613770 637.213684 0.893620
