33995312500
frisbee 38 2006.960938 1176.519409 2077.049805 1216.651855 0.312748
airplane 1 2120.564697 1249.261108 2242.761230 1298.623535 0.363703
airplane 57 2146.929199 676.739746 2263.468018 705.459351 0.401263
person 120 2052.491211 467.118500 2073.001221 497.221222 0.304090
person 121 1837.781006 467.618988 1864.871826 507.896606 0.412956
person 104 2085.848877 466.719391 2125.952637 528.333252 0.765328
person 106 2173.880859 496.051300 2211.378662 578.724365 0.819527
kite 68 1539.312988 783.925537 1573.111328 801.339539 0.418169
person 11 1044.174316 560.111084 1074.835693 628.035889 0.450418
person 7 909.932678 664.408997 943.593994 756.959900 0.778439
person 110 868.611938 557.471924 899.317871 633.140869 0.802595
airplane 111 1749.949097 800.318481 2386.042236 1304.847900 0.365401
airplane 49 1576.938477 856.600586 1646.760376 886.323547 0.913257
cup 108 1465.010498 1062.536743 1539.777100 1176.839966 0.806316
airplane 115 1579.477295 847.075745 1648.404419 916.667908 0.795265
airplane 118 1577.078613 848.002197 1622.786255 872.811340 0.817758
bicycle 122 1038.151611 587.282104 1068.668335 637.278320 0.850847
