34028320312
frisbee 38 2006.958984 1176.520996 2077.049316 1216.659546 0.294257
airplane 1 2121.226318 1249.260498 2243.213379 1298.673828 0.282461
airplane 57 2146.476318 676.681824 2263.093018 705.664307 0.407717
person 120 2052.439941 467.114990 2072.910156 497.541168 0.328466
person 121 1837.459839 467.631561 1865.052246 507.795410 0.443520
person 104 2086.711670 466.871796 2125.525146 528.278076 0.754818
person 106 2175.389893 496.609558 2213.290283 579.104187 0.809311
kite 68 1539.293335 783.918701 1573.116211 801.341064 0.435190
person 11 1044.038818 560.064209 1074.831299 628.176636 0.424241
person 110 868.759521 557.566406 899.729248 633.527344 0.777155
person 7 910.099304 663.767395 943.676086 756.852600 0.779181
airplane 111 1765.447144 786.647522 2401.540283 1291.176880 0.414336
airplane 49 1576.927002 856.603821 1646.748901 886.326782 0.916553
cup 108 1465.100830 1062.618286 1539.867432 1176.921509 0.763904
airplane 115 1579.665894 847.032104 1648.593018 916.624268 0.801784
airplane 118 1577.068359 848.054199 1622.776001 872.863342 0.833703
bicycle 122 1038.215088 587.382446 1068.731812 637.378662 0.806713
