34061328125
frisbee 38 2006.956055 1176.526611 2077.050293 1216.666016 0.287964
airplane 111 1765.647949 790.560669 2401.768066 1295.260864 0.250847
airplane 1 2121.620361 1249.258179 2243.491211 1298.705566 0.281869
airplane 57 2147.703369 676.814941 2264.396484 705.645203 0.418394
person 120 2052.495361 467.100464 2072.958740 497.523865 0.327308
person 121 1837.391357 467.632538 1865.349609 507.886200 0.439740
person 104 2084.897949 466.637329 2123.802734 527.833130 0.720319
person 106 2177.718994 496.920013 2214.171143 578.894714 0.792160
kite 68 1539.327393 783.938293 1573.118408 801.352417 0.429458
person 11 1044.455688 560.076599 1074.755127 627.854980 0.477146
person 110 868.715576 557.485840 900.122864 633.437988 0.770069
person 7 910.190674 663.492554 943.731079 757.696594 0.781045
airplane 49 1576.916870 856.607239 1646.738770 886.330200 0.917626
cup 108 1464.841187 1062.661987 1539.607788 1176.965210 0.837355
airplane 115 1579.786377 846.921875 1648.713501 916.514038 0.767312
airplane 118 1577.067383 848.046021 1622.775024 872.855164 0.855113
bicycle 122 1038.250610 587.291809 1068.767334 637.288025 0.848793
