34294335937
frisbee 38 2006.958496 1176.644043 2077.089844 1217.135620 0.446666
airplane 57 2154.072754 680.356262 2269.623535 710.553406 0.316557
airplane 49 1577.961060 856.595581 1647.682861 885.722778 0.348740
airplane 1 2120.795654 1248.815430 2242.755859 1298.689941 0.371515
person 104 2078.685303 466.281158 2105.208008 523.544922 0.294162
person 121 1845.884277 467.619354 1874.328735 508.636169 0.491296
person 106 2195.675049 495.012238 2225.391602 578.086487 0.735375
cup 108 1464.192993 1063.044800 1539.470215 1177.311401 0.590659
person 7 912.800415 667.048706 944.543457 762.277588 0.821574
person 110 871.908020 556.804993 900.773193 627.394531 0.841256
airplane 111 1720.186401 810.580261 2356.363037 1315.828247 0.331969
airplane 115 1581.190674 846.006775 1650.117798 915.598938 0.732866
person 11 1045.373047 560.066345 1074.890869 627.095703 0.602012
airplane 118 1578.317749 847.962280 1624.025391 872.771423 0.945202
kite 68 1539.093750 783.967102 1572.936523 801.395996 0.859278
bicycle 122 1038.814819 587.309875 1069.331543 637.306091 0.760620
