34394335937
frisbee 38 2006.964600 1176.640869 2077.113037 1217.154053 0.431433
airplane 111 1628.527222 819.401306 2262.914307 1305.087646 0.260631
airplane 57 2153.977295 679.664612 2269.633057 710.528015 0.301702
airplane 49 1577.977539 856.502258 1647.568726 885.690979 0.340579
airplane 1 2120.773193 1248.904785 2242.798096 1298.697510 0.389842
person 121 1850.483521 467.497925 1875.793579 509.711914 0.513139
person 104 2074.276123 466.234497 2102.007568 522.653687 0.639489
person 106 2199.967529 497.270905 2233.849609 580.724060 0.819576
cup 108 1464.149048 1063.052124 1539.461182 1177.318115 0.583883
person 7 913.840820 669.266113 945.283569 764.491028 0.810242
person 110 872.546448 554.919617 901.100037 626.879272 0.849135
airplane 115 1581.670898 845.887451 1650.598022 915.479614 0.706839
person 11 1045.336914 560.050049 1074.854736 627.079407 0.610006
airplane 118 1578.746460 847.951599 1624.454102 872.760742 0.940769
kite 68 1539.100464 783.977844 1572.943237 801.406738 0.859195
bicycle 122 1039.203491 587.166626 1069.720215 637.162842 0.828941
