34760351562
airplane 118 1578.217041 847.214294 1624.261841 872.613770 0.254930
airplane 115 1577.849854 848.272156 1646.890869 917.865662 0.281853
airplane 49 1577.747559 858.038818 1647.353638 885.991455 0.384216
airplane 1 2119.969238 1249.436401 2241.788330 1298.676025 0.453849
airplane 57 2154.011475 679.279724 2269.503906 710.438782 0.464855
person 104 2054.470215 466.164246 2081.507324 518.910095 0.604559
person 106 2218.062988 499.953094 2252.229492 584.091675 0.742466
kite 68 1539.949951 783.786011 1572.692993 801.047974 0.321162
person 11 1042.811279 559.666931 1074.687500 629.288696 0.432426
person 110 877.631531 552.656799 906.878113 626.101868 0.630551
person 7 917.326843 669.744751 950.651184 764.905396 0.736264
frisbee 38 2006.245483 1176.673950 2076.385498 1217.156982 0.990493
cup 108 1465.190552 1062.994995 1540.424316 1177.264526 0.996412
airplane 111 1562.360840 833.363342 2196.195557 1296.701172 0.384818
