34794335937
airplane 118 1578.233032 847.208496 1624.271240 872.617310 0.265499
airplane 115 1577.883911 848.207031 1646.929443 917.855286 0.289739
airplane 49 1577.779541 858.031982 1647.388794 886.009888 0.386195
airplane 57 2154.015137 679.140625 2269.516113 710.430359 0.450363
airplane 1 2119.865723 1249.390137 2241.754395 1298.682007 0.478517
person 104 2053.953857 466.085205 2080.737305 518.773499 0.627091
person 106 2220.244141 499.206268 2252.443115 583.784668 0.786762
kite 68 1539.965210 783.794189 1572.688354 801.045654 0.313939
person 11 1042.788330 559.653442 1074.697510 629.396057 0.437423
person 110 877.995361 552.324707 907.509094 625.836121 0.708991
person 7 918.960510 670.879211 952.098389 766.303223 0.717898
frisbee 38 2006.216553 1176.664551 2076.356445 1217.147583 0.991816
cup 108 1465.207642 1063.019409 1540.441406 1177.288940 0.996193
airplane 111 1567.157349 832.286316 2200.991943 1295.624023 0.420697
