34860351562
frisbee 38 2006.975830 1176.584106 2076.834473 1216.791504 0.335637
airplane 49 1577.792603 857.488892 1647.390015 885.983032 0.303638
airplane 115 1577.912964 847.873108 1646.992188 917.822998 0.350422
airplane 57 2153.560059 678.607788 2269.196777 707.945557 0.440716
airplane 1 2119.932129 1249.302246 2241.814453 1298.708984 0.571042
person 104 2049.118408 466.327545 2077.912109 519.000732 0.547324
person 106 2223.906982 498.005035 2254.022949 583.223633 0.807163
cup 108 1464.648804 1062.957031 1539.769897 1176.951904 0.267103
kite 68 1539.981201 784.475220 1572.917358 801.447327 0.303989
person 11 1045.400635 559.263489 1075.149658 628.674561 0.446497
person 110 878.781128 552.409363 908.530701 624.418701 0.620321
person 7 920.485352 672.404785 953.492798 771.271484 0.770826
skis 123 1461.148560 547.341370 1582.046875 587.352051 0.983518
airplane 111 1558.803711 832.643127 2192.638428 1295.980957 0.388196
airplane 118 1578.597290 847.400635 1624.635498 872.809448 0.838976
