35227343750
frisbee 38 2007.021606 1176.617188 2077.157471 1216.653320 0.502393
airplane 111 1764.837036 808.157104 2400.268066 1293.284668 0.259833
airplane 49 1577.810425 857.509766 1646.982056 886.092896 0.279665
airplane 57 2153.433594 679.109070 2269.487305 709.470947 0.375581
airplane 1 2120.140137 1248.913452 2242.383057 1298.700195 0.395375
person 104 2029.637451 466.767609 2059.006836 515.580383 0.711349
person 106 2233.861084 503.882477 2276.400391 587.047607 0.780964
kite 68 1540.313354 784.128418 1572.716797 801.195801 0.404249
person 11 1047.601440 559.312012 1074.897095 628.397034 0.328021
person 110 880.271362 550.806396 911.482605 620.974854 0.585229
person 7 924.293030 673.456787 957.111023 779.060059 0.824788
skis 123 1460.735962 547.282410 1580.999878 587.710876 0.898600
cup 108 1465.044556 1062.328369 1540.118042 1176.218872 0.816867
airplane 115 1577.976562 847.813049 1647.073608 917.955811 0.876895
airplane 118 1578.716553 847.622864 1624.754761 873.031677 0.817703
