35426302083
frisbee 38 2006.961426 1176.619629 2077.210205 1216.655884 0.488112
airplane 49 1577.851929 857.513672 1646.905884 886.097046 0.276103
airplane 57 2153.279541 679.477783 2269.450928 710.289917 0.390720
airplane 1 2120.147217 1248.944214 2242.459473 1298.726685 0.413778
person 104 2020.935425 466.649445 2049.238281 515.072144 0.565530
person 106 2252.592285 502.489929 2281.940186 587.671997 0.799254
kite 68 1540.476685 784.068665 1572.657104 801.198364 0.405269
skis 123 1461.536743 547.208313 1581.461182 587.206665 0.253002
person 11 1046.848999 559.363525 1074.907959 628.952820 0.361262
person 110 879.434082 550.292786 910.029297 620.010071 0.631268
person 7 924.012512 680.630554 956.604675 781.374695 0.764544
airplane 111 1807.720825 811.184448 2443.248047 1298.580078 0.484695
cup 108 1464.931030 1062.590820 1540.004517 1176.481323 0.821435
airplane 115 1577.980103 847.866760 1647.077148 918.009521 0.883927
airplane 118 1578.546631 847.903503 1624.584839 873.312317 0.807042
