35560351562
airplane 111 1757.866455 806.775635 2422.129639 1123.700928 0.302911
airplane 57 2153.514160 678.685913 2269.904785 710.601379 0.493261
airplane 1 2120.783447 1249.168457 2242.622559 1298.683716 0.495888
person 104 2011.617554 466.966827 2048.048340 514.864258 0.458592
person 106 2259.842529 504.314148 2290.977783 588.193054 0.832364
cup 108 1464.546631 1063.069458 1539.236084 1176.830200 0.284917
kite 68 1539.733643 784.321045 1572.642090 801.396729 0.405605
person 11 1044.794678 559.538452 1075.334106 629.205383 0.250916
person 7 923.836609 681.088379 956.798523 783.452271 0.806922
person 110 879.298096 550.778809 909.742615 618.658569 0.823447
airplane 49 1577.621094 857.383423 1646.670776 885.945862 0.861483
airplane 115 1578.245239 847.831421 1647.342285 917.974182 0.896002
airplane 118 1578.517212 847.824768 1624.555420 873.233582 0.906986
frisbee 38 2006.663208 1176.843506 2076.909424 1216.878662 0.981926
