35626302083
airplane 111 1745.772827 807.408386 2413.720215 1102.797729 0.307447
airplane 57 2153.522461 678.573486 2269.999268 710.569946 0.476132
airplane 1 2120.848633 1249.222168 2242.626465 1298.682373 0.498140
person 104 2011.179688 466.857025 2044.438232 513.540833 0.553718
person 106 2262.124756 505.548279 2294.312500 589.956787 0.822320
cup 108 1464.592896 1063.162476 1539.204468 1176.908569 0.300782
kite 68 1539.633301 784.360229 1572.682007 801.429504 0.404217
person 7 923.287415 680.903137 956.806396 783.038086 0.776100
person 110 879.539490 550.293823 909.984009 618.173584 0.852025
airplane 49 1577.573364 857.393860 1646.623047 885.956299 0.841269
airplane 115 1578.279175 847.809570 1647.376221 917.952332 0.910252
airplane 118 1578.509644 847.820312 1624.547852 873.229126 0.909821
person 11 1044.684570 559.751892 1075.223999 629.418823 0.653350
frisbee 38 2006.537598 1176.957275 2076.783691 1216.992432 0.993565
