3429361979
airplane 2 2153.362061 679.405090 2268.950928 709.505676 0.392715
airplane 1 2121.232422 1249.778320 2242.307861 1298.678467 0.490168
person 4 2198.675781 482.786041 2227.008301 547.743896 0.534447
kite 14 1540.198730 784.986450 1573.108643 801.060608 0.443265
motorcycle 16 1042.624634 577.208801 1073.082397 631.710144 0.618750
person 25 851.164246 563.910950 873.292419 610.170898 0.323678
airplane 9 1577.886841 850.118286 1647.124634 889.930054 0.708750
person 5 2013.179932 467.015472 2046.365356 522.586426 0.633314
skis 15 1466.408081 547.668823 1580.776611 593.458313 0.757987
bus 24 771.967468 603.552368 1056.703247 918.070862 0.542598
person 11 1043.734497 554.723083 1073.822266 589.675781 0.378485
airplane 20 2170.488037 524.244934 2406.598389 619.034912 0.642412
motorcycle 10 1297.825439 573.002869 1363.841309 677.909790 0.351924
person 7 853.346497 568.077332 872.309814 636.576111 0.490629
traffic light 18 765.557922 567.134949 805.722595 600.695496 0.644862
