36192317708
airplane 57 2153.941895 679.768982 2269.377441 710.313660 0.284131
airplane 1 2120.797852 1249.336670 2242.807617 1298.712769 0.388456
person 106 2285.942139 511.026215 2320.171631 597.319885 0.814719
cup 108 1464.177979 1063.164307 1539.457764 1177.114258 0.264553
person 11 1043.124268 559.857910 1075.128296 626.601501 0.408291
person 110 880.226501 547.355591 908.714355 613.837219 0.730815
person 7 923.616882 687.622070 957.064209 795.196655 0.811297
handbag 124 934.366394 704.370300 959.366150 750.093750 0.953182
airplane 49 1577.954346 855.851562 1647.743530 886.103699 0.942422
frisbee 38 2006.609131 1177.050171 2076.855225 1217.085327 0.950185
kite 68 1539.414185 784.396240 1572.538330 801.465088 0.933524
airplane 115 1578.338379 847.580627 1647.576416 917.479126 0.903469
