3462304687
airplane 2 2153.410645 679.351685 2269.187988 709.560791 0.367354
airplane 1 2121.224365 1249.765381 2242.299072 1298.682739 0.500732
person 4 2193.471924 482.935944 2224.309570 549.223083 0.747340
kite 14 1540.200317 784.991333 1573.114258 801.061523 0.444356
motorcycle 16 1043.421387 578.046936 1071.743408 631.638428 0.332025
person 25 851.381531 564.283997 873.493408 610.967957 0.362217
airplane 9 1577.637695 850.226074 1646.875488 890.037842 0.730443
person 5 2011.890747 466.816986 2045.076172 522.387939 0.700429
skis 15 1466.306274 547.690918 1580.674805 593.480408 0.765609
bus 24 777.169556 605.610840 1061.905273 920.129395 0.591329
person 11 1045.572266 554.930664 1075.660034 589.883362 0.447995
airplane 20 2170.064453 524.805603 2406.174805 619.595581 0.649119
motorcycle 10 1288.733887 576.761963 1354.749756 681.668945 0.447940
person 7 854.491455 568.828308 873.454773 637.327087 0.490854
traffic light 18 765.524109 567.136414 805.688782 600.696960 0.648355
