36625325520
airplane 57 2153.419922 677.578430 2269.353027 710.352051 0.491187
airplane 1 2119.906250 1249.457642 2242.246582 1298.714722 0.555111
person 106 2301.614746 516.490784 2331.174316 600.641357 0.520779
person 11 1043.789673 560.066528 1075.713257 636.101379 0.300911
person 126 923.114319 547.306946 944.963745 604.217773 0.314758
person 110 873.711975 548.219666 905.164001 611.479065 0.676814
person 7 922.087036 697.898560 955.846130 806.924988 0.805038
person 125 1920.508057 466.386078 1957.191406 520.938171 0.500780
airplane 49 1577.364868 856.377441 1647.154053 886.629578 0.913897
frisbee 38 2006.805542 1177.012573 2077.051758 1217.047729 0.988030
kite 68 1539.511841 784.473877 1572.635986 801.542725 0.927939
handbag 124 938.100342 714.759766 957.991150 762.086914 0.449231
cup 108 1464.320312 1062.942505 1539.839233 1176.942383 0.838425
airplane 115 1577.848267 847.671448 1647.086304 917.569946 0.901178
