36891341145
frisbee 38 2007.066895 1176.778687 2076.943359 1216.849609 0.316983
airplane 49 1577.728638 857.763733 1647.286743 886.121033 0.264721
airplane 57 2153.811035 680.048584 2269.696777 709.306519 0.369144
airplane 1 2121.045898 1248.645630 2242.770508 1298.628174 0.559830
person 106 2314.741211 519.635742 2353.666260 607.794312 0.853547
person 110 873.456604 547.795837 902.378723 608.731812 0.711022
person 7 920.516602 700.636902 957.026123 809.011292 0.812254
person 125 1934.454834 467.444336 1959.374023 523.183472 0.546819
kite 68 1539.447754 784.504211 1572.576050 801.509155 0.970012
handbag 124 931.912903 716.140259 951.803711 763.467407 0.465945
cup 108 1464.388916 1063.327393 1539.907837 1177.327271 0.919849
airplane 115 1577.647461 847.849548 1646.885498 917.748047 0.935743
person 11 1044.272095 559.400940 1076.198486 635.984253 0.809941
person 126 923.302185 546.936035 945.184753 603.701111 0.822002
