37124348958
frisbee 38 2007.099365 1176.774780 2076.904053 1216.841797 0.313341
airplane 49 1577.818604 857.983337 1647.324829 885.934692 0.264530
airplane 57 2153.556396 680.307190 2269.638428 709.423584 0.346024
airplane 1 2120.912354 1248.500366 2242.667969 1298.698975 0.551505
person 125 1936.999512 467.221832 1968.147705 523.679688 0.594745
person 106 2325.245117 517.189331 2355.901367 609.984863 0.780057
kite 68 1539.786255 784.538940 1572.916748 801.471130 0.258153
handbag 124 937.123962 725.164124 959.243225 767.675720 0.264005
person 110 873.270813 547.756409 902.200867 607.404663 0.722528
person 7 923.768982 704.902466 959.619385 808.017273 0.745590
cup 108 1464.762329 1063.306030 1540.281250 1177.305908 0.908938
airplane 115 1575.810547 848.803284 1645.048584 918.701782 0.805076
person 11 1045.036133 557.746277 1076.962524 634.329590 0.648183
person 126 923.591370 545.862488 945.473938 602.627563 0.733115
