37258333333
airplane 1 2122.314941 1248.573120 2243.090820 1298.764404 0.316066
airplane 57 2153.732178 679.947327 2269.769043 709.836975 0.411842
person 125 1945.460327 467.572662 1971.053833 524.853455 0.359378
person 106 2329.186279 520.301147 2362.024170 611.312317 0.830396
kite 68 1539.704712 784.293091 1572.988037 801.383972 0.332641
person 110 871.758911 547.222717 900.672180 607.992615 0.762285
person 7 924.637695 704.229126 959.844360 812.313049 0.765226
person 127 1932.514282 467.113892 1951.947021 503.437592 1.000000
frisbee 38 2007.172119 1177.033691 2076.976807 1217.100708 0.925931
cup 108 1464.748291 1063.074585 1540.267212 1177.074463 0.950757
airplane 115 1574.518677 850.189270 1643.756714 920.087769 0.767811
person 11 1044.807983 557.785828 1076.734375 634.369141 0.690205
person 126 923.170715 545.857300 945.053284 602.622375 0.723525
handbag 124 941.339783 728.539917 963.459045 771.051514 0.287689
