3562304687
airplane 9 1577.970947 848.562988 1647.038696 888.073059 0.347626
airplane 1 2121.013672 1249.998535 2242.761719 1298.675049 0.538644
airplane 2 2153.524170 679.122925 2269.069336 710.063904 0.614951
person 4 2187.036865 483.122406 2221.750488 550.980347 0.608176
person 5 2004.073853 466.402527 2035.178711 521.150757 0.612960
kite 14 1540.027466 784.617371 1573.051514 801.208496 0.286055
skis 15 1462.944092 547.264954 1577.646606 592.068665 0.270875
person 25 853.128052 567.616333 873.688049 615.738586 0.505732
bus 24 795.061340 607.344482 1079.797119 921.863037 0.583301
person 11 1046.438354 554.006226 1076.526123 588.958923 0.462767
airplane 20 2167.422119 526.713806 2403.532471 621.503784 0.541981
motorcycle 10 1292.161743 573.761719 1358.177612 678.668640 0.359588
person 7 857.630798 570.423645 876.594116 638.922424 0.554897
traffic light 18 765.383606 566.964722 805.548279 600.525269 0.622520
