37557356770
frisbee 38 2007.222412 1176.672241 2076.994629 1217.209595 0.411731
airplane 1 2122.113525 1249.591309 2242.830322 1298.809814 0.294473
airplane 57 2153.906494 680.222778 2269.120850 709.343689 0.467041
person 127 1920.726685 466.792999 1941.792114 502.727173 0.313300
person 125 1954.218018 466.984711 1977.393799 526.192383 0.537849
person 106 2339.938965 525.183289 2378.681885 615.703491 0.791708
kite 68 1540.079346 784.383850 1572.879028 801.166016 0.250265
person 110 869.963806 546.931885 896.593750 605.513916 0.707473
person 7 925.021301 711.983887 961.223572 822.011963 0.824250
cup 108 1464.650024 1063.565063 1540.168945 1177.564941 0.861480
airplane 115 1574.984253 851.540222 1644.222290 921.438721 0.739954
person 11 1045.485229 558.371826 1077.411621 634.955139 0.658013
person 126 923.613220 545.906189 945.495789 602.671265 0.742381
handbag 124 936.158264 733.890991 958.277527 776.402588 0.571032
