37657356770
frisbee 38 2007.165771 1176.632935 2076.941406 1217.260986 0.388758
airplane 1 2122.048340 1249.818726 2242.752441 1298.814087 0.289760
airplane 57 2153.807617 680.299377 2269.096436 709.466919 0.489046
person 127 1918.686890 466.241821 1938.374634 502.004944 0.297591
person 125 1954.737671 467.016510 1976.668457 526.281494 0.564711
person 106 2350.051270 524.086609 2383.365967 614.443481 0.693019
kite 68 1540.166138 784.414978 1572.847656 801.121277 0.252441
person 110 871.519348 546.986389 896.482971 604.462891 0.678746
person 7 926.004211 712.688171 961.476868 823.772095 0.827394
cup 108 1464.972778 1063.728149 1540.491699 1177.728027 0.827868
airplane 115 1575.093262 851.549072 1644.331299 921.447571 0.732077
person 11 1045.603149 558.640137 1077.529541 635.223450 0.638301
person 126 923.730347 545.931580 945.612915 602.696655 0.756079
handbag 124 935.753540 734.128784 957.872803 776.640381 0.572577
