37790364583
frisbee 38 2007.147705 1176.620117 2076.919678 1217.271484 0.405749
airplane 1 2122.031006 1249.866943 2242.737305 1298.807617 0.291686
airplane 57 2153.931152 680.230408 2269.295410 709.582947 0.535517
person 106 2358.821289 524.174927 2393.302734 616.636108 0.747593
cup 108 1464.445190 1063.501099 1539.624512 1177.251587 0.251445
person 110 871.587585 547.044189 896.487488 603.428772 0.687569
person 7 927.223389 712.580994 964.088379 824.307800 0.817421
airplane 115 1575.147705 851.549744 1644.385742 921.448242 0.732565
person 11 1045.647461 558.969421 1077.573853 635.552734 0.682163
person 126 923.791870 545.973145 945.674438 602.738220 0.780663
kite 68 1540.072388 784.487549 1572.739868 801.184937 0.933623
handbag 124 936.890137 733.417847 959.009399 775.929443 0.433876
