38023307291
airplane 1 2120.152832 1249.005615 2242.032715 1298.648193 0.328367
airplane 57 2153.755371 679.318970 2270.182129 708.868347 0.377102
airplane 115 1578.238281 847.618774 1647.482422 917.677124 0.401697
person 106 2365.490479 528.105835 2406.545654 622.145874 0.679809
kite 68 1540.023438 784.200378 1572.681519 801.324158 0.294236
person 126 922.599121 547.177002 948.551697 604.130737 0.268289
person 11 1043.589966 559.897156 1074.948730 630.543701 0.394503
person 110 871.465698 546.945068 899.622437 603.000977 0.679622
person 7 929.912537 721.607605 966.481995 830.790039 0.706001
frisbee 38 2006.680542 1176.924683 2076.452393 1217.576050 0.919934
handbag 124 944.302063 736.928650 966.421326 779.440247 0.607762
cup 108 1464.965210 1063.303101 1540.144531 1177.053589 0.925101
