38057356770
airplane 1 2120.056152 1248.982910 2242.005859 1298.645630 0.327241
airplane 57 2153.737305 679.376953 2270.251953 708.880371 0.374336
airplane 115 1578.261108 847.608765 1647.504639 917.667053 0.401406
person 106 2367.575439 529.660522 2408.422363 622.869507 0.714477
kite 68 1540.021606 784.198730 1572.679932 801.328369 0.293483
person 126 922.583557 547.199097 948.538208 604.086670 0.266783
person 11 1043.271484 559.969421 1074.990601 630.496948 0.368116
person 110 871.557678 547.026428 899.600464 603.164917 0.693150
person 7 930.566467 722.506409 966.971863 834.019714 0.710172
frisbee 38 2006.634033 1176.932495 2076.406006 1217.583862 0.918691
handbag 124 945.376526 738.670776 967.495789 781.182373 0.534235
cup 108 1464.966553 1063.242432 1540.145874 1176.992920 0.916761
