38523307291
frisbee 38 2007.172852 1176.690796 2077.054443 1216.721558 0.298311
airplane 115 1578.043945 847.761292 1647.505249 917.452271 0.252105
airplane 57 2154.106201 680.242432 2269.788086 708.954468 0.389955
airplane 1 2119.780273 1249.645142 2241.962158 1298.711792 0.440425
person 110 871.670532 547.114136 896.888367 598.902588 0.709725
person 7 933.271851 731.012390 971.492554 844.571411 0.834388
airplane 128 1578.145508 848.052856 1623.853149 873.087341 1.000000
skis 129 1462.076050 547.130737 1582.445190 585.733459 1.003430
person 126 922.434082 546.918213 945.509460 602.634583 0.846799
handbag 124 950.503113 747.986816 972.610779 796.975281 0.449073
person 11 1043.530151 560.817444 1075.569580 631.252502 0.840390
cup 108 1464.660645 1063.144287 1539.839966 1176.894775 0.683625
kite 68 1539.915405 784.383301 1572.573242 801.514832 0.948350
