38590364583
frisbee 38 2007.169678 1176.753906 2077.054932 1216.652954 0.307217
airplane 115 1578.027100 847.763672 1647.401733 917.403870 0.253910
airplane 128 1578.165039 848.058167 1623.874268 873.091003 0.258109
airplane 57 2154.115967 679.985901 2269.883789 709.142883 0.385642
airplane 1 2119.816650 1249.740356 2242.046631 1298.701172 0.429011
skis 129 1462.076904 547.136719 1582.422241 585.768005 0.283469
person 126 922.958862 546.954773 944.399597 602.076294 0.251051
person 110 870.776306 546.961304 896.755310 598.526123 0.706034
person 7 933.416321 733.265442 971.931519 844.567932 0.825388
handbag 124 950.023987 750.774719 972.131653 799.763184 0.378714
person 11 1043.526978 560.788086 1075.566406 631.223145 0.830377
cup 108 1464.621094 1062.656372 1539.800415 1176.406860 0.618578
kite 68 1539.993286 784.358032 1572.651123 801.489563 0.926433
