38689322916
frisbee 38 2007.167358 1176.787842 2077.061279 1216.619995 0.290143
airplane 115 1578.026001 847.819580 1647.359131 917.434021 0.253678
airplane 128 1578.175415 848.053040 1623.883667 873.085205 0.258542
airplane 57 2154.047363 679.874084 2269.915039 709.226624 0.389899
airplane 1 2119.876221 1249.777100 2242.088867 1298.684326 0.439517
skis 129 1462.091064 547.169556 1582.461304 585.781067 0.288578
handbag 124 952.562866 750.800354 973.859375 801.204041 0.398575
person 11 1043.102661 559.874817 1075.382935 629.951050 0.322228
person 110 870.734619 546.968445 896.339294 597.535706 0.668300
person 7 933.916199 733.712891 972.580750 842.472534 0.802531
cup 108 1464.785767 1062.756592 1539.965088 1176.507080 0.619139
kite 68 1539.999268 784.345276 1572.657104 801.476807 0.927311
person 126 923.454956 546.657593 944.895691 601.779114 0.885062
