38922330729
airplane 57 2153.676025 679.148987 2269.250488 709.410461 0.284987
airplane 130 2186.862061 522.877808 2406.097168 618.803711 0.358469
airplane 1 2119.282715 1248.545410 2242.145020 1298.671021 0.533827
kite 68 1540.101074 784.477844 1572.654541 801.193909 0.264610
bicycle 131 1038.034912 586.629517 1068.718506 639.922424 0.346298
person 11 1044.128906 559.765686 1075.347290 628.939819 0.336489
person 110 870.970215 547.204773 897.310669 596.422058 0.608110
person 7 935.439026 735.991821 975.773193 854.733948 0.628057
handbag 124 949.041504 751.521118 973.642578 801.264221 0.580815
frisbee 38 2006.947998 1177.083252 2076.845947 1216.897583 0.951503
skis 129 1463.880981 547.558472 1584.275879 586.232300 0.886849
airplane 115 1577.787109 847.935059 1647.109741 917.541077 0.933316
person 126 923.907043 546.318054 945.347778 601.439575 0.830686
airplane 128 1578.455078 848.241577 1624.161255 873.275696 0.870965
