39422330729
frisbee 38 2007.117065 1176.837891 2077.361572 1216.976685 0.607869
airplane 133 1870.639771 815.130310 2389.029297 1072.600098 0.291309
airplane 1 2119.659424 1249.123291 2242.590820 1298.750122 0.445221
person 132 2014.156738 468.465546 2043.186279 544.377808 0.545398
skis 129 1459.502686 547.190918 1581.938599 588.871582 0.268301
handbag 124 958.123596 764.762268 979.850159 815.957214 0.311114
person 110 874.996399 547.447510 900.838440 592.114868 0.452383
person 7 938.571167 746.774048 979.317932 870.403809 0.760672
airplane 115 1577.471924 858.244873 1646.837524 898.585449 0.721376
kite 68 1539.881348 784.498169 1572.422607 801.160095 0.969512
person 11 1043.438110 559.140381 1075.680420 631.098083 0.783916
airplane 128 1578.258301 848.456848 1623.964478 873.490967 0.919338
