39555338541
frisbee 38 2007.064941 1176.672729 2076.999512 1216.676025 0.562454
airplane 134 1578.250977 847.863159 1647.438843 915.072571 0.274129
airplane 115 1577.885864 857.519104 1647.455200 888.367554 0.307126
airplane 1 2120.355713 1249.101929 2242.356201 1298.688477 0.481003
person 132 2020.551270 468.378204 2054.458984 546.660706 0.433634
kite 68 1540.198120 784.087463 1572.448730 801.223450 0.261601
skis 129 1459.054199 547.401611 1579.588623 592.379150 0.281932
person 110 874.286255 547.483337 897.906982 591.159180 0.706322
person 7 940.708191 752.697937 979.920715 874.528809 0.790428
airplane 133 1898.485596 821.095032 2396.785156 1075.431885 0.439721
person 11 1043.652100 558.910339 1075.894409 630.868042 0.729587
handbag 124 956.737061 768.778564 979.131897 818.770996 0.511093
airplane 128 1577.932251 848.257812 1623.638428 873.291931 0.916885
