39688346354
frisbee 38 2007.060913 1176.662964 2076.914795 1216.634399 0.559306
airplane 134 1578.102539 847.855652 1647.295044 915.287903 0.275748
airplane 115 1577.994019 857.613525 1647.604370 886.583679 0.306528
airplane 1 2120.474609 1249.126465 2242.229980 1298.697388 0.479841
car 135 2281.937744 706.159180 2404.495605 845.250732 0.531082
person 132 2024.193359 468.447144 2055.740723 547.815002 0.594283
kite 68 1540.285400 784.007629 1572.477905 801.240723 0.256706
skis 129 1459.241577 547.399414 1579.220825 593.095642 0.290454
person 110 874.076599 547.138916 897.614746 589.783752 0.671360
person 7 939.375122 754.160706 979.109070 872.690063 0.774206
airplane 133 1936.771729 813.742554 2407.478760 1067.311890 0.357436
person 11 1043.827271 558.714966 1076.069580 630.672668 0.722709
handbag 124 957.156738 772.958191 979.551575 822.950623 0.532433
airplane 128 1577.979248 848.192139 1623.685425 873.226257 0.936125
