39788346354
frisbee 38 2007.060669 1176.662476 2076.905762 1216.628052 0.559654
airplane 134 1578.108643 847.861450 1647.300537 915.308289 0.277396
airplane 115 1578.240112 857.548950 1647.854858 886.273560 0.308877
airplane 1 2120.469482 1249.143311 2242.182617 1298.699463 0.472201
car 135 2243.208008 694.975464 2396.604736 847.032776 0.699652
person 132 2030.837402 467.763184 2059.871338 547.284058 0.556165
kite 68 1540.308105 783.989441 1572.492554 801.235229 0.258274
skis 129 1459.003540 547.347839 1578.808838 593.202576 0.283120
person 110 874.431274 547.143616 897.820068 588.983887 0.596822
person 7 938.812866 754.538208 979.759399 874.232727 0.805172
person 11 1044.168213 558.670715 1076.410522 630.628418 0.671678
airplane 133 1968.096191 810.485291 2420.550293 1066.934204 0.392538
handbag 124 957.177856 773.418274 979.572693 823.410706 0.534254
airplane 128 1577.860107 848.204956 1623.566284 873.239075 0.914198
