40021354166
airplane 1 2119.375732 1249.147705 2241.876953 1298.692139 0.377360
person 132 2033.645752 469.427460 2077.763916 551.416382 0.799870
person 11 1042.280762 559.316223 1074.876221 632.593872 0.388060
person 7 938.301575 758.288330 982.381165 881.543457 0.736722
car 135 2196.246826 669.099426 2393.803467 865.402893 0.418621
person 110 876.284363 547.479980 900.427307 588.955994 0.903212
frisbee 38 2006.533569 1176.972046 2076.378662 1216.937622 0.951499
skis 129 1461.555054 547.606628 1581.360352 593.461365 0.832339
handbag 124 956.540710 777.447205 978.935547 827.439636 0.266789
airplane 115 1579.110962 857.678162 1648.725708 886.402771 0.854851
airplane 128 1577.917603 848.439148 1623.623779 873.473267 0.900128
airplane 134 1579.082764 846.999817 1648.274658 914.446655 1.004610
kite 68 1540.226318 784.194336 1572.410767 801.440125 0.944254
