40154361979
frisbee 38 2006.873535 1176.800293 2076.850342 1216.991821 0.349725
airplane 1 2119.899658 1248.941650 2242.321289 1298.697632 0.581758
car 135 2151.257080 655.804565 2399.342529 862.097046 0.666409
person 132 2039.746704 470.914276 2080.632080 552.268005 0.543090
skis 129 1461.516479 547.210754 1580.961182 591.908020 0.288064
person 11 1041.839111 559.257263 1074.968994 633.043335 0.255449
person 7 941.610229 764.742615 987.012146 886.653564 0.737176
handbag 124 960.610107 784.982605 983.004944 834.975037 0.479434
person 110 876.628723 547.166870 901.762634 587.054504 0.935083
airplane 115 1579.319458 857.616882 1648.934204 886.341492 0.861249
airplane 128 1577.846191 848.481689 1623.552368 873.515808 0.924028
airplane 134 1580.218506 846.137207 1649.410400 913.584045 0.913962
kite 68 1540.055054 784.152283 1572.239502 801.398071 0.851848
