40221354166
frisbee 38 2007.012207 1176.716064 2077.079590 1217.072266 0.348412
airplane 1 2120.318604 1248.781372 2242.638428 1298.736938 0.577386
car 135 2138.738525 649.922363 2396.736328 854.642639 0.586280
person 132 2047.151855 470.400879 2082.934082 552.204346 0.625832
skis 129 1461.581665 546.994873 1580.485718 590.936584 0.273455
person 11 1041.428223 559.159363 1075.078491 633.477661 0.257095
person 7 943.132874 766.624146 988.398560 888.671753 0.732366
handbag 124 963.199036 787.402771 985.593872 837.395203 0.458050
person 110 877.005127 547.352112 902.139038 587.239746 0.954184
airplane 115 1579.302124 857.612793 1648.916870 886.337402 0.874991
airplane 128 1577.761108 848.514832 1623.467285 873.548950 0.945760
airplane 134 1580.394409 845.916626 1649.586304 913.363464 0.783938
kite 68 1539.999268 784.087463 1572.183716 801.333252 0.838011
