40487304687
frisbee 38 2007.103271 1176.754517 2077.170410 1216.993896 0.316142
truck 136 2068.089844 624.582520 2406.158203 815.372437 0.823715
airplane 128 1577.962769 848.244324 1623.702881 873.155701 0.265177
airplane 115 1578.589111 857.830872 1648.203735 885.984436 0.293926
airplane 1 2120.868164 1248.858643 2242.641357 1298.764404 0.517711
person 132 2062.083496 477.734955 2097.247803 556.633545 0.740181
handbag 124 957.456177 788.367371 987.631165 844.785950 0.336538
person 11 1041.533813 558.970276 1075.223999 631.920776 0.450108
person 7 946.631592 770.514404 989.380493 898.549438 0.830733
car 135 2048.635986 639.593689 2347.213623 839.891296 0.411001
airplane 134 1580.704346 845.612122 1649.896240 913.058960 0.819423
person 110 877.271301 547.003540 900.600342 584.672607 0.838583
skis 129 1461.107788 546.984131 1579.700806 590.599731 0.760590
kite 68 1540.050415 784.017883 1572.234863 801.263672 0.822859
