41220312500
frisbee 38 2007.014648 1176.796265 2076.947266 1216.846069 0.290339
truck 136 1879.906616 566.376038 2182.694824 728.948730 0.439889
airplane 115 1577.940430 858.029358 1648.085571 885.614075 0.261440
airplane 128 1578.146484 848.086853 1624.154785 872.569702 0.319204
airplane 1 2121.243408 1248.802002 2243.243652 1298.702637 0.530101
car 135 1874.313232 567.007263 2176.232910 728.504761 0.586323
person 132 2095.601562 484.006042 2132.828125 559.952148 0.784483
skis 129 1458.580444 546.929382 1580.906494 587.613403 0.280308
handbag 124 972.272400 814.367371 1000.484741 869.196838 0.336290
person 110 879.940552 547.153076 899.660461 579.012512 0.293990
person 7 953.267395 796.081116 997.637146 930.261658 0.768074
person 11 1042.056152 558.812134 1075.636475 632.448608 0.897708
airplane 134 1580.603271 845.840332 1649.833984 914.154480 0.879723
kite 68 1540.339233 784.186096 1572.523682 801.431885 0.838888
