41320312500
airplane 115 1577.887451 858.010010 1648.096191 885.553833 0.254451
airplane 128 1578.101196 848.073364 1624.168579 872.514893 0.310337
airplane 1 2121.537842 1248.880859 2243.412109 1298.675659 0.538359
car 135 1855.292725 559.414062 2146.481934 715.457886 0.798286
person 132 2102.874512 482.358276 2136.532715 559.788879 0.744980
skis 129 1458.605225 547.120483 1581.808350 587.247925 0.280771
handbag 124 977.689087 813.465881 1004.514160 868.713928 0.256111
person 11 1042.943237 558.954834 1074.854492 631.215637 0.261670
person 110 880.728699 547.172058 900.593994 578.914917 0.295047
person 7 955.083557 795.801636 997.750977 930.729736 0.783725
airplane 138 2202.407227 522.784912 2405.727051 619.053650 0.997802
truck 136 1855.757568 559.984863 2158.545898 722.557556 0.640191
airplane 134 1580.811157 845.639771 1650.041870 913.953918 0.827720
frisbee 38 2006.858643 1176.973633 2076.816650 1216.994995 0.949650
kite 68 1540.419800 784.184692 1572.604248 801.430481 0.855045
