41453320312
airplane 115 1577.912354 858.054626 1648.144165 885.529846 0.263349
airplane 139 2152.752930 678.289673 2269.457764 703.939514 0.296935
airplane 128 1578.081787 848.095337 1624.148315 872.517151 0.322678
airplane 138 2200.756836 522.809082 2405.802734 619.356384 0.351339
airplane 1 2121.672852 1248.923828 2243.437744 1298.689453 0.544360
car 135 1819.766602 549.628174 2105.849365 701.922241 0.654948
person 132 2111.285400 479.608002 2141.731934 558.387634 0.717386
skis 129 1458.501343 547.213257 1582.026367 587.257446 0.276943
person 110 881.320801 547.183289 900.215759 578.355774 0.256442
person 7 955.909668 798.544189 999.019470 935.455688 0.816198
airplane 134 1580.834595 845.370178 1650.065308 913.684326 0.802024
frisbee 38 2006.923828 1177.188721 2076.881836 1217.210083 0.931041
truck 136 1815.446533 550.864502 2111.875977 708.500122 0.646341
kite 68 1540.465332 784.172485 1572.649780 801.418274 0.852721
handbag 124 979.180176 816.192993 1004.915833 871.616699 0.390172
person 11 1042.906006 558.957520 1074.817261 631.218323 0.881026
