41486328125
frisbee 38 2007.000122 1176.953125 2077.025391 1216.879883 0.438567
truck 136 1810.840698 545.507141 2096.989990 701.525635 0.541261
airplane 138 2197.535400 522.470093 2406.583496 618.209534 0.304397
airplane 115 1577.945923 856.982178 1648.098145 885.536865 0.325017
airplane 134 1579.429932 846.784180 1648.690430 915.827515 0.398864
airplane 139 2152.281006 681.086975 2268.820801 709.058960 0.483685
airplane 1 2121.548584 1249.057495 2243.101562 1298.686401 0.494416
car 135 1814.640625 545.860168 2095.642578 698.511658 0.509096
person 132 2113.774902 481.535034 2146.902588 560.643799 0.732926
kite 68 1540.383301 784.021057 1572.585693 801.298523 0.325506
person 7 956.539551 800.509338 1000.300537 936.991821 0.822049
person 110 881.269348 547.238281 900.164307 578.410767 0.943148
airplane 128 1578.169922 848.142639 1624.236450 872.564453 0.881883
skis 129 1458.280273 547.202698 1581.805298 587.246887 0.653883
handbag 124 979.929199 816.945740 1005.664856 872.369446 0.396805
person 11 1042.886230 559.004272 1074.797485 631.265076 0.834508
