41753320312
frisbee 38 2006.973389 1176.766235 2077.063965 1216.638184 0.460506
truck 136 1754.146729 528.073364 2012.870239 671.786987 0.751766
airplane 138 2199.894775 522.648865 2409.335449 617.459473 0.288220
airplane 115 1578.163574 855.632446 1648.189697 885.818604 0.333809
airplane 134 1577.548950 847.972656 1646.828369 917.846313 0.424160
airplane 1 2121.524658 1249.260620 2242.734375 1298.676392 0.485459
airplane 139 2152.769043 679.551086 2269.067139 710.758301 0.503523
person 132 2123.854492 485.415894 2155.530029 561.548462 0.797288
kite 68 1540.336182 783.918945 1572.546875 801.225037 0.342998
person 110 881.391968 547.018494 897.672302 575.911072 0.334074
person 7 959.082520 813.663147 1004.937988 951.387085 0.776565
car 135 1745.804443 531.105042 2011.159912 678.479553 0.471603
airplane 128 1578.389282 848.387817 1624.455811 872.809631 0.890732
skis 129 1454.067139 547.085388 1577.592163 587.129578 0.609173
handbag 124 982.188171 827.686340 1007.923828 883.110046 0.451080
person 11 1042.628540 559.322205 1074.539795 631.583008 0.927891
