41786328125
frisbee 38 2006.968140 1176.767822 2077.065674 1216.635498 0.454137
truck 136 1746.835205 526.974976 2002.839478 668.383118 0.484400
airplane 138 2200.113770 522.717529 2409.164307 617.692017 0.281963
airplane 115 1578.150513 855.571533 1648.179199 885.821777 0.331402
airplane 134 1577.599365 847.968384 1646.881592 917.850769 0.419533
airplane 1 2121.518066 1249.215942 2242.764648 1298.673218 0.473901
airplane 139 2152.847412 679.358643 2269.086182 710.682800 0.533703
car 135 1743.068359 528.395020 2002.107788 671.491150 0.533217
person 132 2124.820557 485.120331 2156.496338 561.330383 0.811881
kite 68 1540.327759 783.921570 1572.538696 801.228394 0.343847
person 110 881.370850 546.984802 897.819702 575.385925 0.259217
person 7 958.929199 813.241455 1004.662659 951.238037 0.803367
airplane 128 1578.335693 848.400513 1624.402222 872.822327 0.888790
skis 129 1454.066528 547.201416 1577.591553 587.245605 0.603220
handbag 124 979.901611 830.477478 1005.637268 885.901184 0.434166
person 11 1042.589111 559.321533 1074.500366 631.582336 0.912750
