42552343750
surfboard 141 2108.418213 811.185852 2401.574219 950.539551 0.257657
frisbee 38 2006.986206 1176.688110 2077.151123 1216.999512 0.375185
truck 136 1592.527222 487.724609 1795.810913 604.014587 0.800983
airplane 115 1578.098999 855.207153 1647.917480 885.965820 0.253016
airplane 134 1578.018311 847.836792 1647.062988 917.243713 0.362257
airplane 1 2120.072266 1249.000366 2242.473389 1298.647095 0.387463
car 140 2260.802246 727.744324 2409.959473 866.485779 0.860031
person 132 2158.477295 482.639343 2190.870117 567.177246 0.536431
person 7 975.320557 838.380493 1024.757935 975.108154 0.786474
car 135 1587.713379 489.531006 1804.570923 609.977661 0.619708
person 11 1044.368896 559.453552 1075.347412 629.224609 0.715320
backpack 142 984.572205 851.889954 1014.712830 897.233765 1.000000
airplane 128 1578.529175 848.062439 1624.435303 873.118774 0.923222
skis 129 1455.510376 547.143494 1576.015381 586.616272 0.685534
airplane 139 2156.502197 675.979248 2271.705322 708.745361 0.578239
