42785351562
frisbee 38 2006.917603 1176.615845 2077.177734 1217.017822 0.446295
airplane 115 1578.137451 854.792358 1647.594238 885.907593 0.257062
airplane 134 1578.089111 847.740356 1647.080322 917.281189 0.359502
airplane 1 2120.124023 1248.856201 2242.252197 1298.676636 0.363304
car 135 1568.149170 477.868408 1741.230713 588.325500 0.642172
car 140 2191.744385 699.258240 2402.165039 868.988159 0.937934
person 132 2166.066650 485.725891 2203.194580 569.726562 0.552644
person 11 1043.184692 558.875366 1074.553711 630.013550 0.278810
person 7 979.042969 850.126831 1031.362305 992.685913 0.838560
airplane 128 1578.994385 847.858887 1624.900513 872.915222 0.878045
backpack 142 988.095032 857.209351 1018.264893 907.660156 0.581542
truck 136 1564.376465 479.313110 1744.948364 589.615479 0.537392
skis 129 1455.721436 547.159180 1576.226318 586.631958 0.660681
airplane 139 2157.125488 677.712830 2272.328613 710.478943 0.744961
