43051302083
frisbee 38 2006.826294 1176.796387 2077.046631 1217.164551 0.295047
truck 136 1566.231201 484.386536 1676.870850 566.604614 0.437321
airplane 134 1578.780884 847.613831 1647.603516 909.636963 0.253507
airplane 1 2120.030273 1248.594971 2242.086182 1298.720703 0.426100
car 135 1558.744751 481.429382 1677.566650 571.073486 0.332048
car 140 2110.029297 663.591431 2402.367188 825.150635 0.944661
person 132 2177.007812 486.472839 2211.994385 571.400574 0.717981
backpack 142 995.007446 868.651428 1025.299316 919.220276 0.263802
person 11 1043.451050 558.397339 1075.431152 639.942383 0.286805
person 143 1276.164673 1342.074951 1330.447876 1376.804077 0.594135
person 7 986.227112 857.284119 1038.999756 997.528076 0.828728
airplane 128 1578.482178 848.066345 1624.239380 873.140503 0.910059
car 144 1577.804932 467.608276 1635.273560 501.007416 0.617970
airplane 115 1578.062500 855.597107 1647.519287 886.712341 0.851089
skis 129 1462.215454 547.388916 1575.241333 596.600708 0.762947
airplane 139 2161.607910 672.272827 2276.811035 705.038940 0.452452
