43251302083
truck 136 1571.003906 466.181519 1637.364990 551.262695 0.780196
airplane 1 2120.139893 1249.156494 2242.191406 1298.687134 0.531156
car 140 2049.234863 644.056458 2342.728027 801.976074 0.936793
skis 129 1459.828613 546.630798 1575.567139 595.672913 0.284789
person 11 1043.098511 558.231873 1073.695312 632.099121 0.380793
person 7 994.494507 867.327515 1043.417847 1007.452942 0.796850
person 143 1257.742310 1320.315186 1341.664062 1375.825562 0.860517
person 132 2179.001465 489.498444 2217.857178 571.909058 0.606830
car 145 1626.762817 467.073792 1645.991821 473.428589 1.000000
frisbee 38 2006.953979 1177.064453 2077.041992 1216.976929 0.921189
airplane 128 1578.556885 847.994995 1624.305664 873.057556 0.870525
backpack 142 995.921265 875.753906 1037.740356 943.918640 0.395609
airplane 139 2178.982910 680.071289 2294.186035 712.837402 0.368759
airplane 115 1577.939575 853.180725 1647.181152 887.813721 0.826689
airplane 134 1579.952026 848.398132 1648.743774 911.166138 0.846359
