43351302083
frisbee 38 2007.110352 1177.141235 2077.149902 1216.754883 0.280969
truck 136 1573.990479 477.963318 1618.333130 541.422424 0.390347
airplane 1 2120.181152 1249.208496 2242.179443 1298.677612 0.546908
car 145 1626.904785 467.078217 1646.034912 473.330963 0.259960
car 140 2021.124023 634.226685 2307.962158 788.508850 0.921266
person 132 2184.762207 492.880676 2224.003174 574.415710 0.769605
person 11 1043.115967 558.552490 1073.387085 631.363220 0.344099
person 143 1249.517090 1310.684204 1339.959229 1377.219849 0.806671
person 7 996.628052 869.219177 1045.574829 1009.913818 0.837165
airplane 128 1578.673706 847.933472 1624.422485 872.996033 0.852239
skis 129 1460.128052 546.822693 1575.866577 595.864807 0.784546
backpack 142 998.412781 877.516785 1040.231812 945.681519 0.392582
airplane 139 2183.654785 681.025452 2298.857910 713.791565 0.311330
airplane 115 1578.239746 853.643311 1647.481323 888.276306 0.914097
airplane 134 1580.232910 848.492188 1649.024658 911.260193 0.802496
