43417317708
truck 136 1574.324463 479.495972 1604.636963 532.103210 0.497041
airplane 1 2120.500244 1249.216309 2242.252686 1298.667969 0.525220
car 140 2000.565063 628.409607 2284.532471 779.422180 0.946605
person 132 2186.305420 493.548065 2226.173584 574.536438 0.477166
person 11 1043.114258 558.718994 1073.445923 631.369751 0.328340
person 7 997.284363 869.861023 1047.664185 1012.544556 0.823334
person 143 1246.558350 1305.851318 1337.613770 1377.205566 0.858247
airplane 128 1578.708618 847.921021 1624.457397 872.983582 0.855768
frisbee 38 2007.083252 1177.247559 2077.122803 1216.861206 0.923382
skis 129 1460.662598 546.775208 1576.401123 595.817322 0.689922
backpack 142 1000.184448 880.488708 1042.003540 948.653442 0.344335
airplane 139 2186.769287 681.661499 2301.972412 714.427612 0.351147
airplane 115 1578.395508 853.754211 1647.637085 888.387207 0.890305
car 145 1626.942261 467.028717 1646.072388 473.281464 0.964662
airplane 134 1580.319946 848.456665 1649.111694 911.224670 0.836154
