43451302083
truck 136 1573.503418 480.243958 1598.070557 534.788086 0.286746
airplane 1 2120.844482 1249.254272 2242.357666 1298.671387 0.493416
car 140 1991.965820 624.989258 2276.675293 775.466431 0.924462
person 132 2187.816162 494.089386 2227.173340 574.940918 0.493531
person 11 1043.164795 558.747009 1073.512939 631.238464 0.394708
person 7 997.920105 870.782898 1048.426147 1014.843750 0.817992
person 143 1244.569824 1304.474487 1335.244629 1377.745239 0.838416
airplane 128 1578.725220 847.913025 1624.473999 872.975586 0.854860
frisbee 38 2007.172729 1177.334473 2077.212158 1216.948120 0.919458
skis 129 1461.050781 546.613403 1576.789307 595.655518 0.676886
backpack 142 1001.070251 881.974670 1042.889282 950.139404 0.330891
airplane 139 2188.326660 681.979492 2303.529785 714.745605 0.357034
airplane 115 1578.421509 853.792419 1647.663086 888.425415 0.887082
car 145 1626.958374 467.020386 1646.088501 473.273132 0.951585
airplane 134 1580.367554 848.474976 1649.159302 911.242981 0.824857
