43517317708
frisbee 38 2007.068848 1176.881958 2077.137207 1216.891602 0.291775
airplane 128 1578.170898 848.118225 1623.963135 872.663940 0.251836
airplane 1 2121.768066 1249.288696 2242.795410 1298.689941 0.369809
car 140 1973.391113 618.074585 2250.205322 766.467529 0.935882
person 132 2189.792725 493.873444 2228.311523 575.623596 0.684482
skis 129 1461.535889 546.781677 1578.453979 593.445190 0.339557
backpack 142 1002.021057 885.957764 1042.634033 956.734558 0.420089
person 11 1042.596680 558.914062 1074.175659 631.659485 0.373968
person 7 998.879028 872.298950 1051.161255 1017.284912 0.792985
person 143 1243.111572 1300.310425 1331.781982 1377.281616 0.852810
bicycle 146 2003.414062 466.977539 2055.445312 503.738953 0.999905
airplane 139 2184.139160 683.481262 2299.342285 716.247375 0.417236
airplane 115 1578.526978 853.857300 1647.768555 888.490295 0.880906
car 145 1626.983765 466.888397 1646.113892 473.141144 1.046393
airplane 134 1580.450562 848.445496 1649.242310 911.213501 0.839019
