43617317708
frisbee 38 2007.053589 1176.750854 2077.131348 1216.937622 0.268163
airplane 1 2121.442383 1249.331909 2242.540527 1298.686768 0.339627
car 140 1946.261230 609.158813 2214.448242 753.245361 0.943352
bicycle 146 2003.891846 466.989532 2055.272461 503.825439 0.343584
person 147 2055.555176 467.221497 2071.807129 497.510132 0.286116
person 132 2198.504883 492.882172 2232.416748 576.224487 0.650502
skis 129 1461.226196 546.937561 1578.261963 593.795105 0.326209
backpack 142 1008.397522 886.868774 1043.862915 944.630920 0.458570
person 11 1042.569702 558.731201 1074.667358 631.276001 0.443398
person 7 1000.892456 879.043518 1054.796631 1016.525757 0.821814
person 143 1238.901978 1292.176270 1325.115479 1376.576904 0.855368
airplane 128 1578.093262 848.231201 1623.882202 872.616821 1.002870
airplane 139 2187.376709 680.885376 2302.579834 713.651489 0.471263
airplane 115 1578.477173 853.993652 1647.718750 888.626648 0.864140
car 145 1626.973511 466.763916 1646.103638 473.016663 1.042801
airplane 134 1580.431152 848.494568 1649.222900 911.262573 0.810349
