43717317708
frisbee 38 2007.046387 1176.731812 2077.142090 1216.925781 0.262735
airplane 128 1578.139648 848.265869 1623.940918 872.615906 0.251408
airplane 1 2120.893555 1249.358154 2242.181396 1298.684448 0.365470
car 140 1918.924072 600.032166 2182.713623 741.558228 0.921256
bicycle 146 2004.006958 466.980469 2055.196289 503.891846 0.360235
person 147 2055.665527 467.236481 2071.838379 497.551178 0.314141
person 132 2202.622803 491.231415 2237.850342 577.283325 0.701290
skis 129 1461.468018 547.111145 1578.774780 593.856812 0.277970
backpack 142 1011.537476 891.668579 1046.754028 954.179382 0.511946
person 11 1042.714844 558.740662 1074.885498 631.153198 0.448389
person 7 1001.102356 885.347595 1056.783081 1023.503784 0.788745
person 143 1236.248535 1279.297485 1320.646606 1375.181763 0.882476
airplane 139 2189.448486 681.677490 2304.651611 714.443604 0.467627
airplane 115 1578.375977 854.120728 1647.617554 888.753723 0.842814
car 145 1626.972656 466.696625 1646.102783 472.949371 1.044316
airplane 134 1580.466553 848.446228 1649.258301 911.214233 0.840427
