43850325520
airplane 1 2120.188965 1249.148071 2242.260498 1298.718018 0.648866
car 140 1883.922485 587.970093 2134.088135 725.793335 0.924638
bicycle 146 2001.443359 467.034180 2056.076416 504.440369 0.274048
person 132 2206.757080 495.521149 2242.447266 577.609070 0.621138
backpack 142 1013.871155 891.578186 1051.392822 964.725891 0.481731
person 7 1006.010437 885.453247 1059.040405 1032.438477 0.862751
person 143 1232.252197 1265.698730 1314.279907 1375.147949 0.894154
airplane 139 2187.174561 681.595581 2302.377686 714.361694 0.482287
frisbee 38 2007.019897 1176.860962 2077.100342 1217.050293 0.943551
airplane 115 1578.245850 854.285583 1647.487427 888.918579 0.854375
skis 129 1461.557617 547.185974 1578.777588 594.042114 0.629644
car 145 1627.485107 466.476715 1646.615234 472.729462 0.806826
airplane 134 1580.262573 848.502319 1649.054321 911.270325 0.828974
person 11 1042.607666 558.721497 1074.671631 631.257385 0.731218
