4228320312
airplane 9 1578.135376 848.119080 1646.944702 903.758911 0.275363
airplane 1 2119.873535 1249.873169 2241.996338 1298.751465 0.459361
airplane 2 2153.376709 679.052917 2268.792725 710.293457 0.558802
person 4 2148.845703 483.551178 2189.306396 549.215271 0.474830
kite 14 1540.390015 784.175964 1572.645874 800.828308 0.277725
bus 24 764.004272 578.645630 1295.169189 946.135742 0.763798
person 11 1045.318604 553.515686 1076.141357 590.654785 0.337236
person 7 856.028076 571.022095 877.863586 629.007507 0.683062
bicycle 28 2002.715454 466.992218 2056.363281 503.568207 0.990706
skis 15 1459.613403 549.386414 1563.797485 591.636536 0.624866
airplane 29 1439.649048 784.877380 1532.811035 812.396545 1.000000
airplane 20 2172.270752 524.158936 2409.192871 618.527893 0.747928
person 25 853.302185 571.455383 873.406189 622.690308 0.695962
person 26 1440.527100 540.649170 1476.356812 592.229065 0.474377
airplane 27 1646.638062 821.605835 2284.587646 1290.819336 0.554029
traffic light 18 765.534668 567.094666 805.699341 600.655212 0.530520
