44250325520
frisbee 38 2006.847412 1176.683105 2077.176758 1216.934570 0.307126
airplane 139 2152.591064 678.128601 2267.942139 709.233398 0.389755
airplane 1 2119.962646 1248.877686 2242.896240 1298.732178 0.593826
car 140 1788.154663 559.333496 2012.224854 682.362122 0.857965
person 132 2223.298096 496.603088 2256.825928 582.071594 0.767012
person 7 1022.265198 897.972717 1076.788818 1049.469849 0.858755
person 143 1220.365112 1231.283081 1301.428101 1374.948730 0.903849
airplane 115 1578.031006 854.428345 1647.272583 889.061340 0.852289
skis 129 1463.280640 547.331421 1580.500732 594.187561 0.568480
car 145 1627.226196 465.804779 1646.356323 472.057526 1.026905
backpack 142 1023.827515 895.757812 1057.184326 961.483032 0.329792
airplane 134 1580.081177 848.657104 1648.872925 911.425110 0.835957
person 11 1041.214355 558.724915 1073.278320 631.260803 0.738287
