44283333333
frisbee 38 2006.827026 1176.681396 2077.171143 1216.936157 0.329392
airplane 139 2152.907959 679.072205 2267.980957 708.821594 0.346498
airplane 1 2119.954590 1248.865356 2242.889404 1298.727905 0.589993
car 140 1780.952393 557.230347 2001.966431 679.058228 0.891342
person 132 2225.276123 496.699921 2257.736328 582.171265 0.743999
person 7 1022.525574 897.877808 1076.681396 1049.618164 0.869187
person 143 1218.952393 1228.540894 1299.471191 1374.970093 0.909774
airplane 115 1577.981689 854.452759 1647.223267 889.085754 0.845272
skis 129 1463.758545 547.380493 1580.978516 594.236633 0.561199
car 145 1627.138306 465.853790 1646.268433 472.106537 1.076246
backpack 142 1024.597046 896.181396 1057.953857 961.906616 0.292677
airplane 134 1580.098511 848.623962 1648.890259 911.391968 0.839621
person 11 1041.120728 558.645508 1073.184692 631.181396 0.720633
