44350325520
frisbee 38 2006.812012 1176.680298 2077.181396 1216.937744 0.309217
airplane 139 2153.254395 680.221008 2268.423828 708.634888 0.365769
airplane 1 2119.956543 1248.826172 2242.900391 1298.728760 0.581240
car 140 1765.991699 556.426453 1982.251099 670.865479 0.891398
person 132 2227.823730 496.889557 2260.047852 583.126282 0.828110
person 7 1024.593140 897.372559 1076.821777 1049.886475 0.857997
person 143 1216.278809 1224.435669 1297.335083 1376.237793 0.909429
handbag 148 1041.635864 913.115051 1073.681519 979.854919 0.616988
airplane 115 1577.898315 854.481140 1647.139893 889.114136 0.847506
skis 129 1464.680176 547.427185 1581.900146 594.283325 0.541651
car 145 1627.029663 465.850586 1646.159790 472.103333 1.060489
backpack 142 1026.135986 897.028381 1059.492798 962.753601 0.328212
airplane 134 1580.183838 848.614746 1648.975586 911.382751 0.838570
person 11 1040.773071 558.469238 1072.837036 631.005127 0.647234
