44416341145
frisbee 38 2006.810303 1176.676147 2077.183838 1216.935425 0.335607
airplane 139 2153.482178 681.051086 2268.620117 708.560974 0.360787
airplane 1 2119.966797 1248.813843 2242.903564 1298.736084 0.589030
car 140 1751.297485 552.522644 1964.465332 662.955933 0.876278
person 132 2229.275879 498.592407 2262.520020 583.220886 0.779177
handbag 148 1048.349243 916.879150 1075.889526 983.045288 0.479419
person 7 1026.703003 896.708557 1077.233398 1050.457397 0.858337
person 143 1212.509277 1220.651489 1293.662354 1376.319214 0.873460
airplane 115 1577.823608 854.553467 1647.065186 889.186462 0.825860
skis 129 1465.394165 547.482239 1582.614258 594.338379 0.535339
car 145 1627.010010 465.818878 1646.140137 472.071625 1.038899
backpack 142 1027.675049 897.875427 1061.031860 963.600647 0.367973
airplane 134 1580.292603 848.609192 1649.084351 911.377197 0.808008
person 11 1040.339478 558.263733 1072.403442 630.799622 0.602696
