44450325520
frisbee 38 2006.818115 1176.668823 2077.194092 1216.935669 0.320318
airplane 139 2153.521240 681.254089 2268.772217 708.644531 0.383451
airplane 1 2119.967773 1248.829468 2242.895996 1298.740845 0.594426
car 140 1744.414551 549.162109 1954.996338 659.838257 0.860165
person 132 2229.529541 499.774200 2263.685791 583.149353 0.796099
handbag 148 1044.441284 913.325928 1076.187378 983.380737 0.620433
person 7 1027.761719 896.590210 1078.764771 1052.827881 0.862279
person 143 1210.039795 1219.399048 1291.861084 1376.569946 0.875080
airplane 115 1577.779419 854.618958 1647.020996 889.251953 0.814629
skis 129 1465.618042 547.519775 1582.838135 594.375916 0.515277
car 145 1627.010376 465.776337 1646.140503 472.029083 1.041181
backpack 142 1028.444580 898.298889 1061.801392 964.024109 0.395952
airplane 134 1580.279663 848.582520 1649.071411 911.350525 0.799711
person 11 1040.139771 558.146973 1072.203735 630.682861 0.605896
