44550325520
airplane 115 1577.839478 849.799133 1646.715698 887.623840 0.257270
airplane 1 2119.743652 1248.777222 2242.406494 1298.765991 0.344770
airplane 139 2153.701904 679.872925 2268.954346 708.832153 0.383462
car 145 1627.441528 466.800446 1645.904785 473.378113 0.301645
car 140 1722.191528 539.583008 1926.279053 653.021301 0.908141
person 132 2230.644775 499.167114 2269.299561 584.694031 0.779573
kite 149 1539.804688 784.386963 1572.981567 801.762268 0.284961
skis 129 1460.407959 547.382629 1576.272339 594.851257 0.274471
handbag 148 1042.549072 917.402527 1078.516602 988.457336 0.384992
person 7 1029.581787 901.565002 1081.195190 1060.428711 0.854038
person 143 1202.121460 1212.819580 1287.712158 1376.507324 0.898893
backpack 142 1030.753052 899.569458 1064.109863 965.294678 0.284806
airplane 134 1580.108521 848.640991 1648.900269 911.408997 0.821879
frisbee 38 2006.522827 1176.795288 2076.898682 1217.062134 0.944368
person 11 1039.212524 557.601440 1071.276489 630.137329 0.547226
