44883333333
frisbee 38 2006.336792 1176.654419 2076.791016 1217.044434 0.420967
airplane 134 1578.481689 847.683228 1647.420898 912.911804 0.272123
airplane 115 1577.989624 856.003357 1647.324707 886.435120 0.308966
airplane 139 2153.620117 680.435425 2268.607422 707.823242 0.468407
airplane 1 2121.047363 1248.987305 2242.883789 1298.714600 0.506609
car 140 1655.310181 521.950439 1842.124634 627.546753 0.891850
person 153 1777.915039 467.289673 1796.269531 505.687805 0.265301
person 151 1831.261963 467.324127 1855.143433 508.087891 0.637139
person 132 2250.556396 498.357971 2284.856445 587.516541 0.785994
kite 149 1540.035400 784.441956 1573.163208 801.388977 0.283814
skis 129 1459.274048 547.234741 1576.815186 594.227112 0.283364
handbag 148 1047.060791 932.867249 1088.001953 1009.983582 0.467715
motorcycle 152 1083.247314 554.241333 1114.080200 610.098145 0.507459
bicycle 150 1039.365601 565.910461 1075.266479 635.199280 0.335319
person 11 1040.232544 558.960876 1074.954834 631.237183 0.496845
person 7 1040.436401 911.078369 1095.870483 1072.865967 0.884530
person 143 1176.883789 1188.272095 1257.210815 1375.507812 0.906522
person 154 1083.685181 546.999939 1115.474976 598.671631 1.000000
car 145 1627.606445 467.001587 1646.069702 473.579254 0.842570
backpack 142 1044.525513 931.412048 1083.946655 1005.750549 0.354443
