44949348958
frisbee 38 2006.338989 1176.619263 2076.804443 1217.034058 0.438181
airplane 134 1578.280762 847.607605 1647.248413 914.688416 0.307411
airplane 115 1577.770996 856.932861 1647.227295 886.002441 0.323963
airplane 139 2153.799072 680.863525 2268.594482 708.458130 0.473682
airplane 1 2121.248535 1249.025391 2242.957764 1298.701904 0.513396
car 140 1641.734741 519.152222 1825.828857 622.075623 0.884079
person 153 1778.004028 467.299438 1796.310791 505.690521 0.256201
person 151 1833.594849 467.573120 1856.058472 509.008942 0.590591
person 132 2252.591797 498.837860 2286.385742 588.104126 0.739485
kite 149 1540.068115 784.444580 1573.185547 801.321228 0.275339
handbag 148 1060.791138 932.564453 1093.978760 1006.400269 0.331258
bicycle 150 1041.533203 571.341553 1075.281006 636.632446 0.264919
person 11 1040.838257 559.257874 1075.771606 631.022156 0.550228
person 154 1087.719482 547.819397 1118.415894 604.810608 0.622255
person 7 1042.525757 911.102112 1098.735352 1072.805542 0.881695
person 143 1172.608154 1185.027588 1252.913574 1375.671265 0.900804
motorcycle 152 1088.190063 553.993530 1119.244873 611.662659 0.726405
bicycle 155 1093.874634 568.461182 1118.531372 614.368896 1.000000
car 145 1627.608398 467.039734 1646.071655 473.617401 0.847735
backpack 142 1047.155029 936.079407 1086.576172 1010.417908 0.310497
