45049348958
frisbee 38 2006.346924 1176.620972 2076.824951 1217.055176 0.424538
airplane 134 1577.905884 847.458740 1646.889160 916.358948 0.320886
airplane 115 1577.700806 857.239990 1647.226318 885.781372 0.344325
airplane 139 2153.758545 681.002441 2268.639648 708.957825 0.479128
airplane 1 2121.255371 1249.034302 2242.973145 1298.690674 0.514102
car 140 1624.472778 516.048767 1803.745728 615.568359 0.446008
person 151 1833.368286 467.763916 1857.312256 509.290039 0.430992
person 132 2256.166748 500.105316 2289.680420 587.532532 0.693187
bicycle 150 1043.067871 574.550171 1075.134277 636.405457 0.260292
bicycle 155 1096.626831 569.435608 1129.031250 619.164368 0.348629
person 154 1093.987305 548.237305 1123.267090 608.718933 0.623813
person 11 1041.317871 559.299927 1075.607422 630.160400 0.701500
person 7 1046.867065 916.297607 1108.357666 1078.942383 0.882899
person 143 1165.588379 1179.802490 1246.738159 1375.849976 0.911274
kite 149 1540.000366 784.475403 1573.114258 801.330750 0.918841
motorcycle 152 1094.090088 564.914001 1124.120972 617.066345 0.829019
car 145 1627.609863 467.087311 1646.073120 473.664978 0.847959
handbag 148 1063.044434 935.197510 1098.334595 1010.096008 0.389140
backpack 142 1051.099243 943.080322 1090.520386 1017.418823 0.365400
