45215364583
frisbee 38 2006.803345 1176.801880 2076.815918 1216.897949 0.376828
airplane 115 1577.991699 849.580383 1647.218506 886.219360 0.280428
airplane 139 2154.038818 679.647339 2269.979736 709.224915 0.458569
airplane 1 2120.053711 1248.502686 2242.037354 1298.691772 0.569515
car 145 1627.248535 467.062012 1645.935669 473.639557 0.292559
car 140 1591.632690 507.145264 1763.749512 604.240112 0.795407
person 151 1842.022217 467.743042 1862.157593 510.532990 0.637742
person 132 2261.391357 502.597198 2297.076660 590.387390 0.801208
bus 156 1189.625244 547.968811 1433.362061 615.880798 0.329251
motorcycle 152 1103.671143 569.184998 1136.711548 623.247803 0.595018
person 154 1103.997681 549.028931 1134.682251 617.167664 0.358858
person 11 1041.600342 558.683289 1075.434204 630.070801 0.595502
person 7 1056.716309 928.264709 1117.493652 1090.238037 0.864874
person 143 1155.759399 1161.993774 1234.586670 1374.220215 0.903290
handbag 148 1070.936035 941.113708 1106.226196 1016.012207 0.260101
backpack 142 1057.672974 954.748596 1097.094116 1029.087158 0.282826
bicycle 155 1103.923218 572.863464 1137.746338 625.903687 0.683434
