45315364583
frisbee 38 2006.899902 1176.853516 2076.808350 1216.863281 0.363955
airplane 115 1578.053467 848.205627 1647.213379 886.724121 0.277941
airplane 139 2154.077637 678.964661 2270.341797 709.315430 0.459383
airplane 1 2119.843506 1248.431396 2241.899902 1298.744751 0.576502
car 145 1627.192383 467.053436 1645.963501 473.659454 0.324906
car 140 1575.965088 501.240753 1741.316162 597.886780 0.708455
person 151 1845.612549 467.528961 1865.043823 510.404297 0.557228
person 132 2267.263672 502.356110 2301.551270 591.940063 0.812349
handbag 148 1093.786133 950.624146 1119.432251 1019.502075 0.369264
bus 156 1194.710449 549.334351 1445.854736 624.798584 0.288273
motorcycle 152 1109.894165 574.962219 1142.338501 628.777405 0.526231
person 154 1110.693726 550.859131 1140.400879 623.585632 0.362066
person 11 1041.990234 558.569519 1075.298096 630.390564 0.493619
person 7 1063.413696 929.444214 1120.411255 1091.954834 0.836091
person 143 1148.402954 1153.755371 1230.157959 1375.242798 0.894272
backpack 142 1061.617188 961.749634 1101.038330 1036.088135 0.281074
bicycle 155 1109.416748 579.022583 1143.239868 632.062805 0.675693
