45349348958
frisbee 38 2006.912231 1176.862183 2076.809570 1216.859009 0.365749
airplane 115 1578.263062 848.012024 1647.365845 886.739624 0.309579
airplane 139 2154.176025 679.240662 2270.342529 708.914917 0.471767
airplane 1 2119.819092 1248.427856 2241.889893 1298.759033 0.572265
car 140 1573.642578 499.954376 1733.879028 595.166870 0.315960
car 145 1627.193970 467.048676 1645.994141 473.652039 0.336263
person 151 1846.377197 467.611938 1868.656738 510.738495 0.677672
person 132 2268.921875 501.324188 2302.814453 591.679199 0.784842
handbag 148 1096.653198 951.461731 1122.808228 1020.276855 0.339622
motorcycle 152 1112.692139 575.705017 1145.059448 630.642700 0.492975
person 11 1042.043579 558.537415 1075.269775 630.372620 0.533042
person 7 1064.899536 929.017517 1121.970703 1092.168091 0.864944
person 143 1146.091675 1151.766235 1229.594727 1375.354736 0.898782
bus 156 1196.210815 550.549438 1447.354980 626.013672 0.420651
person 154 1112.296143 552.324402 1142.003296 625.050903 0.504357
backpack 142 1062.931885 964.083191 1102.353027 1038.421753 0.250009
bicycle 155 1112.145264 581.058350 1145.968384 634.098572 0.579636
