45415364583
frisbee 38 2006.919556 1176.870605 2076.812500 1216.863037 0.364953
airplane 115 1578.398804 847.779907 1647.492920 886.711365 0.268542
airplane 139 2154.218750 679.598755 2270.273193 708.663574 0.470984
airplane 1 2119.812500 1248.424683 2241.892822 1298.770264 0.571479
car 145 1627.209717 467.040924 1645.993042 473.668365 0.349133
person 151 1846.782593 467.687927 1871.682007 510.895996 0.279215
person 132 2271.985107 500.606201 2304.252441 591.798462 0.833087
motorcycle 152 1117.228882 580.972107 1148.746216 635.714783 0.356200
person 154 1117.361572 555.669312 1146.266968 629.311035 0.360804
person 11 1042.352051 558.426575 1075.379639 630.392029 0.469659
person 7 1067.031860 928.170410 1124.406494 1091.838501 0.873324
person 143 1140.480957 1153.617065 1228.279663 1376.309570 0.912393
bus 156 1198.079834 551.536621 1455.588257 629.531128 0.458187
handbag 148 1100.920410 951.874756 1127.607300 1023.132874 0.297586
car 140 1566.800903 497.582214 1721.105225 590.899780 0.683469
backpack 142 1065.561401 968.750549 1104.982544 1043.089111 0.285381
bicycle 155 1115.739990 584.232056 1149.563110 637.272278 0.617824
