45482356770
frisbee 38 2007.041138 1176.802490 2076.934082 1217.007690 0.286163
airplane 1 2120.428711 1248.575195 2242.139404 1298.817139 0.495917
airplane 139 2153.823975 679.732178 2269.728027 709.058533 0.532027
person 151 1847.732788 467.725677 1872.756958 511.143036 0.618378
person 132 2275.864014 501.949585 2310.557373 595.143555 0.825191
handbag 148 1105.165161 952.841797 1132.887817 1025.788086 0.388240
bus 156 1204.024170 550.863525 1470.844604 635.396179 0.290903
person 11 1042.629395 558.307861 1074.970581 630.834167 0.586225
person 154 1120.636841 556.009888 1150.626587 634.190674 0.650855
person 7 1069.716553 929.438354 1129.483276 1096.660400 0.879072
person 143 1132.612427 1154.706177 1226.255737 1375.900146 0.919369
car 140 1557.050415 494.814606 1711.354736 588.132202 0.580008
car 145 1627.239014 467.039490 1646.031250 473.692963 0.877232
truck 157 1578.000000 493.411102 1701.784668 581.294189 1.000000
cup 158 1464.150757 1062.944824 1539.483276 1177.076904 1.000000
backpack 142 1068.190918 973.417908 1107.612061 1047.756470 0.199588
motorcycle 152 1120.791504 583.106812 1151.739136 638.557678 0.637516
airplane 115 1578.634521 847.988281 1647.748047 886.968750 0.745699
bicycle 155 1119.487427 587.079773 1153.310547 640.119995 0.590693
