45615364583
frisbee 38 2007.170044 1176.703979 2077.068115 1217.186157 0.306329
truck 157 1573.866943 489.232239 1678.982056 573.790710 0.654377
airplane 1 2121.155518 1248.695312 2242.358154 1298.783325 0.492253
airplane 139 2153.399902 680.003967 2269.322510 709.671875 0.559907
car 145 1627.849243 467.029510 1645.885376 473.852783 0.315877
person 151 1849.656738 467.590118 1873.787598 511.155914 0.258677
person 132 2278.491699 507.464417 2317.973389 596.140137 0.668383
cup 158 1464.217896 1062.947510 1539.544800 1177.068726 0.411761
backpack 142 1079.774414 970.250977 1119.667114 1046.876831 0.268399
person 154 1123.880493 561.080750 1158.456055 644.760864 0.483254
person 11 1042.759277 558.196472 1074.435913 630.170288 0.616346
person 7 1074.560791 939.498108 1136.830078 1105.868530 0.840333
person 143 1117.485718 1148.854004 1215.540527 1364.116943 0.910823
car 140 1541.505737 492.141815 1678.832275 582.816040 0.514792
motorcycle 152 1127.849365 586.676697 1158.796997 642.127563 0.619427
airplane 115 1579.063110 848.900696 1648.176636 887.881165 0.750904
bus 156 1232.930664 555.312561 1485.622070 644.599182 0.420843
bicycle 155 1127.219849 594.033325 1161.042969 647.073547 0.639961
