45781315104
frisbee 38 2007.162598 1176.684082 2077.065674 1217.199829 0.312937
airplane 1 2121.292725 1248.694214 2242.426270 1298.760864 0.489095
airplane 139 2153.345947 680.064392 2269.249268 709.629089 0.590369
car 145 1628.218750 467.046417 1645.710938 473.849274 0.277574
car 140 1559.505371 485.389435 1644.180786 564.130371 0.792216
person 132 2283.895020 508.705750 2322.978027 594.804565 0.632768
cup 158 1464.213623 1062.946411 1539.532227 1177.069092 0.420648
truck 159 1266.739868 549.242371 1517.952515 656.478394 0.336252
motorcycle 152 1138.522461 594.544739 1169.655518 654.022400 0.381885
person 154 1134.978027 568.624634 1171.242065 654.473083 0.358972
person 11 1042.783203 558.190491 1074.397827 630.337769 0.650052
person 7 1081.513672 948.548828 1145.275269 1115.944824 0.886480
person 143 1099.836670 1133.011963 1181.360596 1352.093506 0.902290
airplane 115 1578.815918 849.318848 1647.929443 888.299316 0.724798
bus 156 1257.145630 563.939392 1509.837158 653.226013 0.507318
bicycle 155 1137.101196 602.743591 1170.924316 655.783813 0.666085
backpack 142 1090.147461 975.341736 1130.040161 1051.967651 0.364818
