45881315104
frisbee 38 2006.910156 1176.672119 2076.922852 1217.163940 0.380752
airplane 1 2120.250488 1249.273193 2241.999023 1298.737549 0.428312
airplane 139 2153.538818 678.673889 2269.123291 709.765198 0.473799
car 140 1572.762817 477.634064 1627.190796 555.054138 0.750482
person 160 2055.002197 467.101196 2071.651611 495.846191 0.305982
person 132 2289.890625 510.219238 2327.195312 597.249939 0.780661
cup 158 1464.290649 1063.228760 1539.440552 1177.195923 0.309388
truck 159 1269.351196 548.802551 1545.910645 663.026123 0.528178
person 154 1144.093628 571.635315 1177.015259 655.352905 0.336359
person 11 1042.366089 558.511047 1074.192139 630.742432 0.458690
person 7 1087.952881 947.142639 1150.122437 1116.949341 0.884654
person 143 1091.490479 1128.742065 1173.408203 1350.904419 0.911076
airplane 115 1578.414673 849.055908 1647.546387 887.850159 0.687565
bus 156 1273.880249 568.847656 1526.571777 658.134277 0.428408
bicycle 155 1142.565674 606.996826 1176.388794 660.037048 0.594541
motorcycle 152 1143.610107 596.237366 1175.268799 659.679626 0.559276
backpack 142 1096.371216 978.396118 1136.263916 1055.021973 0.238508
