45981315104
frisbee 38 2006.866943 1176.675415 2076.901855 1217.161621 0.355340
airplane 1 2120.052246 1249.369141 2241.967285 1298.691772 0.417652
airplane 139 2153.638428 678.272095 2269.400635 709.757996 0.452215
car 140 1574.597778 482.730865 1609.183594 550.139099 0.446885
person 160 2054.847900 467.109711 2071.631836 495.861542 0.278625
person 132 2299.252441 509.436615 2330.040283 599.257446 0.537684
cup 158 1464.333496 1063.243774 1539.441528 1177.179443 0.332145
bus 156 1283.218994 554.453979 1563.481201 669.739441 0.372190
bicycle 155 1149.573486 608.397217 1185.576660 666.601440 0.312919
person 154 1148.486572 576.843384 1180.370972 656.200928 0.514634
person 11 1042.401733 558.651184 1073.970093 630.489990 0.521354
person 7 1094.364990 948.840027 1156.371460 1117.930908 0.845802
person 143 1083.901245 1125.126221 1169.561890 1348.376221 0.905759
truck 159 1271.831055 552.483337 1548.390381 666.706909 0.305918
airplane 115 1578.407104 849.046143 1647.567749 887.669556 0.724773
motorcycle 152 1149.366577 601.174805 1181.025269 664.617065 0.708838
backpack 142 1102.594971 981.450623 1142.487671 1058.076538 0.367444
