46281315104
frisbee 38 2006.710815 1176.608521 2077.158447 1216.634888 0.408417
airplane 115 1578.388184 847.334351 1646.976807 886.805969 0.326113
airplane 1 2121.238281 1249.010010 2243.058838 1298.720581 0.484652
airplane 139 2153.152344 680.355225 2268.872314 709.789978 0.535826
bicycle 161 2004.059814 467.096802 2056.407959 504.831085 0.397222
person 132 2307.934814 514.192688 2350.302979 601.245972 0.739053
bus 156 1305.620605 550.147339 1585.882690 699.425110 0.824207
motorcycle 152 1168.058105 620.417480 1206.251709 688.566772 0.333813
bicycle 155 1168.463623 622.706055 1207.569214 689.091125 0.532761
person 154 1161.282104 591.269653 1203.687256 675.466614 0.449076
person 11 1041.640381 558.298462 1074.868652 631.308350 0.510581
person 7 1115.127808 965.336060 1182.190063 1139.217896 0.865740
person 143 1077.429443 1103.832031 1149.248169 1318.413086 0.882230
bus 162 1579.389038 473.023834 1635.448242 682.090698 0.696978
backpack 142 1121.266235 990.613831 1161.158936 1067.239746 0.302338
truck 159 1321.369385 561.465759 1598.269287 682.661255 0.364982
