46547330729
airplane 1 2121.725098 1249.245605 2242.848877 1298.720581 0.339062
airplane 139 2153.644043 680.579773 2268.869385 709.739197 0.482112
person 163 1886.300293 467.157532 1911.184204 514.698608 0.557018
person 132 2320.613525 509.963806 2355.594727 602.532654 0.797102
person 11 1043.491577 558.975220 1074.415649 630.830688 0.269858
person 7 1129.815796 969.672058 1194.653687 1148.026123 0.886693
person 143 1064.578491 1093.725098 1142.453979 1307.022705 0.908290
backpack 142 1134.859619 986.312439 1174.752319 1062.938354 0.429920
bicycle 155 1188.201416 642.922729 1229.547607 709.247559 0.578263
bus 162 1593.526733 483.171051 1707.229980 715.152954 0.367945
bus 156 1302.621826 550.729126 1584.007812 722.502197 0.355244
person 154 1169.684814 615.255981 1215.529297 702.375488 0.479337
truck 159 1352.926025 572.121704 1629.825928 693.317200 0.258513
frisbee 38 2006.547363 1176.818115 2077.030273 1216.805420 0.956108
airplane 115 1578.510864 847.783936 1647.001343 887.423950 0.917715
