46714322916
bus 162 1583.801392 474.514160 1752.340210 740.374207 0.587253
airplane 1 2121.854248 1249.307983 2242.781250 1298.717529 0.345171
airplane 139 2153.640381 680.369995 2268.835449 709.651367 0.514092
person 163 1889.157959 467.831055 1913.371704 516.931213 0.377583
person 132 2327.155518 514.300537 2365.820068 607.734253 0.794182
backpack 142 1146.985107 997.919678 1189.825195 1073.477783 0.402696
person 11 1043.773438 559.285645 1074.130249 630.464172 0.261274
person 7 1138.064697 984.439758 1207.652466 1162.168213 0.849898
person 143 1054.058350 1079.114868 1130.417236 1286.692505 0.899623
truck 159 1372.649048 578.781616 1649.548828 699.977112 0.227202
bus 156 1306.737427 556.172424 1587.109497 733.731384 0.350178
person 154 1187.446411 623.959778 1227.859253 713.212585 0.529358
bicycle 155 1197.767456 650.616028 1237.442993 719.829895 0.413951
frisbee 38 2006.238770 1177.038452 2076.721680 1217.025757 0.953027
airplane 115 1578.301270 848.425537 1646.791748 888.065552 0.843985
