46814322916
frisbee 38 2006.639771 1176.897217 2076.955322 1216.965698 0.665855
bus 162 1583.270386 475.622528 1778.935791 756.642090 0.752402
airplane 1 2120.871826 1249.161743 2242.301758 1298.706909 0.464359
airplane 139 2153.903076 680.601257 2269.055664 709.647705 0.565013
person 163 1890.785645 467.239563 1913.999878 515.852112 0.453798
person 132 2329.669922 514.345093 2370.596924 608.287231 0.778602
bicycle 155 1211.662842 642.158142 1252.203979 731.614136 0.296767
person 11 1043.348633 559.065979 1074.531250 632.814819 0.420670
person 154 1210.302734 626.424744 1251.681030 726.014343 0.469695
person 143 1048.119873 1073.286865 1124.101685 1283.609253 0.873970
person 7 1144.284546 985.936890 1212.859741 1165.414795 0.898684
backpack 142 1153.483276 1003.727478 1198.920166 1088.502686 0.392241
bus 156 1321.170776 553.320740 1585.770264 750.923523 0.319828
truck 159 1325.875977 559.759766 1588.414795 745.868774 0.175486
airplane 115 1578.051270 848.650574 1646.541748 888.290588 0.822822
