47180338541
frisbee 38 2007.069580 1176.825562 2077.132080 1216.996216 0.340101
airplane 1 2120.616943 1248.780029 2242.599854 1298.675537 0.403755
airplane 139 2153.545898 680.227600 2268.879883 709.207642 0.506917
person 132 2346.302734 516.758911 2386.787354 610.567139 0.740245
bus 156 1372.624756 548.015381 1585.640625 751.810425 0.545551
person 11 1043.111328 558.353821 1075.108521 631.042236 0.495371
person 7 1171.016846 999.286682 1251.471802 1181.782471 0.894830
person 143 1046.886353 1050.593872 1117.757202 1250.801636 0.897571
truck 159 1358.890625 549.647095 1583.742310 752.033020 0.322363
chair 164 2154.006348 467.170105 2262.687988 525.494141 1.000000
bus 162 1600.664062 497.373474 1892.685791 808.900818 0.438105
person 154 1263.901855 654.709717 1305.280151 754.299377 0.375494
backpack 142 1171.579712 1006.848389 1217.008545 1087.737061 0.346605
airplane 115 1577.979980 848.681458 1646.470459 888.321472 0.782600
