47446354166
frisbee 38 2007.121338 1176.839966 2077.146484 1217.031982 0.285653
airplane 1 2121.040771 1248.710205 2242.875732 1298.678589 0.411655
airplane 139 2154.071777 680.103943 2269.556641 708.812561 0.446074
person 165 1915.906738 467.167755 1937.657471 522.858826 0.510825
person 132 2357.139404 520.945862 2396.411865 613.002930 0.614831
truck 159 1406.721924 548.594360 1582.801758 749.383789 0.629028
bus 156 1405.368408 551.675476 1589.816284 752.123352 0.577860
person 11 1042.720337 558.973206 1074.905884 629.049805 0.500872
person 143 1045.179688 1038.619263 1116.474365 1239.638306 0.891943
person 7 1189.421753 1003.900452 1261.475830 1188.087158 0.897408
bus 162 1601.486938 492.313568 1977.810669 854.676147 0.396055
person 154 1300.020752 675.026489 1341.399048 774.616089 0.319796
backpack 142 1186.902710 1012.480164 1232.331421 1093.368896 0.392810
airplane 115 1578.121948 848.609375 1646.612427 888.249390 0.780423
chair 164 2160.078613 466.981018 2266.447021 525.216492 0.645406
