47480338541
bus 162 1594.070801 488.120087 1990.939453 861.157532 0.716173
airplane 139 2154.107422 681.125183 2269.417236 708.784485 0.375525
airplane 1 2120.557129 1248.927124 2242.461182 1298.708618 0.456827
person 165 1917.072021 467.134247 1938.133545 523.033264 0.701615
person 132 2359.100830 522.092224 2399.066162 615.994385 0.815633
truck 159 1413.472412 548.255066 1583.854492 750.124939 0.593996
bus 156 1413.374390 550.274597 1589.100830 752.024048 0.449271
person 11 1042.563965 559.420166 1074.575684 631.166992 0.381470
person 143 1045.837769 1037.351074 1115.943604 1238.381592 0.878821
person 7 1191.385986 1002.178040 1264.162476 1190.245361 0.893158
person 154 1304.535767 677.566101 1345.914062 777.155701 0.304996
backpack 142 1188.818115 1013.184082 1234.246826 1094.072754 0.378859
airplane 115 1578.141235 848.532898 1646.631714 888.172913 0.851554
frisbee 38 2007.029907 1176.890869 2077.054932 1217.082886 0.947816
chair 164 2160.120117 466.729584 2266.488525 524.965088 0.651337
