47513346354
airplane 139 2154.097168 681.777161 2269.225830 708.629883 0.339134
airplane 1 2120.249756 1249.063110 2242.197998 1298.731323 0.459628
person 165 1917.850220 467.144257 1938.996094 523.441162 0.662853
person 132 2360.495361 522.627197 2400.706787 617.547913 0.815551
truck 159 1417.943481 548.171143 1583.958252 751.881592 0.534099
person 11 1042.530762 559.472900 1074.366821 632.285217 0.382151
person 143 1044.454956 1035.923340 1114.909668 1235.752930 0.880950
person 7 1192.907104 1001.930969 1266.493652 1194.498779 0.896342
bus 162 1599.668213 494.415894 1996.536865 867.453369 0.422198
person 154 1309.050537 680.105652 1350.428833 779.695251 0.297946
backpack 142 1192.244629 1015.904297 1237.673340 1096.792969 0.402836
airplane 115 1578.108887 848.469543 1646.599365 888.109558 0.835573
frisbee 38 2006.913940 1176.982544 2076.938965 1217.174561 0.967927
chair 164 2159.979248 466.550659 2266.347656 524.786133 0.623295
