4594335937
airplane 2 2153.229980 679.292419 2268.879639 710.174744 0.438330
airplane 9 1578.047729 846.834656 1647.294434 892.554932 0.476050
airplane 1 2120.236572 1249.917114 2242.230713 1298.673218 0.558087
person 31 1627.493530 467.097229 1645.515503 473.827759 0.281010
person 4 2133.168213 472.631592 2168.245361 542.445435 0.523541
cup 32 1464.257324 1062.871948 1539.822510 1177.253052 0.263605
skis 15 1464.605713 547.696289 1574.373657 599.616455 0.421329
bus 24 773.054688 564.702698 1392.358521 944.138550 0.477226
person 11 1043.654907 552.330383 1075.391968 592.431030 0.568325
person 7 863.010742 577.359009 885.361938 630.920471 0.696633
person 26 1468.444824 529.806335 1504.274536 581.386230 0.687920
airplane 29 1443.208008 782.253174 1535.223267 811.097595 0.705466
airplane 27 1657.092285 824.968506 2295.041748 1294.181885 0.706441
kite 14 1540.310547 784.306763 1572.591675 801.138428 0.863911
traffic light 18 765.833435 566.969116 805.998108 600.529663 0.585547
person 25 855.664795 577.086914 876.509521 627.639038 0.788033
airplane 20 2174.005371 524.645264 2406.814941 619.412537 0.770388
