47746354166
bus 162 1594.722046 492.510071 2104.124756 923.517029 0.680939
airplane 1 2119.836670 1249.250244 2241.869385 1298.751099 0.473467
person 165 1920.847168 467.542297 1955.236328 525.936340 0.744209
person 132 2370.939209 521.783691 2408.153076 619.576477 0.811800
handbag 167 1215.262573 1049.947510 1260.680176 1136.680298 0.654498
truck 159 1452.363403 549.174988 1585.151611 762.291443 0.805400
bicycle 166 1333.488892 758.093384 1397.290527 854.536377 0.602046
person 11 1042.608643 559.317444 1074.283447 633.786194 0.377070
person 154 1330.719116 714.703430 1381.071533 829.342773 0.426175
person 7 1199.990723 1026.093872 1277.071411 1216.965820 0.842143
person 143 1034.059326 1018.838379 1105.376831 1213.783203 0.874038
backpack 142 1212.612915 1040.030884 1255.546631 1108.575928 0.438203
airplane 115 1578.188232 848.238464 1646.678711 887.878479 0.834524
frisbee 38 2006.567627 1177.121338 2076.592773 1217.313354 0.961464
chair 164 2159.558350 466.230804 2265.926758 524.466309 0.660912
