47779361979
bus 162 1594.576416 491.812286 2114.946289 928.585693 0.608998
airplane 1 2119.832520 1249.251953 2241.866455 1298.748657 0.466526
person 165 1920.888306 467.601318 1956.347412 526.553589 0.768096
person 132 2372.849854 520.382507 2409.413086 619.740601 0.806788
handbag 167 1215.825684 1049.826172 1262.012085 1136.644653 0.253168
truck 159 1457.667725 549.099060 1585.524902 765.836243 0.778768
bicycle 166 1338.223022 763.104858 1405.056641 860.207642 0.789181
person 11 1042.624390 559.316040 1074.287598 633.813232 0.376895
person 154 1335.700562 718.224426 1385.924316 827.497192 0.419202
person 143 1033.468750 1017.973206 1104.680542 1213.701660 0.881156
person 7 1201.134399 1026.583374 1278.691650 1217.552124 0.890198
backpack 142 1214.077271 1042.605591 1257.010986 1111.150635 0.419718
airplane 115 1578.213745 848.238586 1646.704224 887.878601 0.857493
frisbee 38 2006.527710 1177.166870 2076.552734 1217.358887 0.965510
chair 164 2159.519043 466.275116 2265.887451 524.510620 0.662349
