47813346354
bus 162 1594.482788 494.549469 2125.244141 935.086914 0.571343
airplane 1 2119.694336 1249.234619 2241.920410 1298.725342 0.511476
person 165 1921.634521 467.619843 1957.275879 526.921570 0.730290
person 132 2374.856201 521.712402 2410.306152 619.885315 0.858831
backpack 142 1216.829346 1047.935913 1257.846436 1111.097412 0.316175
truck 159 1463.185669 548.645386 1585.958008 765.133240 0.802227
bicycle 166 1341.619995 768.192139 1409.967041 865.896606 0.752297
person 11 1041.949097 558.924927 1075.003662 633.380676 0.421595
person 154 1340.993164 722.740723 1391.681152 834.713562 0.619407
person 143 1032.920044 1017.192810 1102.525391 1213.296875 0.874954
person 7 1203.663818 1027.380981 1281.177490 1218.648071 0.876556
airplane 115 1578.271851 848.284058 1646.762329 887.924072 0.791627
handbag 167 1216.354248 1050.417725 1262.540649 1137.236206 0.662349
frisbee 38 2006.608887 1177.110107 2076.633789 1217.302124 0.928718
chair 164 2159.526367 466.518158 2265.894775 524.753662 0.657744
