4627343750
airplane 2 2153.206543 679.353516 2268.942383 710.176575 0.451736
airplane 9 1578.265503 846.961548 1647.557251 890.422546 0.476511
airplane 1 2120.290771 1249.885132 2242.263428 1298.664307 0.550423
person 31 1627.466919 467.099579 1645.518188 473.832214 0.286200
person 4 2131.368408 474.540833 2165.807373 543.460022 0.542811
cup 32 1464.286621 1062.858398 1539.851562 1177.254639 0.300680
skis 15 1465.897461 547.604553 1573.620483 599.703796 0.544396
bus 24 768.163269 565.946411 1368.140503 947.801025 0.410123
person 11 1043.700073 552.205872 1075.393555 592.432678 0.570778
person 7 864.139587 576.449768 886.490784 630.011230 0.576833
person 26 1470.501953 528.615479 1506.331665 580.195374 0.865128
airplane 29 1443.627319 782.372803 1535.642578 811.217224 0.712316
airplane 27 1629.043945 834.774048 2266.993164 1303.987549 0.745751
kite 14 1540.283813 784.365662 1572.564941 801.197327 0.829500
traffic light 18 765.876709 566.894775 806.041382 600.455322 0.570047
person 25 856.506897 576.728943 877.351624 627.281067 0.681674
airplane 20 2173.773438 524.747437 2406.583008 619.514709 0.786910
