48112304687
bus 162 1621.533447 533.552246 2253.056396 1009.027344 0.526325
airplane 1 2119.371582 1249.287720 2241.958008 1298.733887 0.502119
person 165 1933.364624 467.122681 1961.359741 527.994812 0.479917
backpack 142 1232.946411 1061.013062 1272.594238 1119.529297 0.263571
truck 159 1513.367920 547.360229 1585.248169 756.428467 0.314531
person 11 1040.989136 558.705322 1076.219482 633.034485 0.361074
person 154 1407.689331 771.286011 1468.157959 886.187195 0.390480
person 143 1033.763062 1000.444519 1094.993286 1186.156738 0.823952
person 7 1224.547974 1038.832764 1303.309326 1232.358765 0.904422
bicycle 166 1397.672363 820.181702 1466.170288 926.426941 0.547477
handbag 167 1232.216797 1058.939697 1281.226074 1150.583496 0.566414
chair 164 2160.043701 466.753326 2266.412109 524.988770 0.661297
airplane 115 1576.530640 846.005737 1645.194824 915.160278 0.467306
