48212304687
chair 164 2160.531494 466.841125 2262.996826 524.762085 0.280707
airplane 1 2119.781494 1249.269653 2242.181641 1298.677734 0.462058
person 165 1936.687988 467.157074 1966.501221 529.268250 0.690339
truck 159 1528.473145 546.808838 1588.626221 755.341553 0.404213
bicycle 166 1436.805176 843.279968 1501.688354 954.136475 0.369087
person 11 1043.279785 558.883362 1074.600586 631.215332 0.292360
person 154 1431.745605 791.838623 1488.803467 915.779907 0.671117
person 143 1032.190796 994.139343 1095.997681 1179.609863 0.703890
person 7 1231.903564 1048.085205 1310.595093 1241.893433 0.900806
bus 162 1631.620728 523.692810 2265.651611 1029.791870 0.580054
backpack 142 1239.018311 1066.462036 1278.666138 1124.978271 0.305614
handbag 167 1242.454712 1067.272583 1291.234131 1156.572388 0.443923
airplane 115 1574.579590 845.246582 1643.243774 914.401123 0.558492
