48245312500
chair 164 2161.917236 466.997620 2261.662842 524.584167 0.270350
bus 162 1657.078613 532.468750 2299.706055 1044.263672 0.290855
airplane 1 2119.761475 1249.286987 2242.172119 1298.666626 0.448345
person 165 1937.981812 467.218170 1968.525513 529.538635 0.734259
truck 159 1537.704468 546.933472 1587.536743 755.270935 0.311126
person 11 1043.522095 558.896301 1074.396606 631.029053 0.293243
person 154 1439.810913 800.308899 1496.647095 923.166138 0.508011
person 143 1030.820312 992.643494 1095.605957 1174.562866 0.863982
person 7 1234.664062 1050.358521 1311.862305 1244.703369 0.898943
backpack 142 1242.758057 1068.000854 1282.405884 1126.517090 0.456680
bicycle 166 1441.143555 848.406189 1506.026733 959.262695 0.607059
handbag 167 1243.927612 1069.860840 1292.707031 1159.160645 0.560083
airplane 115 1573.884155 845.375183 1642.548340 914.529724 0.570379
