48945312500
bus 162 1624.283203 515.810913 2292.183838 1057.210571 0.617802
airplane 115 1575.938599 849.323059 1644.878052 900.384583 0.298920
motorcycle 169 1657.889038 1026.913696 1764.083984 1167.967285 0.708964
person 7 1273.996460 1084.302490 1349.883789 1284.916748 0.885174
person 143 1003.087036 965.507629 1074.149414 1146.729248 0.886057
airplane 1 2119.703369 1249.045288 2242.681152 1298.936890 0.969148
backpack 142 1282.477173 1107.557373 1326.367554 1171.957520 0.501406
airplane 174 1578.005737 848.067932 1623.347900 872.681885 1.000000
person 175 1686.200195 966.445618 1767.910156 1133.101562 1.000000
airplane 168 1440.265747 783.754883 1536.117676 818.578979 0.604639
skis 173 1457.829102 547.101135 1574.124634 594.399475 0.785476
person 11 1043.985840 558.920776 1074.274902 631.042114 0.840526
chair 164 2164.194824 465.180145 2259.945557 522.159790 0.452290
person 165 1961.674927 467.437958 1979.338257 531.837036 0.444894
