49178320312
bus 162 1726.761475 542.514893 2367.751709 1083.864502 0.664905
airplane 174 1578.115845 848.424744 1623.598389 872.959595 0.269588
airplane 1 2120.374512 1248.892578 2243.084717 1298.731079 0.347477
motorcycle 169 1761.457520 1106.257446 1890.932007 1259.861694 0.519169
person 175 1790.824097 1036.721313 1879.802612 1206.580078 0.818103
skis 173 1459.851562 546.780457 1578.599731 590.523499 0.263326
airplane 168 1438.484253 785.394714 1534.876709 821.858276 0.274264
person 143 996.618713 949.583923 1059.055664 1126.260010 0.865408
person 7 1290.479004 1106.642578 1371.142212 1307.278076 0.902892
backpack 142 1296.770630 1118.666138 1344.642090 1198.845093 0.406375
airplane 115 1578.702759 851.640869 1647.821167 886.016479 0.714461
person 11 1043.930786 558.902527 1074.219849 631.023804 0.816896
chair 164 2163.566406 465.498657 2259.317139 522.478271 0.581623
person 165 1967.239258 468.067871 1984.902588 532.466919 0.381806
