49577343750
chair 164 2155.065918 467.203156 2259.414551 525.631836 0.288823
truck 176 1593.978271 525.978943 2304.083008 1120.778809 0.427651
bus 162 1802.452026 574.847595 2419.226562 1096.282959 0.455841
airplane 1 2114.204102 1248.905029 2241.477295 1298.769409 0.406110
person 165 1997.822144 470.203461 2017.961914 541.478516 0.493823
person 175 2046.254028 1197.174805 2154.713867 1313.187988 0.843585
backpack 142 1314.525757 1139.999512 1374.894043 1240.939209 0.295245
person 7 1309.183716 1129.097046 1388.327393 1335.887695 0.826200
person 143 987.033386 934.109619 1048.809204 1105.412231 0.848442
skis 173 1458.756836 547.126038 1574.334839 592.220093 0.803287
person 11 1041.226318 557.915405 1071.995605 633.233398 0.813367
airplane 174 1578.132935 848.570068 1623.591553 873.044983 0.943301
airplane 115 1577.541382 854.790039 1646.809814 883.757263 0.798802
