4794335937
airplane 2 2153.252441 679.412659 2268.844727 710.125916 0.458097
airplane 9 1578.498535 847.614258 1647.848877 887.741028 0.472974
airplane 1 2120.383789 1249.800781 2242.277588 1298.661255 0.557022
person 31 1627.388062 467.067108 1645.545410 473.835815 0.287592
person 4 2124.666016 473.324463 2158.320801 542.044312 0.558262
bus 24 812.297546 554.485229 1427.170410 929.686279 0.615030
airplane 29 1441.155151 785.176514 1534.053101 813.264648 0.271949
motorcycle 33 1357.021973 545.903687 1389.762329 583.658936 0.600363
person 7 858.402283 573.667908 881.173157 625.613647 0.576778
person 11 1043.979370 552.114685 1076.053223 593.164795 0.649675
airplane 27 1632.453369 818.795410 2270.402588 1288.008789 0.571378
kite 14 1540.397827 784.436523 1572.678955 801.268188 0.881303
traffic light 18 765.868225 566.866394 806.032898 600.426941 0.583198
person 34 1948.551514 467.223206 1973.003296 513.349670 1.000000
person 26 1486.014160 540.216614 1523.054688 591.386108 0.647430
person 25 854.447021 574.693665 875.291748 625.245789 0.644543
airplane 20 2172.187988 525.491943 2404.997559 620.259216 0.730417
