49844335937
truck 176 1617.022461 556.636841 2400.510498 1185.982300 0.263423
backpack 142 1322.796387 1166.645630 1387.643188 1273.499878 0.486110
person 143 984.984070 925.239136 1044.527344 1099.689697 0.849081
person 7 1313.374756 1155.447021 1395.359375 1366.797607 0.860045
person 165 2003.541870 467.909058 2026.755859 540.883545 0.561349
airplane 1 2117.555420 1249.134888 2241.817383 1298.599365 0.859284
chair 164 2148.055908 469.599548 2254.879150 528.505493 0.408782
person 11 1039.837036 556.710327 1071.208862 634.709595 0.684405
airplane 174 1578.723389 848.548401 1624.182007 873.023315 0.917831
airplane 115 1577.517700 854.624817 1646.786133 883.592041 0.809801
skis 173 1460.841431 547.375305 1573.234131 594.277771 0.875312
