49944335937
truck 176 1706.320312 586.546326 2436.618164 1211.295044 0.370837
person 165 2004.411987 467.521240 2032.970337 541.661804 0.545565
backpack 142 1322.981812 1162.193115 1393.485352 1278.883789 0.655177
person 7 1319.087402 1158.632935 1397.520996 1368.316895 0.542765
person 143 985.449829 921.503601 1043.452759 1092.328003 0.779532
airplane 1 2116.887207 1249.106689 2241.149170 1298.571167 0.800423
chair 164 2151.293945 472.526764 2258.117188 531.432678 0.562147
person 11 1038.532349 556.117859 1069.904175 634.117126 0.563926
airplane 174 1578.977905 848.364563 1624.436523 872.839478 0.879349
airplane 115 1577.856201 854.428772 1647.124634 883.395996 0.777568
skis 173 1461.326050 547.458313 1573.718750 594.360779 0.880458
