50010351562
person 165 2004.552734 468.316284 2039.756226 543.321106 0.572872
backpack 142 1323.799194 1165.115234 1395.440308 1285.850464 0.779793
person 7 1323.225220 1161.694946 1401.763184 1368.680908 0.361719
person 143 984.581055 917.513306 1041.781860 1085.081177 0.846371
airplane 1 2116.555664 1248.973145 2240.817627 1298.437622 0.791587
chair 164 2150.304443 473.299103 2257.127686 532.205017 0.397400
person 11 1039.011353 555.488159 1070.383179 633.487427 0.711766
truck 176 1765.753174 593.513123 2459.976318 1223.326538 0.695302
airplane 174 1579.073975 848.281250 1624.532593 872.756165 0.892141
airplane 115 1578.033081 854.211060 1647.301514 883.178284 0.789393
skis 173 1462.006470 547.491577 1574.399170 594.394043 0.897619
