4827343750
airplane 2 2153.256104 679.429443 2268.846191 710.125061 0.460832
airplane 9 1578.492188 847.642212 1647.838745 887.615967 0.470731
airplane 1 2120.407959 1249.822876 2242.248047 1298.661255 0.550053
person 31 1627.405518 467.076874 1645.540894 473.832184 0.287190
person 4 2123.442383 473.680450 2157.606689 542.084656 0.625080
bus 24 815.568665 555.258301 1437.057373 932.311401 0.616363
airplane 29 1439.721069 785.193665 1533.300171 815.273560 0.304000
motorcycle 33 1358.736084 545.748230 1391.034180 582.070312 0.768178
person 7 858.475708 573.493958 881.216125 625.544983 0.614999
person 11 1044.046021 552.099976 1075.955322 593.735779 0.652945
airplane 27 1575.087891 828.057617 2213.037109 1297.270996 0.504432
kite 14 1540.396729 784.455322 1572.677856 801.286987 0.867913
traffic light 18 765.835327 566.859985 806.000000 600.420532 0.582174
person 34 1947.393555 467.444672 1969.134033 513.790894 1.107320
person 26 1487.847168 539.160583 1524.887695 590.330078 0.953425
person 25 853.934814 574.709900 874.779541 625.262024 0.655238
airplane 20 2171.804688 525.749756 2404.614258 620.517029 0.707510
