50177343750
mouse 177 2254.382324 660.928406 2377.917725 724.880005 0.542502
chair 164 2152.942139 468.723602 2259.962158 527.432129 0.416576
airplane 1 2119.601074 1249.494263 2241.864746 1298.688599 0.577229
person 165 2010.097778 469.791077 2051.577881 544.651489 0.498406
person 11 1040.259155 555.453491 1075.419189 634.189758 0.354985
person 7 1330.372192 1179.374756 1411.975220 1381.213379 0.417818
person 143 981.722778 909.972900 1037.444824 1076.343140 0.849447
backpack 142 1334.226318 1181.954712 1394.216797 1283.870361 0.645681
airplane 174 1579.091553 848.089294 1624.550171 872.564209 0.861041
airplane 115 1578.281982 853.964478 1647.550415 882.931702 0.790524
skis 173 1463.870850 547.613403 1576.263550 594.515869 0.763849
