50376302083
chair 164 2163.424316 467.023071 2262.175537 524.183716 0.259120
airplane 1 2119.733643 1249.256592 2241.909668 1298.713013 0.595339
person 165 2023.416626 467.482483 2056.122559 545.245544 0.748347
backpack 142 1350.401367 1203.942017 1399.569580 1286.219360 0.311699
person 11 1039.825195 554.651733 1075.866699 634.267700 0.604198
person 7 1339.766113 1197.500488 1425.122803 1383.384033 0.778900
person 143 976.146851 905.883362 1033.683838 1070.280640 0.854654
person 178 2051.309082 467.061584 2071.415283 495.277435 1.000000
airplane 174 1579.254272 847.947571 1624.712891 872.422485 0.846903
airplane 115 1578.544312 853.689026 1647.812744 882.656250 0.796287
skis 173 1466.186890 547.941101 1578.579590 594.843567 0.667401
