4861328125
airplane 27 1560.200562 834.142517 2197.729980 1300.953125 0.286477
airplane 9 1578.398438 847.849976 1647.488525 887.439331 0.294462
airplane 1 2120.657715 1249.557495 2242.778809 1298.668213 0.355894
airplane 2 2153.368164 679.006958 2268.884521 709.874939 0.404546
person 34 1948.958496 467.349182 1973.665161 514.257568 0.589549
person 4 2123.401611 473.608307 2156.529785 542.362366 0.737574
kite 14 1540.344604 784.413635 1572.812744 801.205750 0.398588
traffic light 18 767.998474 567.655273 800.798889 597.921204 0.255925
bus 24 827.628113 557.210083 1471.319214 924.929932 0.516158
airplane 29 1438.558228 784.782410 1532.923218 817.789490 0.251672
motorcycle 33 1361.129395 545.767761 1393.511475 580.169128 0.606931
person 7 859.521362 573.351562 881.315552 626.054504 0.578078
person 26 1489.560059 538.254517 1526.600586 589.424011 0.965744
person 25 853.940247 574.502136 874.784973 625.054260 0.745067
airplane 20 2171.091797 526.248230 2403.901367 621.015503 0.671313
person 11 1043.780273 552.207336 1075.689575 593.843140 0.642435
