50576302083
frisbee 179 2007.250732 1176.755981 2076.615234 1217.220581 0.455774
airplane 174 1578.156250 847.863037 1624.148071 872.633362 0.309518
airplane 1 2121.384521 1249.909790 2242.197998 1298.703735 0.403297
airplane 180 2189.383057 522.879578 2409.400146 618.936462 0.431757
person 165 2032.567993 467.720703 2061.170654 547.076477 0.817701
backpack 142 1349.040283 1214.487183 1413.270264 1324.478149 0.665690
person 11 1042.213867 554.372803 1074.975708 637.667969 0.367066
person 7 1343.583130 1206.171509 1427.928833 1382.072266 0.795351
person 143 971.653259 895.840820 1030.121338 1054.741699 0.862935
boat 181 1703.424072 873.844666 1810.506104 908.450562 1.000000
airplane 182 2154.034668 679.226990 2269.166992 709.320496 1.000000
airplane 115 1578.150635 854.288452 1647.677368 884.011536 0.840276
skis 173 1459.283447 546.301514 1571.676147 593.203979 0.770286
