4894335937
airplane 27 1552.476562 844.791016 2189.695312 1310.393066 0.275648
airplane 9 1578.335938 847.970825 1647.272217 887.291626 0.288780
airplane 1 2120.730957 1249.507324 2243.039551 1298.626465 0.380215
airplane 2 2153.492188 678.723938 2268.983643 709.709961 0.401439
person 34 1947.289062 467.844238 1973.534180 515.077576 0.531774
person 4 2123.848633 473.529755 2155.887939 542.536133 0.711243
kite 14 1540.376465 784.238647 1572.887573 801.035828 0.321649
bus 24 831.350769 558.132141 1492.854004 924.738037 0.514697
airplane 29 1439.079956 784.549133 1532.952515 816.149963 0.373944
motorcycle 33 1362.899780 545.141052 1394.880981 577.453674 0.547144
person 7 860.166382 573.315552 881.360840 626.269897 0.587412
person 26 1491.151855 537.578247 1528.192383 588.747742 0.908284
traffic light 18 767.917542 567.612366 800.717957 597.878296 0.700408
person 25 854.060669 574.439575 874.905396 624.991699 0.754703
airplane 20 2170.352783 526.914612 2403.162354 621.681885 0.628931
person 11 1043.524170 552.251465 1075.433472 593.887268 0.662725
