50809309895
frisbee 179 2007.151978 1176.853516 2076.741211 1217.108765 0.614356
airplane 180 2189.111328 523.089783 2405.947021 618.680420 0.276059
airplane 182 2153.877686 680.119446 2268.800781 709.431152 0.485704
airplane 1 2119.803223 1249.582275 2241.950439 1298.697144 0.639292
person 165 2039.468140 470.497375 2071.899170 553.404175 0.810079
skis 173 1460.645142 546.268860 1575.875366 591.724182 0.260282
backpack 142 1352.507080 1247.321167 1413.355225 1336.795654 0.255183
person 7 1343.588501 1235.653931 1431.324463 1383.707275 0.917382
person 143 968.046997 890.590210 1021.975159 1052.338135 0.667186
person 11 1042.180786 553.784668 1074.742310 639.360046 0.627337
airplane 174 1578.108276 847.954956 1624.173828 872.757446 0.899475
airplane 115 1577.481445 854.444458 1647.149414 884.652100 0.837341
