51275325520
frisbee 179 2007.074463 1176.723755 2076.651123 1217.032104 0.454655
airplane 1 2121.846191 1248.878418 2242.710938 1298.710693 0.367630
airplane 182 2153.301758 679.291443 2269.327148 709.817810 0.370319
airplane 180 2194.902344 525.210876 2404.376709 618.816406 0.399767
person 165 2060.643799 473.742493 2097.050049 556.553894 0.811760
person 11 1042.632080 554.520447 1075.150391 637.327637 0.312291
person 143 956.580444 877.209839 1012.744446 1032.045654 0.867687
person 7 1360.406494 1276.036255 1444.622314 1384.223511 0.894238
skis 173 1455.429199 546.840942 1573.644043 590.617126 0.706264
airplane 115 1577.409424 853.977966 1647.077393 884.185608 0.846782
