51675325520
airplane 182 2153.914795 680.265625 2269.554443 706.674561 0.279897
airplane 1 2121.177734 1248.930908 2243.748047 1298.779663 0.315078
airplane 180 2191.133545 523.393860 2406.484375 618.264160 0.336774
person 165 2081.072754 476.342438 2112.100098 560.110352 0.838357
skis 173 1461.428101 547.362244 1581.505615 586.966858 0.276903
person 11 1042.761719 554.895569 1075.466064 638.038025 0.370934
person 143 945.661682 860.511841 997.352295 1015.212280 0.812830
person 7 1372.617188 1308.224609 1457.476196 1383.042603 0.887955
airplane 115 1577.682373 853.713013 1647.350342 883.920654 0.771493
frisbee 179 2007.019287 1176.983521 2076.581299 1217.306641 0.941514
