51908333333
airplane 115 1577.905884 855.837219 1647.557495 885.233215 0.253320
airplane 182 2153.791748 679.686401 2268.790527 708.186890 0.371157
airplane 1 2119.233887 1249.613892 2242.305176 1298.800781 0.459475
person 165 2089.170898 481.099060 2119.255127 560.750732 0.805919
person 143 946.170288 852.674866 994.434509 1005.263550 0.810810
person 7 1382.218140 1334.882080 1454.915283 1382.138184 0.838166
frisbee 179 2006.988037 1177.142456 2076.550049 1217.465576 0.962394
person 11 1042.500732 554.857056 1075.450928 637.741272 1.108140
airplane 180 2192.597168 524.561279 2401.783936 619.548096 0.755764
skis 173 1458.319580 547.317810 1578.440674 586.868042 0.725371
