52607356770
frisbee 179 2006.678589 1176.837158 2077.097168 1217.085571 0.285291
airplane 1 2120.715332 1249.317383 2242.716064 1298.723022 0.271938
airplane 182 2153.527100 678.423035 2268.943359 709.887512 0.515613
person 165 2116.297852 483.612427 2147.004150 564.565491 0.707887
person 184 877.794861 547.074890 886.247803 560.109680 0.282133
person 143 934.886597 825.778625 985.093628 970.574585 0.810969
person 11 1044.752197 555.928162 1078.425415 634.835327 0.822715
kite 183 1540.385864 784.366211 1572.453735 801.271973 0.912454
airplane 115 1576.640015 855.587524 1646.182739 885.553162 0.926905
skis 173 1455.370972 547.060303 1575.492065 586.610535 0.613821
