52740364583
frisbee 179 2006.694092 1176.831787 2077.152100 1217.053345 0.328771
airplane 1 2121.328613 1249.147095 2243.088623 1298.816895 0.273075
airplane 182 2153.529297 678.558289 2269.098145 709.964417 0.471683
person 165 2124.953613 481.936981 2152.553711 565.012451 0.812498
person 184 876.936096 547.199158 886.570068 561.820068 0.345089
person 143 935.746399 822.676086 982.577576 969.825195 0.789593
person 11 1043.826050 556.571045 1077.499268 635.478149 0.701229
kite 183 1540.330566 784.362793 1572.398438 801.268555 0.911892
airplane 115 1576.415527 855.731018 1645.958252 885.696655 0.892824
skis 173 1455.594238 547.138977 1575.715332 586.689209 0.624789
