52807356770
airplane 182 2153.810547 678.943848 2269.113037 709.236328 0.459486
airplane 1 2121.163086 1249.304077 2242.800293 1298.808960 0.460629
person 165 2126.349854 481.943176 2155.704102 566.782776 0.824126
person 11 1042.548950 555.659363 1076.576416 635.784729 0.470881
person 143 935.333435 820.389587 981.717529 968.764648 0.810653
frisbee 179 2006.599487 1176.908813 2077.042480 1217.125732 0.967850
bicycle 185 2001.751465 467.110779 2055.841797 505.059387 1.000000
person 184 876.907288 547.263916 886.585022 562.174011 0.792578
kite 183 1540.394897 784.365540 1572.462769 801.271301 0.913709
airplane 115 1576.374023 855.993774 1645.916748 885.959412 0.908967
skis 173 1455.187378 546.862427 1575.308472 586.412659 0.526424
