52973307291
airplane 182 2153.900391 679.155640 2269.022705 708.799133 0.429472
airplane 1 2121.285889 1249.615356 2242.339111 1298.744873 0.481999
bicycle 185 2001.898560 467.037476 2055.929199 504.858398 0.612598
person 165 2129.966309 485.698517 2161.384033 569.665405 0.530098
person 11 1041.787231 555.116516 1075.933350 636.145081 0.475349
person 143 934.081543 812.235229 981.488464 956.536621 0.827270
person 184 875.633545 547.389099 885.311279 562.299194 0.666321
frisbee 179 2006.647583 1177.088135 2076.831787 1217.280762 0.984747
kite 183 1540.409424 784.360596 1572.477295 801.266357 0.886821
airplane 115 1576.570068 856.170654 1646.112793 886.136292 0.961499
skis 173 1454.664673 546.859619 1574.785767 586.409851 0.546352
