53007356770
airplane 1 2121.162109 1249.588013 2242.349854 1298.736694 0.475022
airplane 182 2153.918945 679.200806 2269.035400 708.823547 0.482355
bicycle 185 2001.863037 467.061066 2055.678955 504.890900 0.649967
person 165 2131.141113 486.151886 2162.521484 569.181335 0.827018
person 11 1041.805786 555.128601 1075.972656 636.231628 0.395131
person 143 933.550659 810.485107 980.961609 953.689697 0.854802
person 184 875.533447 547.348083 885.211182 562.258179 0.688167
frisbee 179 2006.557007 1177.127686 2076.741211 1217.320312 0.985298
kite 183 1540.427856 784.347290 1572.495728 801.253052 0.920721
airplane 115 1576.530640 856.164856 1646.073364 886.130493 0.942487
skis 173 1455.105347 546.986938 1575.226440 586.537170 0.549562
