53207356770
airplane 1 2120.273682 1249.514893 2242.059326 1298.731567 0.413249
airplane 182 2153.400391 678.585693 2269.416748 709.669800 0.463961
person 165 2138.379150 487.327087 2168.568848 569.446350 0.567796
person 11 1040.951172 555.405151 1076.619019 632.839905 0.689036
person 143 932.093872 806.159241 977.175537 947.675354 0.716756
person 184 875.471619 547.015869 886.468140 562.780640 0.813392
frisbee 179 2006.655640 1177.181763 2076.778076 1217.362549 0.928025
kite 183 1540.630981 784.497925 1572.698853 801.403687 0.916769
airplane 115 1576.488770 856.112305 1646.031494 886.077942 0.939263
skis 173 1456.380371 547.339966 1576.501465 586.890198 0.560293
