53273307291
frisbee 179 2006.745117 1177.044312 2076.884277 1217.291748 0.268175
airplane 1 2120.097656 1249.506714 2241.972168 1298.722412 0.417064
airplane 182 2153.339355 678.546387 2269.451172 709.867615 0.449593
person 165 2141.543457 486.120544 2171.316895 567.824707 0.371226
person 184 874.644775 547.033752 887.015503 564.930847 0.256165
person 143 931.669434 803.595215 976.075256 942.738525 0.462181
person 11 1040.879639 555.432922 1076.682373 632.319275 0.681157
kite 183 1540.648560 784.548035 1572.716431 801.453796 0.913208
airplane 115 1576.503052 856.047546 1646.045776 886.013184 0.935350
skis 173 1456.224365 547.443542 1576.345459 586.993774 0.556080
