5160351562
airplane 27 1576.195435 831.889404 2213.602051 1295.811523 0.307640
airplane 9 1578.265503 848.082153 1646.927856 887.040405 0.323504
airplane 1 2119.280762 1249.475098 2242.403320 1298.682251 0.363462
airplane 2 2153.554199 678.457397 2269.389648 709.601685 0.428568
person 4 2120.071289 471.753754 2144.136719 537.947998 0.554117
person 34 1943.397583 467.571411 1965.704346 514.656982 0.605637
traffic light 18 770.645264 567.895508 795.459656 595.580017 0.267707
bus 24 955.944397 553.377380 1563.979248 881.702393 0.847434
person 25 861.759094 578.910217 881.966980 629.937378 0.609137
person 26 1505.520142 535.321960 1543.159424 585.371155 0.674461
train 35 735.948975 563.871216 1372.571289 973.365295 0.771619
person 7 871.198975 577.222778 892.119812 630.311523 0.579516
airplane 20 2158.156982 530.657715 2390.966553 625.424988 0.381491
person 11 1043.087036 552.741211 1074.996338 594.377014 0.652814
