53406315104
frisbee 179 2006.818115 1176.978638 2076.966309 1217.213989 0.272236
airplane 182 2153.244873 678.559631 2269.394043 709.915894 0.395279
airplane 1 2120.001465 1249.411255 2241.921875 1298.694946 0.403129
person 143 930.283264 800.162109 976.018799 939.620911 0.545213
person 11 1040.673828 555.357239 1076.572510 631.929871 0.669404
person 184 873.814087 546.882141 886.099182 566.402405 0.761774
person 165 2144.678223 485.549286 2174.451660 567.253479 0.505298
kite 183 1540.584839 784.574829 1572.652710 801.480591 0.939513
airplane 115 1576.488403 855.962708 1646.031128 885.928345 0.919121
skis 173 1455.999023 547.569824 1576.120117 587.120056 0.587998
