53440364583
frisbee 179 2006.835327 1176.972168 2076.985107 1217.180420 0.267078
airplane 182 2153.260742 678.592896 2269.390381 709.910217 0.413840
airplane 1 2119.977051 1249.423218 2241.929443 1298.691284 0.417620
person 184 873.714478 546.944397 885.264832 566.519775 0.294477
person 11 1040.670044 555.347351 1076.517944 631.820557 0.661889
person 143 929.473083 798.693787 975.108093 936.380005 0.766906
person 165 2146.047607 486.003937 2175.821045 567.708130 0.427600
kite 183 1540.562866 784.582947 1572.630737 801.488708 0.931047
airplane 115 1576.484985 855.977600 1646.027710 885.943237 0.909051
skis 173 1455.861328 547.578857 1575.982422 587.129089 0.588450
