53539322916
airplane 115 1579.123535 849.533875 1629.425415 875.075439 0.290076
airplane 182 2153.761963 679.942383 2269.513672 708.588440 0.298754
airplane 1 2119.630127 1249.801025 2241.833984 1298.678345 0.359152
person 165 2150.336182 488.077667 2184.952881 573.912537 0.821144
kite 183 1540.313232 784.239441 1572.705566 801.353699 0.295513
skis 173 1460.112183 547.129700 1580.567261 586.450745 0.361312
person 184 874.682068 546.988403 886.535583 566.931030 0.252229
person 11 1041.867310 555.816162 1075.828247 633.528259 0.262222
person 143 927.340454 793.711182 974.412292 930.833862 0.830571
frisbee 179 2006.539307 1177.113770 2076.689209 1217.322021 0.992636
