53606315104
airplane 182 2153.825439 680.163574 2269.357910 708.065979 0.278248
airplane 115 1580.225708 849.205688 1627.652954 874.095825 0.289483
airplane 1 2119.623047 1249.864136 2241.859131 1298.681519 0.387351
person 165 2151.896240 489.125122 2187.154297 574.463440 0.610479
kite 183 1540.290894 784.206787 1572.721558 801.355591 0.307246
skis 173 1460.778809 547.148804 1581.262573 586.418152 0.348743
person 143 926.870850 791.612427 974.693054 927.753662 0.798379
person 11 1041.737183 555.976379 1075.474731 633.791748 0.893663
person 184 874.787964 547.070740 886.323975 566.986084 0.942878
frisbee 179 2006.388062 1177.178223 2076.537842 1217.386475 1.001195
