53673307291
airplane 182 2153.835205 680.287415 2269.491699 707.683044 0.265427
airplane 115 1578.942505 848.368958 1625.195679 872.965393 0.292633
airplane 1 2119.573486 1249.895508 2241.790771 1298.680542 0.459361
person 165 2153.020264 489.395142 2188.920410 573.577515 0.365374
kite 183 1540.278320 784.202454 1572.724731 801.377441 0.309268
skis 173 1461.281128 547.153870 1581.766357 586.348267 0.343229
person 143 927.300964 791.302307 975.100586 925.942871 0.840135
person 11 1041.826538 555.933167 1075.417725 633.783691 0.931686
person 184 875.169861 547.046509 886.705872 566.961853 0.899249
frisbee 179 2006.353516 1177.171875 2076.503418 1217.380127 0.982954
