53773307291
airplane 182 2153.728271 680.370605 2269.144531 707.827209 0.252003
airplane 115 1577.640259 847.759888 1623.421265 872.268311 0.290049
airplane 1 2119.604492 1249.918457 2241.865234 1298.680054 0.395814
person 165 2157.538086 488.634064 2193.104980 572.720703 0.444764
kite 183 1540.279419 784.193848 1572.733643 801.380371 0.305674
skis 173 1461.582397 547.174805 1582.052979 586.321167 0.347389
person 184 874.936096 547.167297 886.672546 568.161682 0.269838
person 143 927.900696 789.880554 973.710510 921.854431 0.796522
person 11 1041.717407 556.069519 1075.341675 634.092346 0.899401
frisbee 179 2006.353638 1177.163086 2076.503418 1217.371338 0.979604
