53806315104
airplane 182 2153.918457 680.325684 2269.028076 707.674988 0.303020
airplane 115 1578.567139 852.963013 1635.485107 879.417480 0.318485
person 165 2160.593018 487.798096 2194.933838 572.860535 0.634774
kite 183 1539.933472 784.144592 1572.694458 801.596130 0.322830
person 184 875.108643 547.205383 887.477722 568.978821 0.445660
person 11 1041.600708 555.129944 1076.066284 633.573608 0.592012
person 143 928.221680 789.044922 973.846558 921.749756 0.732796
airplane 186 1578.136353 847.817871 1646.776733 917.683289 1.000000
airplane 1 2119.290039 1249.949585 2241.550781 1298.711182 0.908464
frisbee 179 2006.318604 1177.227173 2076.468506 1217.435425 0.929938
