53906315104
airplane 182 2154.016602 679.974854 2268.916504 708.257874 0.287217
airplane 115 1578.611816 856.908020 1645.429199 885.086975 0.308358
airplane 186 1578.031006 847.802246 1646.669189 917.639709 0.344226
person 165 2167.392822 487.166992 2198.514893 574.039246 0.712722
kite 183 1539.591064 784.069336 1572.740601 801.841125 0.282496
person 184 874.946777 547.209778 887.768127 570.016479 0.368587
person 11 1041.325562 554.645203 1076.593140 633.835754 0.562156
person 143 928.232971 784.039856 973.365173 920.489502 0.755570
airplane 1 2118.617920 1249.846191 2240.878662 1298.607788 0.893367
frisbee 179 2006.406494 1177.222412 2076.556396 1217.430664 0.958187
