54405338541
frisbee 179 2006.955200 1176.656250 2077.108154 1216.799683 0.494355
airplane 115 1577.889282 857.362915 1647.601929 885.867920 0.289938
airplane 182 2154.264160 681.215881 2268.924561 709.494995 0.397564
airplane 1 2121.014404 1249.130859 2241.896240 1298.705933 0.446208
person 165 2188.319336 491.969269 2216.646973 579.833801 0.789916
person 184 873.386047 547.204590 885.216309 571.844666 0.251817
person 187 840.702576 547.213440 856.857178 579.192993 0.295194
person 11 1041.344116 554.833801 1076.870972 633.798584 0.525815
person 143 925.023804 769.654419 971.277893 898.955261 0.825548
kite 183 1539.733887 784.197388 1572.981201 802.067505 0.984202
airplane 186 1578.513916 847.201538 1647.136719 917.297852 0.854353
