54538346354
frisbee 179 2007.049927 1176.539062 2077.074219 1216.990845 0.621365
airplane 115 1577.967407 857.018066 1647.514160 885.969299 0.281149
airplane 182 2153.663330 680.177673 2269.448975 709.427429 0.350419
airplane 1 2120.338867 1249.156860 2241.890625 1298.724976 0.541853
person 165 2194.451904 491.815369 2223.426758 580.925903 0.745958
kite 183 1539.703125 784.396362 1572.638062 801.729858 0.284165
person 184 873.758911 547.351562 886.342896 574.279358 0.316486
person 187 840.515991 547.252747 857.004578 579.446289 0.327599
person 11 1042.110596 554.225342 1076.887939 634.657715 0.572889
person 143 923.812073 763.743286 969.432922 894.320129 0.764979
airplane 186 1578.777344 847.317993 1647.510742 916.791077 0.851070
