54971354166
airplane 182 2154.203369 680.179626 2269.514648 709.658691 0.384630
airplane 1 2120.864990 1249.597168 2242.629395 1298.713013 0.602455
person 165 2209.452148 495.992401 2243.916260 582.139771 0.773103
kite 183 1539.673462 784.096008 1572.738281 801.679016 0.311309
person 187 840.732727 547.413208 857.025757 580.997925 0.305252
person 11 1041.170410 554.902649 1076.566284 634.282837 0.475412
person 184 873.922913 547.207092 889.306702 574.653625 0.516201
person 143 921.593506 752.970093 962.904236 881.974792 0.815892
person 188 813.055420 1008.700195 869.884338 1178.487915 0.898562
airplane 115 1577.248413 857.267029 1646.738159 886.257690 0.995514
frisbee 179 2006.756226 1176.941162 2076.746826 1217.490112 1.010564
airplane 186 1580.746094 846.549866 1649.479492 916.022949 0.754274
