55204361979
airplane 189 1578.151489 847.011658 1624.253906 872.534241 0.261726
airplane 182 2153.610107 679.373352 2268.907471 709.685608 0.344441
airplane 1 2120.686279 1249.213135 2242.220947 1298.718506 0.552175
person 165 2223.193604 496.196381 2253.583740 587.499329 0.797043
kite 183 1540.051392 784.618286 1572.942993 801.387756 0.421113
person 11 1039.969360 554.722046 1075.546509 634.471802 0.536896
person 143 919.298340 747.649963 960.141724 875.433899 0.804137
person 188 835.189880 1007.762512 926.283875 1176.932373 0.851898
frisbee 179 2006.738037 1177.043579 2076.728760 1217.592529 0.997295
person 184 875.268860 547.345154 892.081726 576.000671 0.835115
person 187 841.230530 547.033569 857.591797 581.292725 0.809239
airplane 115 1577.047729 856.878967 1646.725708 886.444214 0.890589
airplane 186 1582.246582 845.895447 1650.979980 915.368530 0.637206
