55238346354
airplane 189 1578.120483 847.033569 1624.223877 872.560364 0.260868
airplane 182 2153.562744 679.041565 2269.120361 709.658081 0.341340
airplane 1 2120.759766 1249.202148 2242.261963 1298.736450 0.552091
person 165 2224.458740 496.704559 2254.863770 588.275208 0.723696
kite 183 1540.056885 784.716797 1572.953491 801.388245 0.419280
person 11 1039.942871 554.554871 1075.669800 634.442139 0.551835
person 188 837.077087 1007.639221 929.092407 1176.693237 0.788108
person 143 918.737305 747.501587 959.649536 875.217773 0.813899
frisbee 179 2006.746948 1177.052490 2076.737549 1217.601440 0.993437
person 184 875.448730 547.358459 892.261597 576.013977 0.803119
person 187 841.419373 546.963501 857.780640 581.222656 0.786623
airplane 115 1576.945923 856.945374 1646.623901 886.510620 0.906143
airplane 186 1582.455566 845.817566 1651.188965 915.290649 0.614719
