55471354166
frisbee 179 2006.969604 1176.881470 2076.961670 1217.178223 0.352944
airplane 182 2153.688965 679.366943 2269.159668 708.836792 0.424593
airplane 1 2120.017334 1249.424438 2241.846191 1298.778809 0.471327
person 165 2232.611328 501.249329 2268.960938 591.700317 0.661897
kite 183 1540.105591 784.429077 1573.005981 801.260681 0.287859
backpack 190 850.927673 1029.668457 887.640869 1092.656128 0.386749
person 11 1040.196655 554.772888 1075.681641 634.354309 0.533021
person 143 917.527466 742.286865 958.502625 864.992920 0.725413
person 188 870.455933 998.532959 937.607178 1169.156982 0.802460
person 184 877.933472 547.386292 894.746338 576.041809 0.774913
cup 191 1464.465698 1063.290894 1538.989746 1177.454590 1.000000
person 187 841.643799 546.866638 858.005066 581.125793 0.474450
airplane 115 1576.513062 857.216858 1646.191040 886.782104 0.981446
airplane 186 1583.019409 845.406372 1651.752808 914.879456 0.628031
airplane 189 1578.261963 847.095520 1624.369507 872.626160 0.815390
