55537304687
frisbee 179 2007.009766 1176.823364 2077.002197 1216.936768 0.348519
airplane 182 2153.832031 679.634338 2269.039795 707.908142 0.438035
airplane 1 2119.218750 1249.630371 2241.444580 1298.759521 0.467957
person 165 2237.879883 502.196747 2274.827637 593.479126 0.567833
cup 191 1464.632568 1063.225098 1539.156738 1177.390259 0.312806
kite 183 1540.147461 784.119019 1572.992310 801.212524 0.302893
backpack 190 863.092834 1031.127441 892.738098 1090.960449 0.363468
person 184 877.887878 547.291565 893.639465 578.440552 0.250961
person 11 1040.877563 555.086609 1075.842163 633.531982 0.513533
person 143 917.130066 739.593689 958.804138 862.722900 0.774410
person 188 875.429138 996.937439 941.873413 1169.643311 0.784805
handbag 192 888.830933 1032.564331 916.680420 1096.492432 1.000000
person 187 841.523438 547.002808 857.884705 581.261963 0.475818
airplane 115 1576.568237 857.223633 1646.246216 886.788879 0.992515
airplane 186 1578.445068 848.924500 1647.178467 918.397583 0.680993
airplane 189 1578.859619 847.092834 1624.967163 872.623474 0.761087
