55571354166
frisbee 179 2007.008911 1176.824463 2077.002197 1216.898682 0.344206
airplane 182 2153.847412 679.685852 2269.010254 707.927551 0.420757
airplane 1 2119.059082 1249.656250 2241.379395 1298.732300 0.466842
person 165 2240.970947 501.666779 2276.077637 594.400024 0.454472
cup 191 1464.526978 1063.196777 1539.050171 1177.362671 0.313603
kite 183 1540.181885 784.064392 1573.021484 801.214844 0.302187
backpack 190 868.683777 1029.286621 898.100464 1090.071777 0.408438
person 184 878.087769 547.397705 893.761780 578.826843 0.498250
person 11 1041.030762 555.147217 1075.865845 633.361511 0.511948
person 143 917.829956 738.507385 959.005737 862.559387 0.776008
person 188 880.685425 996.331848 947.342773 1170.285767 0.857284
handbag 192 892.759705 1032.324829 921.128601 1095.755005 0.676966
person 187 841.415100 547.063477 857.776367 581.322632 0.505795
airplane 115 1576.587891 857.199036 1646.265869 886.764282 0.976297
airplane 186 1577.850464 848.882080 1646.583862 918.355164 0.883621
airplane 189 1579.069458 846.989136 1625.177002 872.519775 0.734593
