55604361979
frisbee 179 2007.006592 1176.828247 2077.001709 1216.881104 0.354555
airplane 182 2153.790771 679.692139 2268.937744 707.870850 0.430403
airplane 1 2118.970947 1249.669434 2241.347900 1298.714600 0.467175
person 165 2242.390869 501.405365 2275.590332 595.105408 0.815391
cup 191 1464.506348 1063.187134 1539.031006 1177.351074 0.310975
kite 183 1540.200928 784.038452 1573.036499 801.224792 0.299733
handbag 192 895.419312 1032.831787 925.136536 1096.599121 0.471503
backpack 190 873.645081 1026.821777 905.503174 1089.675781 0.398716
person 184 878.267395 547.600769 893.885925 579.264160 0.345309
person 11 1041.055176 555.115845 1075.876709 633.344482 0.481040
person 143 917.570862 737.563416 959.010498 862.124756 0.718068
person 188 883.438232 995.577515 955.419067 1170.362305 0.870127
person 187 841.364197 547.136780 857.725464 581.395935 0.509641
airplane 115 1576.627075 857.183472 1646.305054 886.748718 0.989233
airplane 186 1577.267822 848.928345 1646.001221 918.401428 0.888575
airplane 189 1579.169678 846.906006 1625.277222 872.436646 0.739229
