55737304687
frisbee 179 2006.998779 1176.844604 2076.995117 1216.868896 0.359188
airplane 182 2153.690430 679.602051 2269.344238 708.071655 0.431631
airplane 1 2118.901367 1249.673950 2241.437988 1298.692871 0.452606
person 165 2247.496826 500.606110 2276.925781 595.640015 0.805125
cup 191 1464.565308 1063.197632 1539.093018 1177.360229 0.311456
kite 183 1540.245728 783.989929 1573.075562 801.224915 0.302514
handbag 192 909.717590 1026.252441 942.852478 1094.184204 0.362276
person 187 840.169067 547.173096 858.024292 583.795776 0.399768
person 11 1040.160767 554.722168 1075.340698 633.044739 0.563781
person 184 878.858704 547.442322 894.678162 579.662903 0.584797
person 143 918.457520 736.228821 956.625305 861.857361 0.715653
person 188 897.089111 993.994385 984.609375 1169.754639 0.911930
backpack 190 893.393982 1023.193237 937.720764 1098.981201 0.300054
airplane 115 1576.681030 857.192078 1646.359009 886.757324 0.990054
airplane 186 1575.227783 850.184998 1643.961182 919.658081 0.882657
airplane 189 1579.436157 846.398315 1625.543701 871.928955 0.708490
