55837304687
airplane 186 1577.112061 848.978638 1645.787231 918.278442 0.256196
airplane 115 1577.589722 857.678223 1646.992310 886.068420 0.276435
airplane 182 2154.113770 679.883667 2269.121826 708.908936 0.426743
airplane 1 2119.802002 1249.105469 2242.463867 1298.691406 0.593913
person 165 2250.699219 502.372650 2285.445801 596.966797 0.797418
kite 183 1539.945679 784.314941 1572.827393 801.440125 0.289938
backpack 190 906.874023 1021.979797 946.380676 1110.017334 0.542754
person 187 839.120361 547.152527 859.123596 585.052856 0.370070
person 11 1041.504517 555.043884 1074.870605 635.632690 0.433959
person 184 881.401367 547.325012 895.674377 579.266602 0.495068
person 143 918.149109 733.484802 956.546326 857.272461 0.743474
person 188 907.046021 991.487793 993.530090 1167.885498 0.908486
airplane 189 1578.895630 847.130981 1624.792480 872.329102 0.880594
handbag 192 920.556946 1025.760864 953.789978 1093.045654 0.521929
frisbee 179 2006.729126 1176.945923 2076.724365 1216.968140 0.974120
cup 191 1464.566040 1062.855713 1539.093506 1177.019653 0.879121
