56103320312
airplane 189 1578.307739 847.848389 1623.959351 872.672058 0.258792
airplane 186 1578.204346 848.073059 1646.840210 917.290710 0.272939
airplane 115 1577.882324 857.934448 1647.151489 885.764587 0.293194
airplane 182 2154.029541 679.974854 2269.303955 709.657349 0.351107
airplane 1 2120.076660 1248.803955 2242.790039 1298.731079 0.585675
person 165 2262.085205 506.178192 2297.706543 588.414185 0.506754
kite 183 1539.842529 784.432434 1572.756348 801.487549 0.292839
backpack 190 933.878418 1011.689636 968.168457 1074.948120 0.492368
person 187 841.793091 546.905701 860.356201 587.001038 0.288381
person 184 883.239807 547.293152 900.487488 579.141052 0.337183
person 11 1042.154907 554.859070 1074.731567 636.989075 0.426355
person 143 918.843140 725.871155 957.330200 843.101746 0.658058
person 188 943.746704 982.027222 1013.080627 1151.375488 0.856082
frisbee 179 2006.205811 1177.044312 2076.201172 1217.066528 0.971043
handbag 193 982.166626 1043.581177 1009.093384 1082.297974 1.000000
handbag 192 952.502319 1021.026672 983.877319 1082.784424 0.624886
cup 191 1465.543335 1061.095825 1540.070801 1175.259766 0.580824
