56370312500
frisbee 179 2006.972534 1176.935059 2077.115479 1217.604004 0.280901
airplane 182 2154.591064 679.962097 2269.182861 706.921204 0.272176
airplane 115 1578.130249 848.764160 1647.345337 887.541443 0.299946
airplane 1 2120.095703 1248.992920 2242.046143 1298.693115 0.567199
person 165 2275.100098 505.261047 2310.653809 600.168762 0.780329
backpack 190 967.720154 1007.131836 1005.058044 1074.291870 0.483462
person 187 842.984924 547.130127 861.628235 588.869934 0.365376
person 184 886.050781 547.343628 906.349426 580.211914 0.463334
person 11 1042.184448 554.150085 1075.923096 632.226746 0.626961
person 188 970.239136 979.909119 1063.150146 1147.927246 0.900215
person 143 917.879395 719.854797 954.703430 837.970764 0.568815
cup 191 1465.320435 1062.095459 1539.847900 1176.259399 0.725713
kite 183 1539.702881 784.425476 1572.616699 801.480591 0.934475
airplane 189 1578.802490 847.626709 1624.454102 872.450378 0.918178
