366341145
frisbee 13 2007.140259 1176.868408 2076.795898 1216.803955 0.351684
airplane 9 1577.878662 847.222412 1647.166138 905.523376 0.263742
airplane 2 2153.518066 678.977234 2268.829834 710.189148 0.449098
airplane 1 2119.250000 1249.227905 2241.949707 1298.664551 0.541686
person 6 2343.302734 719.469727 2404.560059 853.885864 0.297604
person 4 2357.667480 487.696289 2388.698975 554.912903 0.500836
person 5 2179.881348 468.177002 2210.018799 540.616150 0.738273
kite 14 1540.545044 784.029785 1572.625000 801.235168 0.324625
skis 15 1462.694946 547.056580 1582.040283 585.627808 0.262417
motorcycle 16 1023.077148 547.918396 1048.732666 597.326782 0.610817
person 8 966.619202 721.162292 1010.745483 791.114136 0.420955
person 7 846.271912 557.937012 864.587646 616.187012 0.711418
person 11 1027.315674 556.209351 1047.016357 598.801086 0.704867
airplane 17 2252.052490 716.057922 2409.090820 858.377319 1.000000
person 12 1128.212402 568.285767 1184.789551 663.751587 0.262831
motorcycle 10 949.046082 732.354492 1072.068359 843.060852 0.501923
