56603320312
airplane 1 2120.474609 1248.515015 2243.002686 1298.760620 0.371622
airplane 182 2153.663818 680.248291 2268.830811 707.646301 0.466622
person 165 2284.156494 510.994965 2320.417480 604.214783 0.784846
cup 191 1464.665649 1063.380493 1539.397339 1177.143433 0.279207
handbag 195 1011.881775 1008.456726 1043.769897 1071.995728 0.358441
bicycle 194 1038.082397 581.973389 1072.019287 639.587708 0.303671
person 184 888.320862 547.309509 906.301819 580.384583 0.291601
person 11 1040.570435 554.034668 1075.889893 630.933411 0.601960
person 188 997.029480 971.919067 1070.169800 1141.097290 0.829251
backpack 190 991.276245 1002.833008 1020.989746 1067.427979 0.532253
person 143 917.592773 716.111694 955.411560 833.225891 0.590750
kite 183 1539.746826 784.420837 1572.660645 801.475952 0.913426
airplane 115 1578.542358 850.092163 1647.760986 889.018311 0.696636
frisbee 179 2006.689941 1177.209961 2076.833008 1217.878906 0.961906
person 187 842.740295 547.258667 860.162659 590.407715 0.651004
airplane 189 1579.407104 847.256226 1625.058716 872.079895 0.875407
