56769335937
airplane 1 2120.725098 1248.378296 2243.166504 1298.798828 0.375729
airplane 182 2153.608643 680.212891 2268.822510 707.955017 0.474322
person 165 2293.201660 512.143616 2328.126709 604.224854 0.669665
cup 191 1464.645874 1063.451172 1539.393066 1177.195557 0.280269
handbag 195 1028.721313 1005.713684 1060.326172 1070.184326 0.430313
backpack 190 1010.034058 995.812012 1045.803833 1065.720581 0.467521
bicycle 194 1038.140015 582.053833 1072.057007 639.689575 0.309088
person 11 1040.469116 554.050537 1075.922241 630.784729 0.606942
person 188 1021.744629 970.388672 1102.056519 1141.610718 0.891387
person 184 888.585266 547.517700 906.353271 580.632080 0.685220
kite 183 1539.745972 784.417847 1572.659790 801.472961 0.915512
airplane 115 1577.974243 850.687439 1647.192871 889.613586 0.744544
frisbee 179 2006.599487 1177.184570 2076.742432 1217.853516 0.973517
person 187 842.223267 547.108093 859.645630 590.257141 0.719921
person 143 918.392517 716.074341 954.378052 831.360718 0.589610
airplane 189 1579.570923 846.867859 1625.222534 871.691528 0.867438
