56869335937
frisbee 179 2007.086304 1176.892334 2077.179932 1217.255737 0.358984
airplane 182 2153.735840 680.496094 2269.268311 709.486755 0.323947
airplane 115 1578.173584 848.635559 1647.265991 887.773254 0.341579
airplane 1 2120.670166 1248.496704 2242.265381 1298.703613 0.560143
person 165 2299.168945 511.204132 2331.842041 606.660095 0.728338
kite 183 1539.611206 784.271973 1572.909790 801.775024 0.467829
backpack 190 1021.235046 993.259827 1061.094727 1066.116577 0.435673
person 184 888.453552 547.388794 905.896973 582.988464 0.487714
person 187 843.544128 547.136292 863.955872 590.958801 0.549549
person 11 1040.815796 554.457886 1075.552612 631.713867 0.612716
person 188 1028.910278 969.858032 1115.981812 1142.093506 0.864123
person 143 919.108093 709.898071 954.566406 825.325745 0.475713
cup 191 1465.287842 1063.382080 1540.035034 1177.126465 0.933513
handbag 195 1038.586304 1004.749451 1070.191162 1069.220215 0.570064
airplane 189 1579.342407 846.884155 1624.994019 871.707825 0.952621
