57269335937
airplane 182 2154.016357 678.767761 2269.501221 710.050842 0.415466
airplane 1 2119.658691 1249.215088 2242.091064 1298.760010 0.467928
person 165 2318.565674 516.126282 2355.158691 611.569458 0.585448
cup 191 1464.337769 1062.893311 1539.801025 1177.374268 0.320066
person 11 1041.117920 553.641479 1075.795654 631.967957 0.497371
person 187 846.469727 546.837585 865.534058 594.155945 0.564719
person 184 887.676575 547.429871 907.442383 586.160156 0.601810
person 143 914.603027 702.418213 952.983704 815.069397 0.802553
person 188 1073.706909 960.108398 1142.309326 1130.538940 0.837358
handbag 195 1076.991699 997.240417 1108.596680 1061.711182 0.501086
backpack 190 1061.657349 990.824646 1097.106934 1053.787354 0.414720
kite 183 1539.657959 784.361206 1573.046509 801.967407 0.909660
frisbee 179 2006.490112 1177.168457 2076.596191 1217.391968 0.961565
airplane 189 1579.170532 847.190063 1624.822144 872.013733 0.876703
