57335351562
airplane 182 2154.027344 678.743896 2269.576172 709.974365 0.409168
airplane 1 2119.601807 1249.121704 2242.021973 1298.754150 0.493940
person 165 2320.881348 516.511475 2357.812500 609.999451 0.529218
cup 191 1464.279785 1062.869141 1539.786255 1177.386108 0.306534
backpack 190 1068.729370 992.553284 1100.294312 1052.711914 0.261270
person 11 1041.144775 553.740417 1075.855835 631.793701 0.489989
person 187 846.693848 546.826721 865.924500 594.320374 0.527980
person 184 887.770020 547.366333 907.561951 586.507019 0.564745
person 143 912.749084 701.770203 951.959778 814.995789 0.776236
person 188 1082.646606 959.259338 1161.945312 1128.674316 0.899620
kite 183 1539.642944 784.362610 1573.031494 801.968811 0.910083
frisbee 179 2006.336914 1177.150879 2076.442871 1217.374390 0.977524
airplane 189 1579.179565 847.201172 1624.831177 872.024841 0.876770
handbag 195 1086.538818 993.898438 1118.945801 1059.588013 0.596858
