57835351562
airplane 189 1578.363770 847.710754 1623.964966 872.506348 0.321685
airplane 1 2119.466309 1249.050781 2242.461182 1298.787842 0.442765
airplane 182 2153.658447 680.260010 2269.020264 709.859314 0.486917
person 165 2346.138184 523.827942 2379.959961 621.074829 0.787071
kite 183 1539.616699 784.104980 1572.910522 801.574341 0.360319
backpack 190 1120.784058 975.119629 1168.634644 1046.400635 0.441550
person 11 1041.353882 554.574341 1075.686157 628.946655 0.538570
person 184 889.489441 546.951233 907.681763 588.113953 0.644497
person 187 847.471619 547.130615 870.315369 597.263428 0.701581
person 188 1137.081909 951.705261 1200.028564 1123.232910 0.733826
handbag 195 1140.287476 988.915894 1172.694336 1054.605469 0.608229
person 143 908.478638 695.588501 940.452087 807.924805 0.634522
surfboard 198 1703.797119 873.801270 1809.644043 909.013794 1.000000
motorcycle 199 1043.522461 575.028809 1074.018555 635.176147 1.000000
frisbee 179 2006.436279 1177.092773 2076.944092 1216.826294 0.971318
cup 191 1464.697266 1062.393311 1539.379761 1176.609375 0.852230
