57901302083
surfboard 198 1703.765869 873.829529 1809.634033 909.044678 0.385793
airplane 189 1578.201904 847.833923 1623.886841 872.695374 0.300515
airplane 1 2119.225830 1249.213013 2242.391357 1298.789673 0.449207
airplane 182 2153.578125 680.349731 2268.788574 709.900330 0.486383
person 165 2349.011230 524.768555 2382.940918 622.776611 0.786358
kite 183 1539.467896 784.008850 1572.949097 801.617188 0.338421
backpack 190 1125.745972 979.326843 1175.352661 1047.445679 0.397799
motorcycle 199 1043.841919 576.267822 1073.992310 634.525635 0.267254
person 11 1041.727905 554.715210 1075.651489 627.763794 0.566336
person 143 907.453735 691.485718 939.778992 801.387451 0.601117
person 184 889.494507 546.930847 907.725891 589.027283 0.671369
person 187 847.311890 547.234558 871.298889 597.341370 0.733472
person 188 1144.278564 951.000977 1205.572388 1123.496460 0.843237
handbag 195 1148.568848 989.592285 1179.776978 1051.807983 0.597321
frisbee 179 2006.116821 1177.191406 2076.624512 1216.924927 0.966468
cup 191 1465.146851 1061.687622 1539.829346 1175.903687 0.766806
