58201302083
frisbee 179 2007.044678 1176.796387 2077.118896 1216.822144 0.637103
airplane 1 2120.918457 1248.693726 2243.034668 1298.702881 0.427411
airplane 182 2153.806152 679.921265 2268.540283 709.731567 0.507624
kite 183 1540.112427 784.227966 1573.025391 801.209717 0.408689
backpack 190 1157.756836 976.938538 1194.559326 1069.547852 0.615879
person 11 1041.021606 555.381348 1075.066284 631.684021 0.276205
person 184 887.974487 547.211426 907.638977 591.837036 0.549916
person 143 904.010193 689.437805 937.534485 796.258606 0.560957
person 187 852.885071 547.305908 872.425354 598.335022 0.661052
person 188 1159.918457 945.283752 1238.306152 1123.726807 0.893615
person 165 2363.010254 523.688904 2396.532959 626.121826 0.386098
cup 191 1465.452637 1060.932739 1540.135132 1175.148804 0.677769
handbag 195 1179.214722 984.010315 1209.451050 1044.732666 0.660988
airplane 189 1578.614624 847.868103 1624.390991 872.801819 0.923889
