58334309895
frisbee 179 2007.206543 1176.761353 2077.185059 1216.850464 0.619089
airplane 1 2121.249512 1248.621460 2243.110107 1298.702026 0.420259
airplane 182 2153.843018 679.217773 2268.952637 709.840576 0.510592
kite 183 1540.157959 784.277222 1572.895752 801.072937 0.404740
person 11 1040.602417 554.789551 1074.997192 632.417480 0.299823
person 184 887.736511 547.185974 908.840820 592.207092 0.540809
person 187 854.177979 547.621521 873.036377 599.298767 0.716941
person 188 1171.541870 941.397339 1239.105103 1114.808838 0.786612
person 143 898.638306 686.448792 935.518372 793.087585 0.790356
person 165 2368.528320 533.683105 2405.432617 628.540649 0.370530
backpack 190 1167.995117 970.982666 1201.540771 1067.223877 0.533300
skis 200 1462.197144 547.328064 1582.508423 587.221619 0.999761
cup 191 1465.451172 1061.228516 1540.133667 1175.444580 0.692430
handbag 195 1188.106079 979.564209 1218.342529 1040.286621 0.506658
airplane 189 1578.972900 847.685974 1624.749268 872.619690 0.891283
