5660351562
airplane 2 2153.757568 678.901917 2269.326904 710.385681 0.292893
airplane 1 2121.063965 1249.775024 2242.765381 1298.753418 0.447019
person 34 1925.028198 466.840302 1950.446899 511.602997 0.543217
person 4 2094.145996 470.468140 2123.313232 534.971069 0.710691
traffic light 18 771.130798 568.628479 795.380554 594.968628 0.391906
train 35 756.134155 568.482422 1393.067139 959.440002 0.526722
bus 24 956.760620 551.351257 1591.384033 906.366333 0.735336
person 7 868.398621 580.120239 891.105347 628.704041 0.612164
person 11 1042.508789 554.135498 1074.418091 595.771301 0.542178
person 25 863.567383 580.404907 887.443359 630.046509 0.690552
airplane 27 1763.661987 796.397278 2401.068848 1260.319336 0.510513
airplane 20 2188.820312 523.120239 2407.124023 619.003418 0.671385
