58600325520
frisbee 179 2007.097046 1176.838867 2076.793213 1216.905762 0.321839
airplane 182 2151.880371 678.847473 2267.909180 702.308899 0.318278
airplane 1 2120.388916 1249.293457 2242.583008 1298.699707 0.363597
person 201 2053.169189 467.101868 2071.722900 496.047699 0.278407
person 165 2387.510254 532.936584 2411.546875 629.473633 0.457439
cup 191 1464.088135 1062.940063 1539.626221 1177.212891 0.254443
backpack 190 1190.529541 964.045959 1222.400024 1033.365601 0.601366
person 184 889.562500 547.175476 910.369873 591.688171 0.480015
person 187 851.372314 547.480408 873.064270 602.510132 0.673102
person 11 1039.799683 554.168274 1075.499634 633.934265 0.711130
person 143 896.408264 683.403931 931.241150 790.856934 0.764828
person 188 1206.664429 936.836975 1285.706299 1111.265259 0.836837
kite 183 1540.162109 784.389038 1572.894409 801.150574 0.893993
handbag 195 1209.612915 974.321411 1239.849365 1035.043823 0.572368
airplane 189 1578.545776 847.675415 1624.322144 872.609131 0.877839
