58767317708
frisbee 179 2007.075684 1176.821167 2076.736572 1216.910400 0.304668
airplane 182 2153.202393 678.816528 2269.168945 701.543274 0.272217
airplane 1 2120.387695 1249.252808 2242.557129 1298.667847 0.389120
person 201 2052.955566 467.104675 2071.729492 496.085358 0.279228
person 165 2393.305664 535.301514 2410.984619 634.916626 0.594290
backpack 190 1207.952637 960.108154 1242.389404 1030.462891 0.481963
person 184 893.055298 547.372070 912.503357 592.532471 0.445577
person 11 1039.807251 554.191223 1075.716431 634.260986 0.654742
person 187 851.680786 547.236694 872.972229 603.365540 0.693723
person 143 897.536926 681.481384 929.616821 788.672607 0.791394
person 188 1210.946167 934.201111 1293.588745 1107.632935 0.882891
kite 183 1540.125488 784.396057 1572.857788 801.157593 0.862802
handbag 195 1226.729858 973.399963 1256.966309 1034.122314 0.583942
airplane 189 1578.224731 847.859863 1624.001099 872.793579 0.873292
