58967317708
frisbee 179 2006.782349 1176.818848 2077.157959 1216.867676 0.507792
airplane 182 2154.106445 681.404175 2269.395264 709.049316 0.287860
airplane 1 2121.217773 1249.383057 2242.245850 1298.676758 0.439202
kite 183 1540.355469 784.046326 1572.623169 801.096436 0.278254
backpack 190 1223.333984 955.310730 1262.303955 1024.533813 0.424969
person 184 889.975098 547.532288 912.259460 595.102051 0.440904
person 11 1040.044312 553.865845 1076.412109 635.016541 0.545406
person 188 1233.923706 928.325500 1296.798828 1100.147461 0.736592
person 187 852.357422 547.150208 874.600159 603.223145 0.756890
person 143 894.312683 677.447083 928.854736 781.211609 0.808775
airplane 189 1578.626099 847.820557 1624.402466 872.754272 0.893924
person 201 2052.758301 467.120819 2071.532227 496.101501 0.827198
