5726302083
airplane 2 2153.818604 678.763245 2269.562744 710.415649 0.306884
airplane 1 2121.287354 1249.785645 2242.815186 1298.751099 0.444435
person 34 1922.045532 466.817993 1945.858521 511.524872 0.714657
person 4 2092.729492 469.323608 2119.470459 534.517334 0.736297
traffic light 18 771.128967 568.552429 795.410522 594.957458 0.364192
train 35 760.939819 567.223328 1397.900879 958.180359 0.427537
bus 24 951.266785 550.277283 1586.768066 903.683838 0.754250
person 7 868.426514 580.090088 892.080627 628.677551 0.617502
truck 37 1578.569824 556.284058 1654.826782 876.160889 0.570301
frisbee 38 2006.880859 1176.429199 2077.034668 1216.701660 1.000000
person 11 1042.515259 554.493958 1074.424561 596.129761 0.556317
person 25 862.108704 580.848145 885.984680 630.489746 0.696084
airplane 27 1689.715332 831.714478 2327.122070 1295.636597 0.518986
airplane 20 2188.937012 523.061096 2407.240723 618.944275 0.674104
