59167317708
frisbee 179 2006.964111 1176.554810 2077.040527 1216.648193 0.280016
airplane 182 2153.629639 680.836853 2269.249512 709.301514 0.251693
airplane 1 2121.784424 1249.215942 2242.563965 1298.687622 0.370123
airplane 189 1577.430054 847.934265 1638.861328 882.662598 0.374702
kite 183 1540.119141 783.947021 1573.115723 801.319031 0.330174
backpack 190 1237.261353 958.057434 1277.437256 1034.078491 0.440855
person 11 1040.988037 554.073975 1076.279541 632.993530 0.314332
person 184 889.527771 547.338318 912.578613 597.080444 0.668506
person 187 852.158081 547.512146 875.088501 605.103271 0.701358
person 188 1249.690552 923.187988 1309.431641 1098.211304 0.725313
person 143 891.113098 677.347900 927.804321 782.284424 0.787556
chair 202 2158.946533 467.138245 2260.577637 525.599426 1.000771
suitcase 203 1305.169067 955.267700 1350.153320 1023.911926 0.963981
person 201 2052.637207 467.284454 2071.411133 496.265137 0.797135
