59366341145
chair 202 2159.238525 467.143463 2260.682373 525.591736 0.309451
airplane 1 2121.934326 1249.196045 2242.576660 1298.731445 0.359259
airplane 189 1577.494507 847.886658 1645.744995 886.891785 0.376762
kite 183 1539.983154 783.911682 1573.370972 801.454651 0.350615
suitcase 203 1304.148071 955.570312 1350.370605 1024.539429 0.421380
backpack 190 1249.669922 952.869141 1286.899780 1043.607178 0.448435
person 11 1041.359863 554.007690 1076.203979 632.161255 0.393923
person 187 853.994629 547.215515 877.966675 605.135132 0.619240
person 184 889.112976 547.213684 913.008789 597.775208 0.638353
person 188 1254.720215 918.653503 1321.062866 1096.138916 0.730844
person 143 886.870422 673.412048 923.261108 776.097961 0.823811
frisbee 179 2006.667480 1176.774414 2076.657471 1216.893921 0.964376
airplane 182 2152.937256 681.139465 2268.773438 709.952759 0.695842
person 201 2052.487061 467.398773 2071.260986 496.379456 0.779942
