59400325520
chair 202 2159.338623 467.124969 2260.675781 525.553833 0.326343
frisbee 179 2006.906494 1176.575195 2076.856201 1216.708496 0.253318
airplane 1 2121.964355 1249.197144 2242.615479 1298.727417 0.374792
airplane 189 1577.766602 847.841736 1646.179932 886.942261 0.375321
kite 183 1539.962891 783.903503 1573.369507 801.455688 0.330849
backpack 190 1252.281494 950.543396 1298.502808 1032.890381 0.272695
person 11 1041.300049 553.933716 1076.045166 631.905457 0.380962
person 184 889.082397 547.234009 913.155640 598.111938 0.637334
person 188 1254.342285 917.116760 1321.954834 1094.074097 0.664206
person 187 854.808289 547.347839 877.786255 605.542175 0.664494
person 143 886.938599 672.680115 922.386414 775.847351 0.814613
airplane 182 2152.460449 681.391846 2268.296631 710.205139 0.648931
suitcase 203 1304.718018 955.372437 1350.940552 1024.341553 0.745942
person 201 2052.471680 467.402283 2071.245605 496.382965 0.774224
