59633333333
chair 202 2160.542480 467.194580 2266.440186 525.251465 0.253438
frisbee 179 2006.649658 1176.905029 2076.936523 1217.058350 0.323211
airplane 204 2171.029053 523.874329 2406.595215 619.412537 0.282323
airplane 182 2153.345703 678.191467 2269.314941 708.843323 0.420831
airplane 1 2120.954102 1250.156128 2241.753662 1298.704346 0.553270
kite 183 1539.966675 784.384583 1573.209839 801.424744 0.341422
suitcase 203 1312.819214 959.551025 1351.390503 1024.146484 0.355209
backpack 190 1261.271362 943.407410 1305.899414 1011.972900 0.556301
person 11 1041.968262 553.375610 1076.510376 633.130615 0.400424
person 184 888.395874 547.196106 913.454163 599.408447 0.603644
person 188 1268.307495 912.377441 1332.675781 1081.514038 0.697610
person 187 855.395386 547.250854 877.496399 607.187134 0.728612
person 143 886.280823 671.838623 922.016418 774.594055 0.812008
airplane 189 1576.717529 847.970520 1645.231689 887.131714 0.757796
person 201 2052.335693 467.317902 2071.109619 496.298584 0.870391
