59733333333
chair 202 2160.283691 467.280884 2266.107178 525.296814 0.252463
frisbee 179 2006.640503 1176.883301 2076.942627 1217.107788 0.287190
airplane 204 2163.682617 523.735962 2403.411133 619.583252 0.284451
airplane 182 2153.260498 678.010742 2269.414795 709.039795 0.432152
airplane 1 2121.041260 1250.115234 2241.803955 1298.680298 0.540049
kite 183 1539.909912 784.451050 1573.204224 801.470032 0.362307
backpack 190 1266.241943 940.634583 1302.074097 1007.514038 0.383241
person 11 1042.005981 553.493103 1076.694092 633.359924 0.269327
person 184 888.689941 547.209229 913.726685 600.692444 0.598264
person 187 855.498657 547.418335 877.026062 607.567627 0.726819
person 143 885.491699 670.100952 919.963318 773.248413 0.785483
person 188 1277.967407 911.736450 1348.331909 1079.383301 0.814767
airplane 189 1576.291870 848.101074 1644.806030 887.262268 0.740762
person 201 2052.348633 467.308350 2071.122559 496.289032 0.873849
