59866341145
airplane 205 1578.244873 848.300903 1647.033325 918.134888 0.285896
airplane 204 2192.712646 523.003967 2405.010254 617.368408 0.308577
airplane 189 1577.689697 855.714233 1646.627686 885.843811 0.352241
airplane 1 2121.006592 1249.346436 2242.265137 1298.687500 0.456914
person 201 2054.917480 467.144012 2071.800537 496.059174 0.304931
kite 183 1540.358032 784.144897 1572.773071 801.183716 0.439047
backpack 190 1275.447998 942.884216 1312.190552 1006.091797 0.591921
bicycle 206 1040.794800 587.539978 1068.563721 641.543396 0.260286
person 184 889.670959 547.138855 913.491333 600.821655 0.495785
person 11 1041.684448 554.520996 1076.384033 630.392395 0.575480
person 187 854.685364 547.271729 875.597290 608.190125 0.707795
person 188 1287.305420 912.422852 1358.520874 1078.555054 0.815227
person 143 882.692993 665.775635 916.037598 768.193237 0.820033
frisbee 179 2006.497070 1176.981079 2076.798828 1217.213867 0.980292
chair 202 2160.566895 467.419495 2266.569336 525.455994 0.697237
airplane 182 2153.223877 678.099792 2269.392822 709.164246 0.944224
