60032356770
airplane 204 2196.694580 522.878845 2403.896729 616.905273 0.278731
airplane 205 1578.294434 848.294128 1647.086304 918.099976 0.283064
airplane 189 1577.573730 857.440247 1646.602905 885.602661 0.346217
airplane 1 2121.191650 1249.275146 2242.363037 1298.723022 0.408766
person 201 2055.432617 467.118896 2071.875000 496.051056 0.308218
kite 183 1540.446899 784.099976 1572.624878 801.147034 0.424693
backpack 190 1287.860596 943.440491 1323.567139 1006.780945 0.540484
person 11 1041.473633 554.361816 1076.417725 629.872375 0.497576
person 184 890.258911 547.147095 913.642883 601.181091 0.558020
person 187 854.891724 548.031677 876.663086 609.023376 0.674075
person 143 881.831543 665.104858 914.761597 767.071899 0.678880
person 188 1293.708618 914.135803 1359.919800 1074.848145 0.827055
frisbee 179 2006.402466 1176.987671 2076.704102 1217.220459 0.978072
chair 202 2161.322510 467.522186 2267.324951 525.558655 0.653655
airplane 182 2153.057129 678.723145 2269.226074 709.787598 1.073647
bicycle 206 1040.704346 586.772583 1068.817871 641.076843 0.928597
