5826302083
frisbee 38 2006.835815 1176.534790 2077.000244 1216.851807 0.258397
airplane 2 2153.801514 678.692505 2269.630615 710.417053 0.336584
airplane 1 2121.317627 1249.893799 2242.747314 1298.724365 0.423068
person 4 2090.616455 469.717468 2116.088867 534.132446 0.670126
person 34 1918.924072 466.868317 1944.855713 511.371857 0.729083
traffic light 18 771.135010 568.484497 795.463440 594.967529 0.357903
bus 24 947.584045 550.726685 1585.432617 916.295837 0.671971
person 7 870.163452 580.207703 893.221619 631.868835 0.679172
person 11 1042.699341 555.302612 1074.608643 596.938416 0.578638
person 25 862.720398 583.168945 886.596375 632.810547 0.568075
airplane 27 1625.353149 836.576233 2262.759766 1300.498291 0.546201
train 35 769.823425 568.599304 1407.483887 959.323486 0.894870
airplane 20 2188.816406 523.072144 2407.120117 618.955322 0.677433
