60199348958
frisbee 179 2007.049561 1176.802002 2077.013672 1216.865601 0.490860
airplane 189 1578.104492 850.393127 1646.941772 886.292114 0.322407
airplane 1 2120.246338 1249.398926 2242.065186 1298.707031 0.493472
bicycle 208 2001.818604 467.036072 2057.748047 505.269257 0.337425
kite 183 1540.297852 784.108704 1572.767334 801.128784 0.341618
backpack 190 1294.516724 942.510132 1332.532471 1021.599365 0.334573
person 11 1042.201660 553.552795 1075.815918 628.675720 0.494281
person 184 890.262817 547.252197 913.680786 602.573608 0.632446
person 187 856.194702 550.110413 878.143188 609.692871 0.720382
person 188 1303.993530 928.314819 1362.979004 1068.876221 0.776626
person 143 878.405212 665.296875 913.829590 764.886475 0.826266
chair 202 2161.153076 467.430511 2267.155518 525.466980 0.706433
airplane 182 2152.615479 679.950623 2268.784424 711.015076 0.878992
backpack 207 1343.464478 966.969727 1365.398682 1014.590149 0.521496
airplane 204 2196.131348 523.348572 2403.153809 617.230530 0.718657
bicycle 206 1041.127319 586.864868 1069.240845 641.169128 0.841899
