61164322916
frisbee 179 2006.872681 1176.787964 2076.836426 1216.850342 0.516006
airplane 182 2154.101562 680.113770 2269.953857 710.034851 0.256616
airplane 204 2186.954590 522.859619 2399.957520 618.653503 0.384899
airplane 1 2119.566406 1249.345581 2242.136963 1298.735596 0.409856
kite 183 1539.774048 784.093506 1572.908203 801.751831 0.427974
backpack 207 1354.962769 959.738647 1388.796021 1011.726746 0.278645
airplane 209 1437.045776 788.001221 1533.370972 823.463257 0.389168
bicycle 206 1042.799561 581.234924 1070.911621 638.202759 0.274773
person 11 1041.698730 552.609070 1076.013184 631.617432 0.471133
person 184 889.125610 547.268799 914.305054 608.833557 0.717570
person 188 1321.086792 898.811340 1361.725342 1068.479126 0.762606
person 187 856.402161 553.532593 880.367859 615.815125 0.805219
person 143 866.886230 656.087769 902.683960 749.754211 0.833152
boat 210 1703.656982 873.595459 1810.229614 908.761108 1.000021
airplane 189 1579.198975 849.117126 1647.974365 887.331055 0.790430
backpack 190 1307.412720 937.729553 1338.053955 1019.386230 0.554996
bicycle 208 2006.130981 466.858582 2056.644287 501.518921 0.670859
chair 202 2155.355713 467.350250 2260.045898 525.557129 0.651514
