61264322916
frisbee 179 2006.997559 1176.776611 2076.914551 1216.771362 0.488518
boat 210 1703.715820 873.632996 1810.290894 908.804260 0.285254
airplane 204 2191.421875 521.699402 2404.291016 618.205383 0.362947
airplane 1 2119.520508 1249.284790 2242.229004 1298.684448 0.463118
kite 183 1540.073242 783.889221 1572.801270 801.608459 0.399254
airplane 209 1437.142456 788.208130 1533.221436 823.516174 0.346232
bicycle 206 1043.435791 580.009521 1071.538330 638.032715 0.263869
person 11 1042.047119 552.752197 1076.070312 630.655334 0.484437
person 188 1322.959351 898.293701 1362.629517 1068.448242 0.736218
person 184 889.380859 547.240967 914.375793 610.743286 0.737541
person 187 856.675903 554.858276 880.763245 616.351318 0.814029
person 143 865.645203 652.425232 901.139587 747.033325 0.826295
airplane 182 2154.131592 679.541260 2270.590088 709.745544 0.970118
airplane 189 1579.244995 849.132263 1648.020386 887.346191 0.796327
backpack 190 1308.813232 933.248047 1339.454468 1014.904724 0.498208
bicycle 208 2005.853882 466.855164 2056.367188 501.515503 0.726975
chair 202 2154.964844 467.376190 2259.655029 525.583069 0.631496
