61331315104
frisbee 179 2007.011108 1176.783569 2076.932373 1216.771606 0.488629
boat 210 1703.710083 873.644409 1810.296509 908.816772 0.340353
airplane 204 2191.899170 521.556885 2404.790039 618.171997 0.369765
airplane 1 2119.457275 1249.313721 2242.262207 1298.670166 0.491444
kite 183 1540.253296 783.908203 1572.660278 801.443237 0.384596
airplane 209 1437.125977 787.962463 1533.153931 823.514648 0.395545
bicycle 206 1043.492065 579.912354 1071.804199 638.489563 0.264246
person 11 1042.038330 552.811401 1076.150269 630.528503 0.472386
person 188 1323.590454 898.555054 1363.268677 1068.637085 0.704945
person 184 889.660461 547.211304 914.348145 611.081909 0.722903
person 187 857.206421 555.438782 881.310059 616.733643 0.800404
person 143 864.555542 650.625793 899.773254 746.847778 0.825318
airplane 182 2154.137207 679.107666 2270.912109 709.442505 1.002721
airplane 189 1579.243652 849.133606 1648.019043 887.347534 0.791447
backpack 190 1309.796753 931.716858 1340.437988 1013.373535 0.474837
bicycle 208 2005.809204 466.860382 2056.322510 501.520721 0.730476
chair 202 2154.788330 467.318726 2259.478516 525.525574 0.612858
