5959309895
bus 40 1579.701416 559.862244 1713.274292 876.821838 0.812940
airplane 39 2290.918457 733.599121 2402.964355 771.847839 0.276290
airplane 2 2153.336670 678.997620 2269.138916 710.124512 0.419236
airplane 1 2119.223877 1249.535889 2242.199463 1298.708008 0.431993
person 41 1578.474854 500.537048 1596.987061 562.632812 0.453991
person 4 2083.699219 467.351990 2112.865723 533.421387 0.635285
person 34 1916.982300 467.023193 1942.844727 511.086548 0.687039
bus 24 949.094788 548.586182 1585.283447 896.734497 0.441591
person 11 1046.552979 556.019653 1073.248047 605.460876 0.388688
person 25 871.712097 579.313232 893.866638 633.263672 0.706872
person 7 877.111755 579.112061 900.169922 630.773193 0.554492
train 35 776.358704 571.603760 1414.019043 962.328003 1.006419
airplane 20 2187.741211 523.335693 2406.044922 619.218872 0.658274
frisbee 38 2006.354126 1176.757812 2076.518555 1217.074951 0.876116
traffic light 18 771.214355 568.612671 795.542786 595.095703 0.875175
