61397330729
frisbee 179 2007.015503 1176.779541 2076.935791 1216.762695 0.511754
boat 210 1703.725342 873.642517 1810.311279 908.823608 0.277940
airplane 204 2192.188721 521.569885 2404.408691 618.252625 0.370181
airplane 1 2119.474121 1249.317749 2242.288574 1298.662476 0.468591
kite 183 1540.305786 783.915100 1572.607422 801.380676 0.335086
airplane 209 1437.136353 787.756042 1533.194092 823.445496 0.427006
person 11 1042.064819 552.858765 1076.112549 630.360168 0.482320
person 188 1323.341064 897.827637 1369.670044 1068.768555 0.646760
person 184 889.759460 547.340027 913.821777 611.964111 0.672624
person 143 864.648621 650.817444 898.830811 745.251343 0.782812
person 187 857.356323 555.775574 881.422729 616.741638 0.798525
airplane 182 2153.981934 678.850281 2270.940430 709.276184 1.011456
airplane 189 1579.240479 849.128357 1648.015869 887.342285 0.796327
backpack 190 1310.470093 930.452698 1341.111328 1012.109375 0.453873
bicycle 208 2005.758667 466.848114 2056.271973 501.508453 0.717337
chair 202 2154.651367 467.230591 2259.341553 525.437439 0.606069
