61497330729
frisbee 179 2006.977417 1176.705811 2076.850586 1216.862183 0.348580
airplane 189 1578.474121 847.980896 1647.270386 886.714600 0.276137
airplane 182 2153.988525 678.443726 2269.587646 709.499390 0.438058
airplane 1 2119.742676 1249.403687 2242.278076 1298.671509 0.561277
kite 183 1539.847412 784.096802 1572.748901 801.649780 0.505783
airplane 209 1437.148071 786.615784 1533.030884 823.463501 0.320939
person 11 1041.989990 552.977539 1075.416626 630.517395 0.513195
person 188 1321.049805 897.426392 1375.391724 1069.376465 0.695519
person 184 888.341309 549.261658 912.467712 611.848389 0.745016
person 187 857.165344 554.484558 881.366882 618.302490 0.804030
person 143 864.814941 650.909363 898.580322 744.082764 0.837308
backpack 190 1311.659790 923.314758 1342.301025 1004.971436 0.439250
bicycle 208 2005.831909 466.889740 2056.345215 501.550079 0.736980
chair 202 2154.199951 467.228271 2258.890137 525.435120 0.609053
