61697330729
frisbee 179 2006.966309 1176.650513 2076.911377 1216.903442 0.374453
airplane 189 1578.266968 847.619812 1647.065552 886.292236 0.284538
airplane 182 2154.131348 678.365845 2268.964844 709.696655 0.434332
airplane 1 2119.859863 1249.501831 2242.211914 1298.666626 0.537847
kite 183 1539.630493 784.182495 1572.876221 801.757935 0.525278
airplane 209 1437.549927 786.105896 1533.320312 823.468079 0.311372
person 11 1042.115723 553.270508 1075.060059 630.692566 0.515605
person 187 856.990967 554.285095 880.928894 620.692383 0.759237
person 143 864.528320 649.485107 896.975159 743.529358 0.778103
person 184 886.226440 550.633484 911.934082 613.098755 0.778892
person 188 1317.816284 897.076721 1374.457031 1069.262207 0.798574
backpack 190 1314.258423 915.937012 1344.899658 997.593689 0.365098
bicycle 208 2005.591064 466.866455 2056.104492 501.526794 0.776941
chair 202 2153.183350 467.138153 2257.873535 525.345032 0.539276
