61797330729
frisbee 179 2007.011841 1176.666748 2077.030273 1216.747437 0.708641
airplane 182 2154.407715 679.379944 2268.869385 709.613525 0.381509
airplane 1 2119.829346 1249.330078 2242.316406 1298.676270 0.421323
kite 183 1539.649902 784.368469 1572.874512 801.667725 0.535899
person 184 885.591064 550.150940 912.483582 613.537170 0.776931
person 187 856.553650 556.220520 880.525940 621.631836 0.778478
person 143 862.922424 646.925598 894.655334 741.694336 0.797993
person 188 1316.690796 896.351318 1373.567383 1068.764404 0.741434
airplane 209 1437.768799 786.058655 1533.512207 823.510620 0.853560
airplane 211 1578.658203 835.019348 2207.710938 1297.222412 1.000000
backpack 190 1312.364014 913.776978 1343.005249 995.433655 0.410024
bicycle 208 2005.485474 466.884644 2055.998779 501.544983 0.808861
chair 202 2152.588867 467.115295 2257.279053 525.322144 0.565576
airplane 189 1578.343384 847.697937 1647.136230 886.325623 0.916022
person 11 1042.130249 553.312195 1075.019531 630.750061 0.856599
