61963346354
frisbee 179 2007.082153 1176.728516 2077.260254 1216.622559 0.699860
airplane 182 2154.412354 680.694885 2268.540771 709.542725 0.316579
airplane 211 1599.435425 833.156250 2228.623535 1296.090332 0.326445
airplane 1 2119.749268 1249.243408 2242.230713 1298.714722 0.452578
kite 183 1539.692505 784.592529 1572.859253 801.483154 0.547052
airplane 209 1436.884155 786.128723 1533.592285 823.457642 0.258909
person 187 855.412048 557.367798 879.222229 622.207092 0.762338
person 184 885.879517 550.337280 913.612122 614.530151 0.762751
person 143 861.990967 645.119629 892.562561 738.243896 0.772647
person 188 1311.864868 896.454529 1370.337402 1068.463257 0.778097
bicycle 208 2005.174316 466.852509 2055.687500 501.512848 0.805049
chair 202 2152.138184 466.885254 2256.828369 525.092102 0.483975
airplane 189 1578.983887 848.009094 1647.776733 886.636780 0.920810
backpack 190 1310.047119 924.245178 1344.943237 997.430420 0.389824
person 11 1042.482300 553.409119 1075.371582 630.846985 0.873097
