62063346354
frisbee 179 2007.083618 1176.714966 2077.300293 1216.615479 0.717259
airplane 182 2154.330566 680.940063 2268.412354 709.542542 0.302816
airplane 211 1620.172852 825.712036 2248.687256 1288.737793 0.333850
airplane 1 2120.083740 1249.236206 2242.314209 1298.699585 0.442416
bicycle 208 2003.157837 467.062103 2056.215332 502.722626 0.300192
kite 183 1539.681885 784.604065 1572.853638 801.481506 0.515455
person 143 860.305359 645.639709 891.152649 736.975647 0.712504
person 184 887.404419 551.767334 913.998474 615.690979 0.727184
person 188 1311.008057 896.450500 1369.711914 1068.520020 0.745697
person 187 854.825134 557.568481 879.051697 622.638733 0.769905
chair 202 2152.218506 466.945679 2256.908691 525.152527 0.493465
airplane 189 1579.212769 847.952942 1648.005615 886.580627 0.952570
backpack 190 1307.934692 923.494873 1342.830811 996.680115 0.386070
person 11 1042.544800 553.403503 1075.434082 630.841370 0.867950
airplane 209 1437.279785 786.013367 1534.004517 823.525391 0.928408
