62230338541
chair 202 2157.836426 467.264771 2263.554688 525.948730 0.281600
frisbee 179 2007.013916 1176.429565 2076.951660 1216.321045 0.680593
airplane 189 1578.385620 847.556274 1646.809692 886.473145 0.331018
airplane 1 2121.273193 1248.392822 2243.275391 1298.700195 0.371845
airplane 182 2153.833984 679.766602 2268.830078 709.694519 0.495457
bicycle 208 2002.030640 467.168579 2059.882080 504.642761 0.391828
kite 183 1539.668945 784.578369 1572.910767 801.584412 0.405216
backpack 190 1309.128784 933.184082 1344.619141 994.902466 0.320249
person 188 1311.024170 896.866638 1369.900513 1069.104248 0.749203
person 184 888.878540 551.198242 915.086609 617.072937 0.749203
person 187 854.499146 558.567200 879.504822 623.902710 0.792345
person 143 858.523254 642.552368 889.582947 735.203857 0.828115
person 11 1042.923218 553.218018 1075.812500 630.655884 0.764767
airplane 209 1437.765015 786.272034 1534.489746 823.784058 0.995006
