62296354166
chair 202 2158.286133 467.247101 2264.203857 525.965698 0.271791
frisbee 179 2007.019287 1176.411865 2076.921631 1216.276733 0.668150
airplane 189 1578.352417 847.543030 1646.745239 886.487061 0.331281
airplane 1 2121.390625 1248.312500 2243.351562 1298.720215 0.410512
airplane 182 2153.769775 679.604431 2268.889160 709.658447 0.478178
bicycle 208 2001.857544 467.135742 2059.663818 504.714813 0.364612
kite 183 1539.667725 784.558655 1572.933716 801.605042 0.290742
backpack 190 1308.718140 933.847839 1345.186157 994.870972 0.392386
person 184 889.304810 551.062317 914.990967 617.103516 0.728132
person 188 1312.751587 896.950256 1370.198364 1069.306519 0.761600
person 187 854.492065 559.657898 879.600891 624.032471 0.792409
person 143 858.293213 641.305054 888.797546 734.187561 0.857862
person 11 1042.990356 553.201172 1075.879639 630.639038 0.759392
airplane 209 1437.639771 786.464722 1534.364502 823.976746 1.032030
