62396354166
chair 202 2158.386475 467.259552 2264.429443 526.002563 0.265930
frisbee 179 2007.004639 1176.405273 2076.899170 1216.252563 0.646569
airplane 189 1578.341797 847.525330 1646.720093 886.480530 0.332365
airplane 1 2121.277100 1248.334717 2243.163574 1298.741089 0.398974
airplane 182 2153.749268 679.404358 2269.150391 709.654907 0.472320
bicycle 208 2001.832031 467.094543 2059.513184 504.723480 0.346501
backpack 212 1299.753174 942.521912 1328.349609 1025.599976 0.294792
backpack 190 1307.393066 931.226746 1344.228271 996.041626 0.431269
person 184 890.212158 551.405212 914.610779 617.992249 0.670979
person 188 1314.861572 897.337402 1370.334106 1069.619507 0.789341
person 187 854.564087 560.181946 879.716370 624.133118 0.801368
person 143 858.517578 640.453796 889.496277 734.516541 0.845089
car 213 1297.400146 547.313416 1425.750732 633.692383 0.617064
person 11 1042.849854 553.256592 1075.739136 630.694458 0.735871
airplane 209 1436.614746 786.870056 1533.339478 824.382080 1.087709
kite 183 1539.552490 784.586670 1572.816650 801.634094 0.966496
