62762304687
airplane 182 2154.195068 681.118408 2269.096924 708.866516 0.288121
airplane 1 2120.093018 1249.461060 2242.316650 1298.732422 0.398878
car 213 1342.082520 550.689270 1502.359497 665.456848 0.915714
person 188 1312.526245 897.971130 1370.082031 1070.568359 0.258667
person 11 1040.091187 554.445190 1076.954834 634.993042 0.321518
person 184 891.595581 552.299438 915.946472 620.524231 0.761635
person 187 854.479370 560.802856 879.083984 627.102661 0.771871
person 143 858.277283 636.881348 889.865356 728.718994 0.826700
backpack 212 1302.311523 944.773926 1330.774170 1028.097900 0.653267
frisbee 179 2006.420044 1176.750854 2076.945557 1217.092529 0.987086
airplane 189 1578.839233 847.848145 1647.219727 886.811340 0.896910
airplane 209 1438.010498 787.895081 1534.735229 825.407104 0.719233
backpack 190 1304.155762 933.360107 1341.116699 998.320679 0.528103
kite 183 1539.389771 784.672180 1572.653931 801.719604 0.887110
