62796354166
frisbee 179 2006.506592 1176.644287 2076.945557 1216.887451 0.387406
airplane 189 1578.469849 852.062744 1647.461548 886.617065 0.266565
airplane 182 2154.016602 680.579224 2269.359131 709.352051 0.336638
airplane 1 2120.693115 1248.983398 2242.612549 1298.665283 0.496728
backpack 212 1301.407227 941.030212 1332.594116 1025.949463 0.274074
car 213 1348.086792 551.549438 1511.703735 670.106262 0.885270
person 11 1040.585083 554.445679 1076.822266 633.555603 0.467797
person 188 1315.732178 897.516052 1370.122192 1070.381592 0.638019
person 187 854.165466 561.268494 879.047852 627.651367 0.798907
person 184 892.079346 552.518921 917.413818 620.938171 0.809570
person 143 857.899048 636.625549 889.368042 728.223022 0.854431
airplane 214 1578.191772 847.685730 1647.086182 917.807922 1.000000
airplane 209 1437.813721 787.945190 1534.538452 825.457214 0.730123
backpack 190 1304.118286 933.537659 1341.079224 998.498230 0.555088
kite 183 1539.405640 784.662842 1572.669800 801.710266 0.992182
