62962304687
frisbee 179 2006.559937 1176.632080 2076.902100 1216.769409 0.385394
airplane 214 1578.245239 847.635620 1647.126709 917.827332 0.280654
airplane 182 2153.815918 679.512268 2269.708252 710.026367 0.310512
airplane 1 2121.434570 1248.378906 2242.898926 1298.655884 0.479664
backpack 212 1299.960205 936.751404 1334.541626 1024.172607 0.310096
car 213 1379.959839 562.867554 1553.276489 688.789795 0.900407
person 11 1041.506104 554.730530 1076.597656 631.804016 0.402604
person 188 1318.839966 895.944580 1369.360962 1069.728149 0.697643
person 184 892.158936 552.929810 919.615723 620.223633 0.771905
person 187 853.172729 561.659973 878.175171 628.317322 0.797808
person 143 857.509644 636.045227 888.252563 727.127991 0.813989
airplane 209 1437.596436 788.000549 1534.321167 825.512573 0.681799
backpack 190 1303.924683 934.224060 1340.885620 999.184631 0.508843
kite 183 1539.516724 784.663208 1572.780884 801.710632 0.998766
airplane 189 1578.544800 853.198730 1648.072144 883.919189 0.886576
