63162304687
frisbee 179 2006.881226 1176.817139 2077.032715 1216.827026 0.397556
airplane 182 2153.668945 678.857117 2269.703857 709.488525 0.314487
airplane 1 2120.673096 1248.515137 2243.023438 1298.721680 0.470106
backpack 212 1299.834106 935.487488 1334.796509 1023.656982 0.264210
car 213 1420.700195 578.726318 1588.487549 713.844543 0.902049
person 11 1041.182251 554.884155 1076.528442 633.675354 0.275072
person 188 1317.863525 897.435303 1369.385010 1070.245605 0.744240
person 184 893.586914 552.682312 922.044983 622.879639 0.744458
person 187 851.498108 561.249878 877.385925 629.227600 0.748499
person 143 855.562073 635.630371 887.303711 722.857056 0.817765
car 215 1578.189697 612.043457 1616.355469 703.736694 1.000000
person 216 814.811279 1045.569580 882.097351 1193.392822 1.000000
backpack 190 1304.504517 935.355408 1341.465454 1000.315979 0.481707
airplane 209 1438.562622 785.989441 1534.615356 822.838745 0.860413
kite 183 1539.476562 784.666626 1572.740723 801.714050 0.955398
airplane 189 1578.218018 852.328186 1647.745361 883.048645 0.900058
airplane 214 1577.996338 847.774353 1646.869751 917.967346 0.957307
