63195312500
frisbee 179 2006.926880 1176.851807 2077.038086 1216.832520 0.414931
airplane 182 2153.677490 678.779541 2269.696533 709.373718 0.330983
airplane 1 2120.461426 1248.549316 2243.059326 1298.739990 0.484209
backpack 212 1299.802246 935.333557 1334.840698 1023.593384 0.264660
car 213 1428.189209 583.232849 1589.872070 718.650879 0.844229
person 184 893.870789 552.219666 922.777039 623.572327 0.739442
person 187 851.301697 561.533386 877.371826 629.437439 0.750229
person 188 1317.858398 897.669678 1369.455078 1070.246704 0.765248
person 143 855.125793 635.452148 887.524475 721.460022 0.784896
car 215 1580.578979 613.505005 1626.470825 707.602173 0.872707
person 11 1041.160522 554.656982 1076.506714 633.448181 0.965771
person 216 815.793640 1025.085815 882.751648 1192.766846 0.725804
backpack 190 1304.627319 934.911987 1341.588257 999.872559 0.483128
airplane 209 1438.998169 785.857727 1535.050903 822.707031 0.824504
kite 183 1539.414307 784.663940 1572.678467 801.711365 0.912693
airplane 189 1578.238892 852.340393 1647.766235 883.060852 0.905105
airplane 214 1577.800781 847.855347 1646.674194 918.048340 0.953978
