63628320312
frisbee 179 2006.802002 1176.612427 2077.538574 1216.707642 0.714542
airplane 218 2189.610596 523.847229 2407.813721 617.123108 0.276199
airplane 182 2153.405029 678.218018 2269.130371 709.892761 0.330896
airplane 1 2119.217041 1249.248169 2242.080078 1298.715454 0.513100
car 215 1585.461060 626.783325 1777.949951 795.434143 0.935492
backpack 212 1300.066528 934.905701 1335.065186 1023.151855 0.327842
backpack 219 834.614502 1040.124756 871.573059 1111.265747 0.685818
airplane 209 1438.442139 782.771179 1533.855103 819.313721 0.286467
bicycle 220 1042.228882 577.361328 1072.499146 638.779358 0.268646
person 216 836.740112 1026.053589 930.753723 1190.923096 0.519847
person 11 1041.656250 555.185852 1075.858765 630.486023 0.669962
person 143 854.419556 627.398499 887.370361 716.086426 0.694452
person 188 1317.391724 897.420288 1368.631714 1069.854370 0.734655
person 187 853.890686 564.186035 877.371643 630.385437 0.768676
person 184 898.707764 553.248962 925.589294 623.313843 0.812729
kite 183 1539.979004 784.573914 1572.736450 801.511963 0.920147
skateboard 221 846.942078 1170.877197 935.890015 1192.955078 1.000000
airplane 189 1578.585083 852.102783 1648.112427 882.823242 0.860672
airplane 214 1576.132812 850.938843 1645.006226 921.131836 0.816125
