63695312500
frisbee 179 2006.785034 1176.604736 2077.546387 1216.704590 0.722997
airplane 218 2189.802734 523.900635 2407.784668 617.195862 0.302883
airplane 182 2153.384033 678.119446 2269.135986 709.908997 0.324882
airplane 1 2119.191162 1249.273438 2242.109375 1298.713013 0.502571
car 215 1591.949951 634.496887 1809.520386 808.567932 0.952876
skateboard 221 849.585449 1171.709106 940.776733 1192.469238 0.555833
kite 183 1539.968140 784.311523 1572.887695 801.431335 0.467939
backpack 212 1300.100830 934.868408 1335.306885 1023.142456 0.354353
bicycle 220 1042.357300 577.301208 1073.007080 639.300903 0.279054
person 11 1041.710205 555.251404 1075.771606 630.299377 0.671026
person 188 1317.346558 897.506836 1368.403320 1069.860107 0.743887
person 187 854.182800 564.584045 877.194946 628.179138 0.746095
person 143 854.172363 622.552917 886.318359 712.006409 0.806217
person 184 899.291382 553.824341 926.086914 624.485413 0.815289
person 216 841.245667 1022.156067 936.354614 1190.028931 0.896527
airplane 209 1437.530762 784.384827 1532.922852 820.854919 0.698873
backpack 219 839.400208 1042.422363 876.358765 1113.563354 0.395252
airplane 189 1578.711426 851.990356 1648.238770 882.710815 0.871117
airplane 214 1576.046265 850.742920 1644.919678 920.935913 0.763230
