63761328125
frisbee 179 2006.772705 1176.600098 2077.543701 1216.706787 0.719564
airplane 182 2153.479492 678.588379 2269.058350 709.662537 0.301350
airplane 1 2119.205811 1249.270020 2242.115723 1298.695801 0.513707
car 215 1593.052490 644.682312 1837.539307 822.514587 0.947434
skateboard 221 853.563904 1174.171997 941.998718 1192.123535 0.510499
kite 183 1540.135742 784.686462 1572.877197 801.456421 0.490091
backpack 212 1300.073364 934.534668 1335.440430 1023.272339 0.366438
bicycle 220 1042.445190 577.198303 1073.071777 639.452148 0.274464
person 11 1041.712646 555.182434 1075.783813 630.131897 0.670787
person 187 854.852966 565.667786 877.923462 626.647888 0.704403
person 188 1317.157227 897.481262 1368.115356 1069.848877 0.771418
person 143 853.373169 622.308472 885.183228 712.515015 0.806342
person 184 899.384460 553.860718 926.216736 624.542725 0.813237
person 216 846.677063 1020.351074 940.237671 1188.980103 0.878901
airplane 209 1441.162598 784.088867 1536.554688 820.558960 0.511741
airplane 218 2189.604248 524.286499 2407.585938 617.581726 1.055536
backpack 219 844.713440 1042.069214 881.671997 1113.210205 0.431279
airplane 189 1578.883667 851.836243 1648.411011 882.556702 0.896112
airplane 214 1575.991455 850.705994 1644.864868 920.898987 0.845751
