63895312500
frisbee 179 2007.119019 1176.694824 2077.093506 1216.723145 0.411661
airplane 218 2176.894775 523.534790 2404.792725 618.582825 0.290133
airplane 182 2153.474609 678.882324 2268.873535 709.415710 0.436189
airplane 1 2119.442383 1248.992065 2242.310303 1298.735474 0.502688
car 215 1632.647949 662.832214 1900.792358 856.247009 0.953459
skateboard 221 864.838013 1163.921021 942.932129 1190.737915 0.273866
kite 183 1539.949951 784.297363 1573.102417 801.467957 0.432545
backpack 212 1300.280518 935.349548 1337.103882 1024.728882 0.269105
airplane 209 1437.404175 787.665283 1533.283936 822.441711 0.303012
person 11 1041.846924 555.069519 1077.166260 631.992310 0.284028
person 188 1316.743286 897.243042 1368.515503 1069.826050 0.635811
person 143 850.244446 621.002686 882.868958 708.823608 0.737829
person 187 855.438660 566.435730 879.399475 627.051880 0.776542
person 184 898.647034 554.033203 927.365356 626.470825 0.806644
person 216 849.514832 1015.422852 943.238037 1189.629639 0.875942
backpack 219 855.604675 1041.274780 892.563232 1112.415771 0.326642
airplane 189 1578.910034 851.772278 1648.437378 882.492737 0.896292
airplane 214 1575.451172 850.995544 1644.324585 921.188538 0.821174
