63994335937
frisbee 179 2007.158936 1176.696655 2077.034180 1216.719727 0.408325
airplane 218 2178.328369 523.377808 2404.579834 618.544434 0.269844
airplane 182 2153.450195 678.977295 2268.840332 709.384888 0.409840
airplane 1 2119.521729 1248.949463 2242.379883 1298.732910 0.511817
car 215 1670.501831 679.900330 1954.317139 879.794495 0.949423
skateboard 221 875.434143 1160.808594 940.434753 1191.423828 0.299480
kite 183 1539.838379 784.249939 1573.163208 801.495789 0.434877
backpack 219 867.156555 1041.674561 902.724976 1107.594238 0.608149
airplane 209 1436.881714 788.051880 1532.842529 822.684387 0.287538
person 11 1041.843628 554.935486 1077.659302 631.911255 0.265623
person 188 1315.464722 897.153442 1371.408691 1069.876587 0.614901
person 216 852.738647 1014.070496 945.019043 1190.390991 0.703510
person 187 855.749817 566.385132 879.456970 627.712708 0.736531
person 143 848.429382 621.239502 882.915955 709.952026 0.779690
person 184 899.170898 553.828674 928.533997 627.251099 0.784795
backpack 212 1300.495850 935.201782 1336.673706 1024.643433 0.746670
airplane 189 1578.905762 851.786804 1648.433105 882.507263 0.896290
airplane 214 1575.174927 851.179260 1644.048340 921.372253 0.718908
