64294335937
airplane 189 1578.234619 854.842468 1647.730469 885.789917 0.286624
airplane 214 1577.883423 848.307495 1646.997803 918.139832 0.317501
airplane 1 2119.478760 1248.893555 2242.023682 1298.714600 0.337494
car 215 1806.691528 740.889587 2140.172852 974.699646 0.961051
kite 183 1540.388794 784.246887 1572.837769 801.218628 0.500490
backpack 212 1300.588501 937.714050 1336.356934 1024.620361 0.448854
backpack 219 892.213135 1038.986084 932.220032 1107.690063 0.689127
airplane 209 1437.244385 786.600769 1533.771240 823.250732 0.288117
person 11 1041.787354 555.272156 1076.340576 634.877869 0.433645
person 216 903.544006 1009.822815 977.229614 1189.323242 0.528376
person 188 1316.930176 899.846619 1368.270264 1069.607178 0.714830
person 187 858.488953 567.785522 884.503967 635.555298 0.729446
person 184 900.008789 552.574341 928.848938 626.932739 0.815603
person 143 841.655579 616.491272 872.346313 704.839966 0.835802
airplane 222 2077.853271 794.496277 2409.024902 1066.462891 1.000000
frisbee 179 2007.085693 1176.838379 2076.895264 1217.132446 0.935159
airplane 218 2188.543213 523.184265 2407.648926 617.957031 0.877514
airplane 182 2152.825684 680.474976 2268.310059 710.400940 0.766460
