64394335937
airplane 189 1578.094727 856.493896 1647.692505 885.284058 0.282938
airplane 214 1578.163818 848.065918 1647.351807 917.861328 0.350504
airplane 222 2124.076416 788.092407 2415.743652 1061.850342 0.699012
car 215 1857.792725 763.825684 2212.030029 1010.268860 0.932544
kite 183 1540.415894 784.267456 1572.829102 801.210449 0.455364
backpack 212 1300.356689 938.384155 1335.611206 1024.684448 0.333021
backpack 219 902.074585 1038.163330 941.260254 1107.174072 0.701760
airplane 209 1437.265747 786.689514 1533.780884 823.250610 0.272095
person 11 1041.795776 555.341370 1076.342285 635.873657 0.314141
person 188 1318.558228 914.430237 1368.106567 1069.850464 0.628734
person 187 859.377991 569.731018 885.064453 637.025452 0.759607
person 143 840.308472 615.907104 869.023438 705.103210 0.797505
person 184 900.602417 552.982422 929.499207 628.041443 0.799658
person 216 906.217529 1007.907898 982.756348 1189.428223 0.830231
airplane 1 2118.586426 1248.992188 2241.131348 1298.813232 0.944005
frisbee 179 2007.023926 1176.975098 2076.833496 1217.269165 0.942933
airplane 218 2189.230713 523.521118 2408.336426 618.293884 0.851772
airplane 182 2147.561035 677.072998 2263.045410 706.998962 0.539878
