64427343750
airplane 189 1577.837158 856.667480 1647.445068 885.244019 0.289819
airplane 214 1578.177856 848.057678 1647.378052 917.850647 0.355001
airplane 222 2135.337891 789.628235 2420.756348 1064.657349 0.658716
car 215 1876.790527 772.125183 2238.773926 1022.639404 0.895983
kite 183 1540.420776 784.273132 1572.831909 801.211426 0.459641
backpack 212 1300.229370 938.236816 1335.468750 1024.749756 0.370574
backpack 219 905.690063 1036.701660 944.788879 1106.575928 0.619515
airplane 209 1437.296753 786.698914 1533.819336 823.234680 0.261439
person 11 1041.748779 555.357727 1076.256714 636.365601 0.352187
person 188 1317.935913 912.694824 1368.011353 1068.507568 0.640825
person 187 859.989746 569.163147 885.262817 637.603699 0.763347
person 184 901.241577 553.198853 930.005066 628.700073 0.795131
person 143 839.990234 615.760498 868.022034 705.398193 0.822887
person 216 908.758484 1007.312805 992.697815 1189.850464 0.903288
airplane 1 2118.308350 1249.022095 2240.853271 1298.843140 0.925224
frisbee 179 2007.021606 1176.967896 2076.831055 1217.261963 0.942724
airplane 218 2189.230469 523.608337 2408.336426 618.381104 0.838407
airplane 182 2139.246582 675.854736 2254.730957 705.780701 0.734774
