64527343750
surfboard 223 1646.828003 917.952820 1920.202881 1098.272705 0.347618
frisbee 179 2007.271240 1176.778442 2077.135498 1216.880127 0.279668
airplane 189 1578.073608 849.691040 1647.221436 886.368835 0.266696
car 215 1932.939331 797.414551 2320.012939 1065.522583 0.749498
kite 183 1540.296631 784.190857 1573.010620 801.155884 0.533637
backpack 212 1299.671143 936.767395 1334.780029 1023.758850 0.455648
backpack 219 915.875000 1034.849731 953.632996 1103.649292 0.663268
airplane 209 1437.358765 785.325195 1533.848145 823.409607 0.321583
person 11 1042.105103 554.960205 1076.282227 632.410400 0.334926
person 188 1312.688599 900.451599 1368.191650 1067.850342 0.746136
person 184 903.310059 553.002869 931.331116 630.547913 0.769320
person 143 838.754456 615.220276 866.013428 705.009277 0.798073
person 187 861.072083 569.794983 886.002930 638.335571 0.800987
person 216 921.639954 1006.014038 1004.079468 1190.730957 0.873935
airplane 218 2191.752930 523.503906 2406.436523 618.447388 0.577811
airplane 1 2119.923340 1248.741211 2241.879150 1298.697266 0.994100
airplane 222 2198.187256 784.094421 2483.605713 1059.123535 0.437789
airplane 182 2136.155029 675.441833 2251.639404 705.367798 0.797932
