64627343750
surfboard 223 1646.092529 917.810547 1918.960815 1098.236084 0.264693
frisbee 179 2007.270752 1176.780640 2077.155518 1216.855103 0.275554
airplane 189 1578.325317 848.464783 1647.359497 886.928528 0.253127
airplane 218 2196.694580 523.022278 2407.079346 618.490479 0.254543
car 215 1893.062866 817.442505 2400.153809 1113.156982 0.388079
kite 183 1540.326294 784.175659 1573.073120 801.142090 0.529618
backpack 212 1299.525269 936.397827 1334.497314 1023.564758 0.474659
backpack 219 924.099915 1033.367310 957.609863 1100.835938 0.604575
airplane 209 1437.680664 785.230896 1534.091797 823.481384 0.288295
person 11 1042.150146 555.201172 1076.623901 630.605225 0.379000
person 184 904.243469 552.513794 931.507080 630.700073 0.730017
person 143 837.491150 614.688782 865.081421 702.802002 0.759914
person 188 1312.672729 899.247986 1368.623657 1069.432983 0.770947
person 187 861.657837 569.481323 886.871643 638.671082 0.820294
person 216 930.499023 1003.518066 1005.863708 1184.701782 0.868758
airplane 1 2119.036377 1248.782227 2240.992188 1298.738281 0.977495
airplane 222 2187.748535 788.242310 2473.166992 1063.271362 0.541163
airplane 182 2132.526367 675.357788 2248.010742 705.283752 0.779970
