64660351562
surfboard 223 1646.032227 917.668396 1918.608887 1098.090332 0.276657
frisbee 179 2007.255615 1176.767944 2077.149414 1216.845703 0.380616
airplane 189 1578.349976 848.299255 1647.371582 886.972107 0.253063
airplane 218 2196.758301 523.057251 2407.255859 618.339783 0.253834
airplane 1 2120.612793 1248.755127 2242.056885 1298.758667 0.269951
car 215 1901.601074 824.158936 2421.602051 1135.454834 0.598423
kite 183 1540.334839 784.170532 1573.085327 801.137756 0.525620
backpack 212 1299.530762 936.217651 1334.287964 1023.501343 0.478648
backpack 219 926.651611 1032.978027 962.203247 1099.882935 0.521358
airplane 209 1437.702881 785.165771 1534.104492 823.508179 0.314777
person 11 1042.145508 555.259155 1076.742920 630.302368 0.417150
person 143 837.310547 614.388550 864.763733 701.427063 0.722215
person 184 904.423950 552.134705 931.590515 630.587097 0.733099
person 188 1312.884277 899.084595 1368.618652 1069.531860 0.752006
person 187 861.799011 569.552917 887.247803 638.930603 0.786243
person 216 932.244385 1002.801086 1005.801086 1183.456665 0.852117
airplane 222 2195.030273 787.145630 2480.448730 1062.174683 0.513797
airplane 182 2139.067139 677.710388 2254.551514 707.636353 0.566373
