64860351562
airplane 182 2152.403076 679.814026 2267.887451 709.392334 0.260377
airplane 1 2119.854980 1249.649658 2241.557617 1298.659058 0.365286
kite 183 1540.079224 784.363281 1572.981445 801.319885 0.392386
backpack 212 1300.217041 937.598389 1333.839966 1024.792847 0.368651
backpack 219 942.344116 1029.331421 980.024597 1098.101196 0.558602
traffic light 224 771.143250 567.545471 795.956848 595.421448 0.442028
person 11 1042.199585 555.561401 1077.273926 632.470337 0.287662
person 184 905.393494 549.275574 935.242798 632.542114 0.585657
person 188 1308.985229 898.396667 1369.756104 1069.977539 0.714900
person 143 832.201843 611.998108 861.258972 698.627869 0.733980
person 187 862.962219 571.396667 887.759583 640.506958 0.775425
person 216 952.562439 1000.130127 1031.097290 1182.558838 0.841096
frisbee 179 2007.132324 1176.940918 2077.053955 1217.046753 0.980007
airplane 225 1772.244385 801.721863 2410.203369 1162.873413 0.856040
airplane 189 1578.727783 848.407227 1647.733032 887.349976 0.793960
airplane 209 1438.674194 785.422974 1535.101807 823.823486 0.810404
airplane 218 2193.653320 523.963257 2403.938477 619.277588 0.768386
