65027343750
frisbee 179 2007.206299 1176.750122 2077.302979 1217.191162 0.390152
airplane 189 1578.510010 848.481384 1647.952026 886.934753 0.254792
airplane 225 1803.866699 815.298889 2413.815186 1248.731689 0.367179
airplane 1 2119.791260 1249.630127 2241.692383 1298.633301 0.526924
kite 183 1540.058960 784.383362 1572.991211 801.333130 0.412879
handbag 226 1322.904053 942.468689 1352.363770 995.181335 0.279186
backpack 212 1300.326172 936.888733 1333.047729 1024.659058 0.391525
backpack 219 958.017334 1031.200317 994.619385 1099.401367 0.561439
person 184 906.178833 553.667053 933.050964 633.297363 0.665136
person 143 830.814941 612.260864 859.326233 698.788208 0.671672
person 188 1306.298950 898.627319 1368.636230 1070.374878 0.756501
person 187 863.476929 572.356018 888.198547 642.711914 0.768518
person 216 965.437561 1003.830872 1058.025024 1182.107910 0.894649
person 11 1042.600586 555.278259 1077.296509 633.569214 0.737197
airplane 182 2146.503174 678.656494 2261.981689 708.195374 0.575409
airplane 209 1438.548340 786.256409 1534.975952 824.656982 0.880155
airplane 218 2191.672363 523.581970 2401.957520 618.896301 0.732344
traffic light 224 771.200562 567.772644 795.828796 595.212463 0.671016
