6326302083
bus 40 1591.013794 565.868591 1811.858032 908.253174 0.870326
airplane 20 2189.516113 522.864929 2407.279297 618.247925 0.419956
airplane 2 2154.056641 679.661072 2268.997559 709.442871 0.434784
airplane 1 2118.846436 1249.792358 2241.792969 1298.645142 0.610357
person 4 2079.437500 467.971375 2102.013672 529.162964 0.441701
person 41 1601.161133 495.959290 1620.202637 558.761475 0.476476
person 11 1046.061646 556.023071 1074.968628 607.339111 0.590357
person 7 874.968018 582.063538 898.290771 632.905396 0.601840
person 25 867.727295 583.240967 889.966003 637.240051 0.745681
person 34 1904.728516 465.848114 1927.354980 509.033447 0.427996
frisbee 38 2006.255249 1176.778076 2076.419678 1217.095215 0.936700
traffic light 18 771.153442 568.783325 795.481873 595.266357 0.853242
bus 24 956.240417 557.047913 1591.522949 906.560303 0.712880
