65093359375
frisbee 179 2007.192505 1176.730225 2077.281250 1217.197998 0.398566
airplane 182 2152.515381 680.064819 2268.018066 709.496216 0.254118
airplane 189 1578.227295 848.522827 1647.981567 886.655334 0.272201
airplane 1 2119.817871 1249.477539 2241.762939 1298.622803 0.680692
kite 183 1540.051880 784.383728 1572.984375 801.333923 0.423400
handbag 226 1322.581665 944.410950 1352.493530 995.876648 0.308100
backpack 212 1300.477661 936.804993 1332.171387 1024.397217 0.362581
backpack 219 965.356384 1031.007446 1003.904541 1098.788208 0.663529
person 11 1042.807495 555.310425 1077.720337 633.417847 0.519933
person 184 906.192871 554.753174 932.053955 632.531799 0.681391
person 188 1306.681030 898.667969 1363.124878 1070.461182 0.715936
person 187 863.613831 572.421753 888.543457 642.199036 0.758408
person 143 829.746643 611.649170 858.832092 697.856567 0.785617
person 216 970.225769 1002.476013 1062.923462 1180.734375 0.883015
airplane 209 1437.924927 786.923767 1534.352539 825.324341 0.945851
airplane 218 2192.403809 523.048035 2402.688965 618.362366 0.752384
traffic light 224 771.084961 567.770813 795.713196 595.210632 0.656302
