65360351562
chair 227 2155.742432 467.156342 2260.531494 524.499329 0.254469
airplane 189 1578.512329 847.999634 1647.395508 886.227173 0.292997
airplane 1 2119.291504 1249.270630 2241.713867 1298.655762 0.600667
kite 183 1539.854492 785.007690 1572.600464 801.532959 0.515205
backpack 212 1299.892212 935.329346 1330.035645 1024.585693 0.329717
backpack 219 989.486450 1026.365112 1023.317810 1095.296875 0.535054
airplane 209 1436.201782 787.974243 1533.082031 823.335266 0.369349
person 11 1042.629517 555.799561 1077.327393 629.488770 0.356433
person 184 905.810852 557.597656 932.113220 634.962708 0.686558
person 143 824.173218 609.275269 851.298279 694.558167 0.720027
person 188 1317.026245 898.596008 1362.988525 1069.685059 0.774116
person 187 865.639282 574.014893 891.620483 642.864563 0.778795
person 216 993.829285 998.374756 1066.255737 1177.766357 0.844937
traffic light 224 771.616089 567.507507 796.244324 594.947327 0.666575
airplane 182 2154.047119 678.305115 2268.789795 709.680298 0.918068
frisbee 179 2006.921997 1176.856567 2077.010742 1217.324341 0.984427
