65659309895
chair 227 2155.217041 467.147156 2259.164062 525.128723 0.308062
airplane 182 2153.786133 679.805115 2269.680420 708.965881 0.268640
airplane 189 1578.177124 847.328857 1647.251099 887.068054 0.280648
airplane 1 2120.043213 1249.056885 2242.826660 1298.730225 0.381874
kite 183 1540.281616 783.927673 1572.764160 801.440552 0.471778
backpack 219 1013.976501 1023.666565 1055.790649 1093.234009 0.682131
traffic light 224 770.836182 567.582764 796.124390 594.844543 0.311799
person 11 1041.562622 555.729187 1076.517578 634.500366 0.346560
person 188 1316.260254 898.242493 1361.375977 1069.677490 0.734339
person 143 817.541626 607.640381 847.475891 693.302856 0.760137
person 184 908.089661 563.020264 937.728149 637.197021 0.804659
person 187 868.509033 576.499573 894.461609 645.466248 0.804681
person 216 1027.693848 997.091553 1112.822266 1178.765625 0.851965
airplane 209 1436.746094 788.994934 1533.871948 823.920654 0.788966
frisbee 179 2007.061279 1176.878052 2077.150146 1217.345825 0.936734
