65759309895
chair 227 2155.187500 467.222534 2259.604736 525.344360 0.281699
airplane 182 2153.958008 679.933105 2269.767334 707.843506 0.255055
airplane 189 1578.177612 847.307007 1647.250854 887.089478 0.289231
airplane 1 2119.686279 1249.018433 2242.682617 1298.743896 0.390917
kite 183 1540.299194 783.899353 1572.775146 801.440674 0.466172
backpack 219 1023.927063 1023.120422 1066.409668 1092.492798 0.724392
person 11 1041.599854 555.539917 1076.322388 635.209167 0.324104
person 143 817.408752 606.936157 846.522217 691.225098 0.701442
person 184 908.999268 563.434692 938.713684 637.007324 0.733919
person 187 868.556152 575.505127 894.878113 646.456177 0.786597
person 188 1316.286743 898.518738 1360.323364 1069.465942 0.787131
person 216 1033.082886 998.596802 1120.203369 1179.681152 0.880046
frisbee 179 2007.122925 1176.882080 2077.211670 1217.349854 0.936635
traffic light 224 770.734802 567.225647 796.275391 595.007996 0.969214
airplane 209 1436.503418 788.984680 1533.722290 823.850464 0.792557
