66392317708
frisbee 179 2007.330444 1177.012939 2077.331055 1217.215576 0.482409
airplane 189 1578.325439 847.746948 1647.031982 886.854614 0.365152
airplane 182 2153.964600 680.290344 2268.782227 709.659424 0.428177
airplane 1 2119.568848 1249.046875 2241.725586 1298.711914 0.562734
kite 183 1539.806885 784.264465 1572.835693 801.573059 0.338881
backpack 219 1080.922974 1013.856689 1123.357910 1082.464478 0.579793
person 143 820.913452 604.689575 842.855103 684.447510 0.283730
person 11 1042.939819 553.822388 1075.716064 630.372925 0.461522
person 184 911.148376 559.988159 940.102783 641.191956 0.573965
person 188 1315.899536 899.639832 1360.398926 1068.807373 0.737204
person 187 871.559753 577.907349 898.172180 649.523926 0.766343
person 216 1091.745239 991.677673 1179.714722 1167.100464 0.900624
traffic light 224 771.171509 567.616333 796.712097 595.398682 0.703049
chair 227 2149.095703 473.138550 2253.512939 531.260376 0.526273
airplane 209 1438.090942 789.158020 1535.309814 824.023804 0.636852
