66425325520
frisbee 179 2007.325806 1177.014038 2077.323730 1217.194824 0.478992
airplane 189 1578.326050 847.748230 1647.029053 886.859985 0.361789
airplane 182 2153.954102 680.244873 2268.812744 709.576294 0.385968
airplane 1 2119.563477 1249.012329 2241.720703 1298.712280 0.572548
kite 183 1539.814819 784.264954 1572.848267 801.579102 0.348406
backpack 219 1084.057983 1013.770752 1122.520996 1082.550171 0.560075
person 11 1042.913086 553.826416 1075.694336 630.448914 0.454401
person 184 910.887634 557.910828 940.798523 642.009644 0.565672
person 188 1315.864502 899.901306 1360.004639 1069.143311 0.741769
person 187 871.811096 577.957397 898.829956 649.480530 0.793632
person 216 1092.777466 991.914856 1183.248413 1166.958618 0.908111
person 143 820.872314 604.525879 842.813965 684.283813 0.597848
traffic light 224 771.174438 567.600586 796.715027 595.382935 0.706753
chair 227 2153.418213 470.820129 2257.835449 528.941956 0.516209
airplane 209 1438.060303 789.099304 1535.279175 823.965088 0.642888
