66525325520
frisbee 179 2007.184692 1176.794312 2077.139404 1217.161621 0.419908
airplane 182 2153.834717 679.654968 2269.118652 709.758972 0.252976
airplane 189 1578.278687 847.799500 1647.115601 886.789551 0.279735
airplane 1 2120.852051 1249.411377 2242.161133 1298.747925 0.532473
kite 183 1540.115845 783.949280 1572.728149 801.141968 0.483533
handbag 229 1344.554810 972.954102 1375.210693 1024.596680 0.384092
backpack 219 1095.899292 1013.068909 1137.651978 1082.353882 0.556086
traffic light 224 771.544189 568.369568 796.259338 595.184448 0.373795
person 11 1041.625610 554.610291 1074.775146 634.926514 0.361840
person 143 822.896240 608.976257 840.423035 679.680725 0.365341
person 184 911.269836 560.429138 940.555542 642.981201 0.668696
person 188 1314.526245 898.984314 1359.947632 1069.213379 0.723407
person 187 872.123657 579.097290 899.707214 650.997803 0.800352
person 216 1097.355957 989.388367 1191.750732 1164.307739 0.896716
surfboard 230 1633.965454 918.617737 1913.216553 1099.450684 1.000000
skateboard 231 1092.907349 1145.474609 1191.203979 1164.786621 1.000000
chair 227 2152.261475 472.480713 2256.678711 530.602539 0.602226
airplane 209 1437.634399 789.169067 1534.853271 824.034851 0.653323
