66891341145
airplane 189 1578.252197 847.882568 1647.119873 886.903931 0.385792
airplane 1 2119.761230 1249.126465 2242.006836 1298.720825 0.505168
kite 232 1492.099609 847.194397 1520.902954 866.908325 0.255444
kite 183 1540.103638 783.917847 1572.762207 801.264648 0.622955
backpack 219 1130.907593 1005.626038 1174.562134 1075.001709 0.685082
person 11 1042.057129 554.154968 1074.902466 633.148560 0.280168
person 216 1142.293213 978.419189 1199.980957 1157.812378 0.691018
person 184 913.868347 566.384094 942.841064 643.315491 0.794893
person 188 1317.593506 898.702637 1359.733521 1068.966431 0.805412
person 187 874.306396 579.735107 901.537476 653.929443 0.856447
surfboard 230 1628.413086 915.603577 1905.858398 1097.197388 0.644934
handbag 229 1344.370728 973.095642 1374.493042 1023.865601 0.805023
airplane 209 1438.068115 789.259949 1535.286987 824.125732 0.621399
airplane 182 2153.176758 678.951965 2268.752197 709.361694 0.880358
skateboard 231 1149.826538 1125.542969 1206.857666 1156.586304 0.442096
chair 227 2162.035156 469.187164 2261.540771 527.443970 0.506949
traffic light 224 771.407349 567.586426 796.122498 594.401306 1.010239
frisbee 179 2006.859619 1176.916382 2076.851318 1217.344116 0.969032
