66958333333
airplane 189 1578.244751 847.891968 1647.123535 886.977783 0.384293
airplane 1 2119.711914 1249.097412 2242.028809 1298.712524 0.493257
kite 183 1540.059326 783.935669 1572.785034 801.398376 0.641534
backpack 219 1136.427856 1005.679749 1180.856812 1074.467773 0.570703
person 11 1042.112427 554.184631 1074.937500 633.310974 0.317991
person 184 914.369568 566.722046 942.597229 643.932617 0.645550
person 188 1317.785767 898.649963 1359.653198 1069.072998 0.805782
person 187 874.660583 580.212524 901.751343 654.219971 0.846853
person 216 1151.521851 978.591553 1215.602783 1158.343018 0.862959
surfboard 230 1639.800781 923.533691 1917.246094 1105.127563 0.666129
handbag 233 892.123657 598.642944 903.153564 621.172729 0.930492
handbag 229 1344.313721 973.210388 1374.436035 1023.980347 0.756408
kite 232 1492.040405 847.220215 1520.829346 866.945679 0.997308
airplane 209 1438.139771 789.207581 1535.358643 824.073364 0.620649
airplane 182 2153.811279 679.400452 2269.386719 709.810181 0.931200
skateboard 231 1157.809082 1126.985474 1214.840210 1158.028809 0.433030
chair 227 2161.527832 470.371826 2261.033447 528.628662 0.432493
traffic light 224 771.394043 567.565857 796.109192 594.380737 1.028199
frisbee 179 2006.794067 1176.925659 2076.785645 1217.353394 0.966829
