67024348958
surfboard 230 1640.417847 920.713257 1915.899048 1102.179443 0.270199
airplane 189 1578.242065 847.882751 1647.131470 887.008728 0.389270
airplane 1 2119.706299 1249.121704 2242.029297 1298.734009 0.461608
kite 183 1540.062744 783.959229 1572.810059 801.458679 0.630074
handbag 229 1344.328491 976.178833 1374.864380 1024.496582 0.311726
backpack 219 1142.080811 1005.755737 1187.663208 1074.295776 0.665012
person 11 1042.078613 554.162781 1075.331299 631.787659 0.504914
person 184 915.182068 565.327637 943.805603 644.188049 0.721217
person 188 1318.003296 898.567200 1359.959229 1069.185303 0.806400
person 187 875.017273 581.160095 901.884399 654.699402 0.835974
person 216 1158.689819 980.097229 1233.619507 1160.886719 0.890127
kite 232 1492.021851 847.343384 1520.810791 867.068848 0.956781
handbag 233 892.228577 598.513672 903.183228 621.353149 0.634785
airplane 209 1438.202515 789.158386 1535.421387 824.024170 0.627067
airplane 182 2153.933350 679.987793 2269.508789 710.397522 0.818824
skateboard 231 1167.611694 1126.904907 1224.642822 1157.948242 0.517861
chair 227 2161.450439 471.156097 2260.956055 529.412903 0.517927
traffic light 224 771.202759 567.572754 795.917908 594.387634 0.739557
frisbee 179 2006.757446 1176.955200 2076.749023 1217.382935 0.968672
