67158333333
airplane 189 1578.229248 847.634949 1647.770142 887.179077 0.301946
airplane 182 2151.886963 678.973267 2267.400146 708.355225 0.315277
airplane 1 2119.726807 1249.375610 2241.677246 1298.661377 0.472659
kite 183 1540.087646 784.161072 1572.714478 801.471497 0.386501
backpack 219 1155.224243 1004.901184 1200.239258 1074.291870 0.612907
airplane 209 1437.209351 787.679260 1533.676636 823.681641 0.264453
person 11 1042.347778 554.685913 1075.377075 631.591858 0.656242
person 184 916.497253 564.590271 946.662903 644.452942 0.715305
person 187 875.099060 582.805054 901.351990 655.464600 0.781507
person 188 1317.566772 899.439392 1360.695190 1069.308594 0.792446
person 216 1162.192505 980.733826 1256.247314 1160.704590 0.911331
handbag 229 1343.912354 977.663513 1373.862793 1024.155029 0.669590
skis 234 1460.329712 547.220520 1579.626343 594.262878 0.999689
skateboard 231 1180.436523 1126.378296 1237.467529 1157.421631 0.512992
chair 227 2161.098877 473.216675 2260.604492 531.473511 0.562502
traffic light 224 771.003235 567.836365 795.718384 594.651245 0.717551
frisbee 179 2006.587158 1176.905029 2076.578857 1217.332764 0.960222
