67257356770
airplane 189 1578.196045 847.508606 1648.041992 887.265198 0.266736
airplane 182 2153.601318 679.589050 2268.947266 707.704102 0.297592
airplane 1 2119.750244 1249.520142 2241.454590 1298.644775 0.490657
kite 183 1540.143188 784.197266 1572.732666 801.508484 0.369695
skis 234 1460.589478 547.234497 1579.693115 594.177063 0.282355
handbag 229 1343.988770 980.432556 1372.610352 1025.786743 0.259049
backpack 219 1166.639282 1003.602600 1210.303345 1073.181519 0.767195
airplane 209 1437.053589 787.137512 1533.257324 823.593384 0.264320
person 11 1042.697266 554.895813 1075.484619 631.282043 0.632876
person 184 916.171875 563.334656 946.996399 645.820251 0.733636
person 188 1317.616089 899.852417 1361.076538 1069.408203 0.791523
person 187 874.865601 583.050415 901.153931 655.428406 0.798508
person 216 1164.954590 977.581970 1263.509155 1159.015137 0.918059
skateboard 231 1187.391479 1127.834229 1244.422485 1158.877563 0.522785
chair 227 2160.608154 471.240570 2260.113770 529.497375 0.636013
traffic light 224 770.926636 567.965393 795.641785 594.780273 0.688274
frisbee 179 2006.468628 1176.861328 2076.460205 1217.289062 0.973728
