6559309895
frisbee 38 2006.815063 1176.875610 2076.743408 1217.030762 0.251212
bus 40 1592.250366 573.541870 1872.712036 914.705933 0.928438
airplane 20 2193.100830 523.172913 2407.731201 618.698242 0.335744
airplane 2 2153.844482 679.468933 2269.617676 709.507080 0.506744
airplane 1 2119.233887 1249.609131 2241.722900 1298.670532 0.645155
person 34 1895.629761 466.308716 1914.677490 508.670807 0.448019
person 4 2062.068604 467.442200 2096.260986 528.658264 0.742123
person 11 1045.686646 557.870422 1074.588623 607.994080 0.340081
person 25 875.863647 581.125549 900.076599 632.119019 0.694096
person 7 877.889587 583.772644 902.556152 632.737488 0.486646
person 41 1617.812256 496.782227 1636.147339 556.657104 0.953596
traffic light 18 771.104675 568.752991 795.433105 595.236023 0.863286
bus 24 926.575623 590.298767 1561.858154 939.811035 0.370621
