67624348958
chair 227 2154.539795 467.222992 2260.455811 525.667175 0.304586
airplane 189 1577.673218 846.449890 1647.190308 913.813782 0.272019
airplane 182 2153.899170 679.161499 2268.540039 709.365723 0.381470
airplane 1 2119.624268 1249.657227 2241.524414 1298.698853 0.551090
kite 183 1540.651978 783.905640 1572.355225 801.209473 0.407366
handbag 229 1344.923218 981.250732 1371.749878 1024.813354 0.367265
backpack 219 1198.985352 997.379150 1235.762451 1066.051392 0.675968
person 11 1042.320190 554.838867 1075.257080 635.504333 0.302170
person 184 915.433960 569.515442 947.642944 651.143127 0.721534
person 187 874.994263 584.400391 902.681580 658.763123 0.730462
person 188 1317.615723 899.949768 1361.127930 1069.108887 0.817519
person 216 1212.424561 969.914246 1275.604980 1153.677124 0.893957
airplane 209 1437.945557 789.166748 1533.494751 823.334778 0.851487
handbag 235 1218.068604 1084.200195 1243.296997 1115.459229 1.000000
frisbee 179 2006.739990 1176.631592 2076.581299 1217.095825 0.952174
traffic light 224 771.239441 567.504639 796.793213 595.051758 0.947018
