67890364583
frisbee 179 2006.611694 1176.683105 2077.006592 1217.006226 0.408639
airplane 236 1577.927734 855.076294 1647.964111 886.247559 0.320482
airplane 189 1577.659302 847.038086 1646.860474 916.547485 0.333646
airplane 1 2120.555176 1249.371216 2242.791992 1298.676758 0.371153
airplane 182 2153.770264 678.614075 2269.091797 709.841736 0.482152
kite 183 1539.780640 784.367249 1572.881348 801.467712 0.401250
backpack 219 1222.893677 998.583557 1263.948120 1067.367310 0.580975
airplane 209 1436.839600 788.857788 1533.415283 823.155640 0.274961
person 11 1042.837646 554.704590 1076.206421 630.543701 0.340942
person 188 1317.635620 901.277893 1360.518799 1069.413940 0.778288
person 187 877.405823 584.425232 904.043518 659.939941 0.797140
person 184 915.433960 568.876465 948.343872 650.910645 0.830689
person 216 1224.733643 970.910645 1320.756714 1151.732544 0.909539
handbag 235 1230.288086 1083.122070 1259.144775 1118.134766 0.605045
handbag 237 893.766968 605.763306 905.009216 627.455688 1.000000
handbag 229 1345.333374 980.643433 1372.135986 1024.395508 0.711407
chair 227 2149.791260 466.864258 2256.411377 525.364502 0.500903
traffic light 224 771.071167 567.588928 796.624939 595.136047 0.908768
