68123307291
chair 227 2158.233398 467.085785 2261.177979 525.529968 0.314728
frisbee 179 2006.618286 1176.733032 2077.066406 1216.980591 0.406375
airplane 182 2153.777832 678.622437 2269.199463 709.895508 0.372872
airplane 1 2121.003662 1249.580688 2242.659424 1298.703003 0.427978
kite 183 1539.886108 784.297119 1573.170044 801.666504 0.357354
handbag 229 1344.968872 981.016357 1372.264282 1024.825806 0.252297
backpack 219 1246.139282 996.150940 1276.557007 1064.353149 0.523660
airplane 209 1437.077393 788.948059 1533.596191 822.990112 0.282064
person 11 1042.198730 555.050171 1076.674805 628.131958 0.565379
person 187 879.068970 586.149719 904.657471 662.539185 0.713457
person 188 1317.336426 901.076782 1360.749512 1069.535522 0.793879
person 184 917.622620 571.376526 948.640503 651.940125 0.840145
person 216 1246.071533 967.739441 1324.969482 1150.332031 0.874248
airplane 236 1577.953491 855.078796 1647.931641 886.180908 0.880321
traffic light 224 770.855652 567.817078 796.409424 595.364197 0.719520
