68156315104
chair 227 2160.606689 467.141022 2262.468262 525.573059 0.339420
frisbee 179 2006.629883 1176.757812 2077.117676 1217.014404 0.398691
airplane 182 2153.793701 678.567932 2269.124756 709.895630 0.367390
airplane 1 2120.612793 1249.864502 2242.480225 1298.720459 0.449953
kite 183 1539.996582 784.221313 1573.254883 801.773071 0.346216
backpack 219 1249.296753 996.350403 1280.223511 1064.185303 0.583116
airplane 209 1437.316040 789.152771 1533.667236 822.895935 0.291204
person 11 1041.936646 555.163269 1076.835693 627.233337 0.542218
person 187 879.406311 586.710999 904.746155 663.021057 0.731385
person 188 1317.331421 901.092590 1360.608032 1069.614746 0.786854
person 184 918.228760 571.931274 948.871948 652.291199 0.853318
person 216 1251.720215 967.323669 1325.187988 1150.380371 0.856607
airplane 236 1578.003052 855.077576 1647.981201 886.179688 0.878954
traffic light 224 770.846497 567.788330 796.400269 595.335449 0.724402
