68290364583
chair 227 2160.640137 467.052246 2262.803223 525.458923 0.367292
frisbee 179 2006.634888 1176.794922 2077.168213 1217.058228 0.351182
airplane 182 2153.819336 678.437134 2269.260742 709.907715 0.407629
airplane 1 2120.613037 1250.101562 2242.359131 1298.691772 0.442426
kite 183 1540.072998 784.107300 1573.290161 801.904358 0.363199
backpack 219 1259.879517 994.606323 1297.914917 1063.360596 0.577546
airplane 209 1437.589355 789.477783 1533.738281 822.826111 0.301930
person 11 1041.625000 555.589905 1076.889404 625.830078 0.586914
person 216 1270.351318 965.962341 1327.781982 1149.434448 0.742043
person 187 879.835144 588.091980 905.052856 664.767761 0.749017
person 188 1317.062012 901.291504 1360.048950 1069.426514 0.787062
person 184 919.804199 572.509216 949.644897 652.341919 0.818632
airplane 236 1578.206299 854.907776 1648.184448 886.009888 0.909834
traffic light 224 770.840637 567.762268 796.394409 595.309387 0.727954
