68323307291
chair 227 2161.483398 467.098602 2262.933350 525.520203 0.353651
frisbee 179 2006.602051 1176.792603 2077.128906 1217.055542 0.352495
airplane 182 2153.828125 678.442383 2269.163818 709.924133 0.381930
airplane 1 2120.753418 1250.077148 2242.369629 1298.680054 0.423914
kite 183 1540.077271 784.095703 1573.293213 801.910095 0.371797
backpack 219 1261.861084 994.430054 1298.091064 1063.286377 0.596445
airplane 209 1437.602539 789.525879 1533.731689 822.822754 0.294532
person 11 1041.716553 555.637024 1076.978394 626.009460 0.518915
person 187 879.838928 588.170532 905.113403 665.149658 0.745628
person 188 1316.767578 901.321716 1359.836426 1069.220825 0.766575
person 216 1273.810669 965.480896 1329.710327 1149.167236 0.773912
person 184 920.134155 572.550110 949.959167 652.301514 0.816156
airplane 236 1578.277344 854.840271 1648.255493 885.942383 0.918273
traffic light 224 770.847778 567.751709 796.401550 595.298828 0.729464
