68689322916
chair 227 2161.537598 467.028748 2262.129150 525.525574 0.265124
frisbee 179 2006.772095 1176.839966 2076.888428 1217.082886 0.282834
airplane 236 1577.842041 856.337769 1647.969360 886.374023 0.250230
airplane 182 2153.428711 678.235962 2270.497070 709.925842 0.306323
airplane 1 2121.482666 1248.475952 2243.638916 1298.774902 0.339638
airplane 238 2177.203369 521.567139 2406.035156 618.080139 0.372144
kite 183 1539.719116 784.019714 1573.214722 801.267151 0.424262
backpack 219 1295.510986 985.475098 1326.170532 1061.401245 0.342419
traffic light 224 769.927734 563.214050 812.250916 597.836243 0.260146
person 184 921.237732 576.024536 950.186584 657.027283 0.678669
person 187 881.025452 590.324341 909.357300 665.065979 0.780836
person 216 1294.881470 967.044861 1385.802124 1148.317871 0.840504
person 239 1317.647461 900.135315 1349.680664 979.964111 1.000000
person 11 1041.808472 556.211304 1076.855469 626.665588 0.896074
person 188 1316.957397 902.263672 1354.597168 1045.403320 0.716148
airplane 209 1438.433472 790.830933 1534.492676 824.041077 0.477973
