6692317708
bus 40 1592.296997 580.239685 1907.334595 920.748169 0.790850
airplane 20 2193.805664 523.445312 2406.676025 618.950806 0.346211
airplane 2 2153.738770 679.290283 2269.995850 709.551697 0.497227
airplane 1 2119.408936 1249.426392 2241.795898 1298.666016 0.615394
person 4 2059.064209 466.992096 2091.074707 527.012756 0.633923
person 41 1624.759155 493.968018 1652.882324 571.469116 0.688955
traffic light 18 770.589600 566.747192 796.457764 595.402893 0.273781
truck 42 782.000061 556.444397 1583.171265 952.369629 0.341027
person 7 878.231689 584.071472 902.604431 632.514099 0.297092
person 11 1045.585815 557.976868 1075.039551 608.077026 0.648143
person 25 871.053955 585.340088 895.266907 636.333557 0.715085
bus 24 930.407593 592.704224 1565.690063 942.216553 0.388896
frisbee 38 2006.767090 1176.938721 2076.611328 1217.003906 0.966806
person 34 1892.027100 466.040924 1911.255981 507.384003 0.664188
