68822330729
frisbee 179 2007.009033 1176.643066 2076.881348 1216.684082 0.304033
airplane 236 1577.944336 850.742554 1647.317505 886.953247 0.250519
airplane 182 2153.895508 678.970581 2270.121338 709.546326 0.380306
airplane 1 2121.202881 1249.253784 2243.172852 1298.765747 0.503276
kite 183 1539.305420 784.025146 1572.865601 801.597290 0.559204
backpack 219 1307.476929 988.010254 1345.142822 1060.488892 0.484499
traffic light 224 769.478882 562.345459 813.441772 597.524841 0.287023
person 239 1317.417358 899.380615 1348.801758 990.168823 0.480873
person 11 1042.538818 555.418457 1077.358521 628.224792 0.643594
person 187 882.702454 591.851685 909.960938 666.673767 0.749637
person 184 921.965088 574.932678 950.940735 658.606934 0.772161
person 216 1307.778687 954.098877 1387.162598 1144.632324 0.829587
person 188 1316.384399 904.671448 1354.024170 1047.811035 0.730835
airplane 209 1438.122925 791.043152 1534.182129 824.253296 0.471055
chair 227 2161.894775 467.154175 2261.959229 525.589478 0.685653
