68922330729
frisbee 179 2006.992554 1176.782349 2076.920410 1216.775024 0.322271
airplane 182 2154.135742 679.408936 2269.842529 709.257568 0.379732
airplane 1 2121.165527 1249.563110 2243.106445 1298.729736 0.504864
kite 183 1539.189575 784.002930 1572.773315 801.735657 0.555596
traffic light 224 769.834778 562.133057 814.293884 597.312500 0.291536
person 239 1318.051514 899.696167 1350.872070 991.871033 0.420544
person 11 1042.693237 555.159302 1077.446899 629.048340 0.620713
person 216 1322.468872 958.637390 1387.627075 1143.116821 0.705886
person 187 883.585266 591.940491 910.269531 666.905090 0.746165
person 184 922.000549 574.873962 950.859619 659.095276 0.767183
airplane 236 1577.700928 852.357788 1647.074097 888.568481 0.766014
backpack 219 1313.468018 988.549561 1354.106323 1061.460571 0.456817
person 188 1317.213135 905.410522 1354.852905 1048.550171 0.761750
airplane 209 1441.546265 790.792236 1537.605469 824.002380 0.758823
chair 227 2161.948242 467.053375 2262.012695 525.488647 0.684590
