6725325520
bus 40 1592.613159 580.036804 1916.865967 923.021240 0.891873
airplane 20 2194.728271 523.415955 2406.830078 619.002808 0.340180
airplane 2 2153.763672 679.329712 2270.147705 709.553650 0.460416
airplane 1 2119.426025 1249.422729 2241.789307 1298.667603 0.626133
person 41 1628.360474 491.606567 1652.857544 556.481323 0.395535
person 4 2058.696045 466.983795 2087.340088 525.472229 0.576322
traffic light 18 770.535278 566.490723 796.562866 595.497864 0.294448
truck 42 781.316956 556.241516 1582.807739 951.566345 0.271296
person 11 1044.656494 558.391907 1074.185547 609.482849 0.298211
person 25 871.995300 586.334167 896.208252 637.327637 0.680331
person 7 878.693481 584.819275 903.066223 633.261902 0.791920
bus 24 928.269348 594.797729 1563.551636 944.310059 0.350012
frisbee 38 2006.680298 1176.938721 2076.524658 1217.003906 0.974679
person 34 1891.505493 465.845428 1910.734375 507.188507 0.482436
