69089322916
frisbee 179 2007.132324 1176.592407 2076.878418 1216.519287 0.314699
airplane 182 2154.260742 679.810608 2269.755615 708.789307 0.370353
airplane 1 2121.197754 1249.643066 2243.131592 1298.715332 0.469253
kite 183 1539.173950 783.994934 1572.747559 801.773132 0.593062
person 239 1318.214478 900.536560 1356.968872 1003.886963 0.522434
person 11 1042.697754 555.044250 1077.503174 629.541748 0.598263
person 187 884.367859 591.646912 911.941162 667.808655 0.770753
person 216 1342.155884 961.157043 1406.802368 1144.351807 0.783275
person 184 922.277222 575.619690 951.449585 659.947021 0.790761
person 188 1318.381470 903.124695 1357.540161 1035.258423 0.803503
airplane 236 1577.786255 851.092102 1646.889893 889.518616 0.717771
backpack 219 1323.702148 988.583679 1356.806396 1062.006470 0.453170
airplane 209 1441.946411 787.311340 1538.005615 820.521484 0.628460
traffic light 224 770.261719 561.953735 814.762634 597.136353 0.565798
chair 227 2161.982422 466.756165 2262.046875 525.191467 0.693934
