69189322916
frisbee 179 2006.757324 1176.786133 2076.938477 1216.706665 0.632312
airplane 1 2120.843994 1249.486572 2242.463379 1298.753784 0.279404
airplane 236 1578.188232 848.778564 1647.931641 888.066162 0.316145
airplane 182 2153.890137 679.206177 2269.168701 709.924500 0.435513
kite 183 1539.710327 783.983704 1572.902100 801.372009 0.644314
person 11 1042.348389 554.973206 1076.850220 629.623718 0.593681
person 187 885.586731 593.014709 914.695374 668.937683 0.669570
person 188 1318.072998 901.124817 1356.417480 1062.295654 0.743609
person 184 923.116699 575.301331 954.431519 659.908630 0.813935
person 216 1352.882324 959.597595 1434.641602 1141.708984 0.883815
backpack 219 1328.329346 987.417297 1361.433594 1060.840088 0.385072
airplane 209 1442.507080 786.279968 1538.566284 819.490112 0.589246
traffic light 224 769.948730 561.965332 814.449646 597.147949 0.566486
chair 227 2161.877686 466.786072 2261.942139 525.221375 0.718647
