69255338541
frisbee 179 2006.719116 1176.796265 2076.993408 1216.712891 0.637611
airplane 1 2121.156250 1249.419312 2242.427246 1298.764404 0.253197
airplane 236 1578.355225 848.427063 1648.201782 887.840149 0.317303
airplane 182 2153.902832 679.146851 2269.078613 710.068054 0.431736
kite 183 1539.732788 784.016663 1572.928955 801.341736 0.610585
person 11 1042.326050 554.955750 1076.804199 629.664612 0.564985
person 187 885.535339 593.598633 915.143188 669.442383 0.652131
person 188 1318.432129 899.985779 1358.646484 1067.203979 0.729809
person 184 923.791992 578.642029 955.954895 660.550903 0.818260
person 216 1354.236450 959.651245 1441.308960 1141.222900 0.881608
backpack 219 1334.442505 986.995300 1367.546753 1060.418091 0.484903
airplane 209 1442.766113 785.963623 1538.825317 819.173767 0.611271
traffic light 224 769.710388 562.012207 814.211304 597.194824 0.580341
chair 227 2161.870605 466.816528 2261.935059 525.251831 0.729139
