69422330729
frisbee 179 2006.696167 1176.806274 2077.010498 1216.715332 0.622140
airplane 236 1578.371948 848.157776 1648.265381 887.450012 0.307709
airplane 182 2153.823242 679.047180 2269.000977 710.105652 0.420765
kite 183 1540.017090 783.763123 1572.654541 801.132507 0.614653
backpack 219 1355.906494 986.099792 1392.653564 1058.586670 0.367688
person 11 1042.374268 554.926697 1076.839111 629.640686 0.613514
person 184 925.061279 580.996704 957.693115 660.932312 0.737535
person 188 1317.682495 899.615967 1362.248413 1070.219238 0.750540
person 187 884.872742 593.502808 914.991272 671.219177 0.767208
person 216 1354.972290 959.689514 1447.617432 1141.563965 0.891376
airplane 1 2121.041992 1249.381226 2242.225830 1298.776367 1.005024
airplane 209 1443.223022 785.783020 1539.282227 818.993164 0.624391
traffic light 224 769.319397 562.286438 813.820312 597.469055 0.582286
chair 227 2161.991699 466.907257 2262.056152 525.342529 0.727612
