69588346354
frisbee 179 2007.051758 1176.728271 2077.198242 1216.997070 0.408141
airplane 1 2121.828369 1249.515747 2242.799561 1298.726562 0.424687
kite 183 1540.189087 784.215088 1573.206421 801.452637 0.546431
backpack 219 1370.598633 987.792908 1404.412476 1057.875000 0.273682
airplane 209 1436.941040 787.599976 1533.988770 823.061218 0.274231
bicycle 240 1042.528198 575.710144 1069.654907 636.864380 0.323166
person 11 1042.941040 555.282104 1077.249390 628.959473 0.358100
person 187 887.153320 594.494080 914.867859 671.207764 0.613116
person 184 924.401001 583.908569 959.176331 660.541870 0.619351
person 188 1318.291504 899.918884 1364.789062 1070.296509 0.794917
person 216 1369.265137 960.114563 1449.638062 1141.761963 0.811788
backpack 241 1353.368164 967.273499 1381.324951 1016.739136 0.784117
airplane 182 2153.380371 679.247864 2268.654297 709.814636 0.965408
airplane 236 1578.656128 849.005249 1648.549561 888.297485 0.747850
chair 227 2161.861328 466.817841 2261.925781 525.253113 0.744815
traffic light 224 769.273438 565.941345 804.812561 596.752686 0.555306
