69688346354
frisbee 179 2007.063965 1176.710815 2077.183594 1217.038940 0.397643
airplane 236 1578.196533 851.408386 1647.995361 887.410767 0.250125
airplane 182 2153.382812 678.914734 2268.968506 709.063660 0.252003
airplane 1 2121.965820 1249.506348 2242.834961 1298.702759 0.429374
kite 183 1540.190674 784.241028 1573.242188 801.446716 0.543608
bicycle 240 1042.559204 575.891296 1069.735840 636.834839 0.313640
person 11 1042.929199 555.288391 1077.264893 629.321899 0.324761
person 184 924.389648 582.684143 959.304016 661.457214 0.676047
person 216 1383.878418 958.185547 1449.880493 1140.984985 0.712303
person 188 1318.349976 900.305847 1363.531372 1070.024902 0.753181
person 187 887.790039 594.769165 916.031189 671.311096 0.776067
kite 242 1492.171509 847.217285 1520.917114 867.386597 1.000000
backpack 219 1377.144897 988.238037 1413.994873 1057.695679 0.436946
chair 227 2161.805420 466.630127 2261.869873 525.065430 0.730404
traffic light 224 768.800537 565.996704 804.339661 596.808044 0.557279
backpack 241 1353.067993 966.160889 1384.894653 1016.070801 0.726186
