70021354166
chair 227 2163.895996 467.101471 2262.592529 525.813904 0.360679
frisbee 179 2006.865234 1176.563232 2076.906006 1216.808838 0.513322
airplane 236 1578.327271 847.779663 1647.419922 887.589844 0.349635
airplane 1 2116.909668 1249.413452 2242.016602 1298.693237 0.421224
airplane 182 2153.688232 679.003723 2269.035156 709.837158 0.475100
bicycle 243 2004.643921 466.943817 2055.351074 499.714996 0.302612
kite 242 1492.324951 847.203064 1521.067627 867.024231 0.304220
kite 183 1540.617554 784.004150 1572.684570 801.077881 0.600503
backpack 219 1396.895020 986.332092 1439.974121 1055.567749 0.709073
person 216 1410.475220 958.322754 1459.260376 1140.768677 0.633323
person 184 932.254578 585.248108 960.862000 664.824829 0.702594
person 187 891.443420 596.595215 919.936768 673.468933 0.725633
person 188 1317.427979 898.781494 1363.016846 1069.236816 0.750403
backpack 241 1357.753418 954.997925 1389.580078 1004.907837 0.619901
traffic light 224 770.316772 562.420715 814.618835 597.731812 0.670486
person 11 1043.541992 555.337952 1077.840576 628.923706 0.864019
