70054361979
chair 227 2163.894287 467.090393 2262.580566 525.804932 0.362486
frisbee 179 2006.865112 1176.560547 2076.908936 1216.799316 0.538858
airplane 236 1578.323486 847.736023 1647.413086 887.569092 0.349607
airplane 1 2116.921631 1249.434326 2241.995117 1298.702271 0.363126
airplane 182 2153.715576 678.989502 2269.237549 709.842590 0.502267
bicycle 243 2004.079346 466.967621 2055.634521 499.948273 0.319095
kite 242 1492.335083 847.266113 1521.064209 867.012207 0.314212
kite 183 1540.618042 783.999207 1572.675415 801.076172 0.588583
backpack 219 1399.086426 986.074829 1443.426392 1055.794678 0.662260
person 184 932.341553 585.095337 960.901306 664.926758 0.675569
person 216 1411.712769 958.494019 1457.706909 1141.231079 0.704683
person 188 1317.390015 898.748352 1362.808960 1069.221924 0.749079
person 187 891.536743 596.421753 919.680847 673.157959 0.752100
backpack 241 1357.901611 955.683594 1389.728271 1005.593506 0.656483
traffic light 224 770.338867 562.520630 814.640930 597.831726 0.672672
person 11 1043.595947 555.322510 1077.894531 628.908264 0.903360
