70387304687
airplane 236 1578.280762 847.932373 1647.346436 887.033447 0.322711
airplane 1 2121.045166 1248.859009 2242.780762 1298.688354 0.411152
airplane 182 2153.661377 679.837036 2268.848877 708.715576 0.428179
kite 242 1492.125366 847.007751 1521.036255 867.029785 0.416443
kite 183 1539.955444 783.906860 1572.951294 801.200500 0.561759
backpack 244 1300.280273 935.498962 1332.763916 1024.720459 0.298206
backpack 219 1425.934937 983.991089 1469.503052 1052.811401 0.563240
person 187 895.497070 596.164917 923.485840 675.774170 0.733940
person 216 1422.429199 953.566345 1481.589844 1141.329346 0.736164
person 184 932.207703 580.504333 963.220215 665.694092 0.762802
person 188 1319.026978 899.267761 1363.358276 1068.998169 0.772793
backpack 241 1355.222534 954.854370 1387.049194 1004.764282 0.726683
bicycle 243 2004.720093 466.389191 2056.141357 499.307343 0.853113
traffic light 224 769.969849 562.710022 814.271912 598.021118 0.608506
chair 227 2166.769043 466.185181 2265.489746 524.903442 0.538566
frisbee 179 2006.576294 1176.979492 2076.623779 1217.217529 0.974375
person 11 1043.665649 555.613708 1077.964233 629.199463 0.908767
