70620312500
airplane 245 1578.156128 848.081604 1647.395874 918.364990 0.261429
airplane 236 1578.292480 854.696533 1648.162720 885.530518 0.273908
airplane 1 2120.064209 1249.359497 2242.033691 1298.736450 0.394624
bicycle 243 2008.596558 466.876740 2056.460938 504.462921 0.446216
kite 242 1492.163818 847.154968 1520.896362 867.051086 0.388533
kite 183 1539.831299 783.815552 1572.739868 801.715454 0.626189
backpack 219 1439.309814 982.504761 1468.106812 1049.791504 0.341918
traffic light 224 769.979736 562.358093 813.999023 596.501282 0.376980
person 184 937.485596 595.500183 966.912292 664.208435 0.623926
person 216 1455.726929 947.101318 1499.023071 1076.455444 0.682309
person 187 899.367065 598.196045 925.995728 676.592651 0.776625
person 188 1319.183472 897.912354 1365.926758 1068.991211 0.803749
backpack 241 1353.147461 953.425110 1386.845215 1000.510803 0.764581
backpack 244 1299.658936 935.682312 1332.084106 1025.064087 0.861751
frisbee 179 2006.387207 1176.962036 2076.434570 1217.200073 1.000108
person 11 1044.215088 555.954529 1078.513672 629.540283 0.987677
airplane 182 2154.044189 679.241394 2269.923096 710.466797 0.912091
chair 227 2163.060303 470.974792 2260.821777 529.398682 0.463340
