70654361979
airplane 245 1578.157959 848.086914 1647.397339 918.364563 0.261392
airplane 236 1578.291504 854.870056 1648.176636 885.487061 0.274920
airplane 1 2120.019043 1249.352173 2242.018066 1298.728271 0.406819
bicycle 243 2008.708008 466.856628 2056.498291 504.525024 0.448346
kite 242 1492.084595 847.105896 1520.820312 867.017883 0.398298
kite 183 1539.828247 783.804443 1572.737915 801.729858 0.635948
backpack 219 1441.500244 982.152405 1476.313232 1050.235107 0.385394
traffic light 224 770.013916 562.303955 813.971313 596.726868 0.390571
person 184 937.298828 594.853638 966.511169 663.717407 0.483938
person 216 1458.344604 947.407104 1500.951172 1072.138428 0.627152
person 187 899.695251 598.159546 926.143616 676.631470 0.776842
person 188 1319.204468 897.903687 1366.961792 1069.018555 0.828449
backpack 241 1353.194580 953.157532 1386.892334 1000.243225 0.753296
backpack 244 1299.598999 935.671936 1332.024170 1025.053711 0.866843
frisbee 179 2006.366333 1176.973633 2076.413818 1217.211670 0.995825
person 11 1044.352051 555.916870 1078.650635 629.502625 0.982035
airplane 182 2154.035645 679.436279 2269.914551 710.661682 0.866644
chair 227 2162.732178 469.750732 2260.493652 528.174622 0.462476
