70720312500
airplane 245 1578.159790 848.086182 1647.398560 918.367737 0.258564
airplane 236 1577.903442 855.215271 1647.801147 885.602112 0.274756
airplane 1 2119.982666 1249.335327 2242.039551 1298.714355 0.401055
bicycle 243 2008.903320 466.888367 2056.621338 504.637085 0.446821
kite 242 1492.145142 847.154297 1520.921997 867.028809 0.316677
kite 183 1540.095215 783.849731 1572.660278 801.533997 0.632166
backpack 219 1444.674927 981.570557 1483.566406 1049.562134 0.524380
traffic light 224 770.010742 562.278992 813.900208 596.884033 0.402787
person 216 1461.739502 948.327759 1505.510620 1070.397949 0.601952
person 184 936.291138 589.672119 967.458008 664.330139 0.648892
person 187 899.944214 597.744324 926.362671 676.473694 0.773056
person 188 1319.198608 897.891907 1367.644653 1069.053955 0.842302
backpack 241 1353.322876 952.854797 1387.020630 999.940491 0.737388
backpack 244 1299.417847 935.753540 1331.843018 1025.135254 0.822539
frisbee 179 2006.362915 1176.986206 2076.410400 1217.224243 0.999398
person 11 1044.417603 556.057678 1078.716187 629.643433 0.988567
airplane 182 2154.101807 679.884888 2269.980713 711.110291 0.705348
chair 227 2161.443115 470.556519 2259.204590 528.980408 0.498110
