70787304687
frisbee 179 2006.583008 1176.609619 2076.665039 1217.023071 0.279320
airplane 1 2120.336426 1249.575806 2242.604248 1298.741821 0.303414
airplane 182 2153.275391 679.489502 2268.825195 710.900574 0.484003
kite 242 1492.198242 847.148132 1520.770630 866.928223 0.456723
kite 183 1540.136841 784.053223 1572.621582 801.489868 0.670463
backpack 244 1299.710938 936.109009 1331.381226 1024.604614 0.398605
backpack 219 1447.335327 981.387207 1485.395874 1050.003784 0.522423
person 11 1043.537231 555.893066 1077.356079 632.017212 0.396611
person 216 1465.369629 948.112549 1511.284912 1069.059204 0.736704
person 184 935.569031 584.374634 969.178467 664.932983 0.764998
person 187 900.621521 597.089172 927.374512 676.103149 0.773141
person 188 1318.692993 898.441101 1367.786255 1069.160400 0.833378
backpack 241 1351.937012 952.933472 1387.748169 999.029785 0.711960
airplane 245 1578.172607 848.073425 1647.411133 918.357056 0.971162
bicycle 243 2008.667725 466.713928 2056.548096 504.488495 0.600956
chair 227 2159.743164 470.499756 2257.504639 528.923645 0.484698
airplane 236 1577.564819 855.170654 1647.466187 885.504822 0.832410
traffic light 224 769.991882 562.347961 813.888184 597.040161 0.790983
