70920312500
frisbee 179 2006.680298 1176.403320 2076.801758 1216.987061 0.283100
airplane 1 2120.736084 1249.834717 2243.213135 1298.747070 0.307975
airplane 182 2153.911621 679.320679 2268.773926 709.936035 0.501993
kite 242 1492.345337 847.134766 1520.641479 866.785950 0.495916
kite 183 1539.965698 784.241577 1572.636475 801.536743 0.672032
backpack 244 1300.179565 936.337524 1331.085693 1024.074463 0.356175
backpack 219 1454.937744 982.309448 1489.211182 1050.067017 0.505013
person 11 1042.963135 555.292236 1076.345459 633.354370 0.415181
person 216 1473.490723 948.128296 1517.004517 1066.592041 0.726885
person 184 938.275635 581.444763 971.386597 665.865417 0.734617
person 187 903.198608 596.755798 930.175476 676.177185 0.735266
person 188 1318.013672 899.227600 1367.728271 1069.202759 0.833504
backpack 241 1352.237305 953.116211 1388.048462 999.212524 0.769736
airplane 245 1578.316895 847.963013 1647.555420 918.246643 0.945002
bicycle 243 2007.414795 465.892181 2055.295166 503.666748 0.639097
chair 227 2159.715088 470.411194 2257.476562 528.835083 0.467195
airplane 236 1576.763428 854.601562 1646.664795 884.935730 0.854071
traffic light 224 769.925842 562.573730 813.822144 597.265930 0.765607
