6925325520
bus 40 1589.774902 579.384888 1968.136475 937.632507 0.724234
airplane 2 2153.492920 679.059998 2269.147461 710.385620 0.435110
airplane 1 2119.007080 1249.989136 2241.739990 1298.682983 0.596033
person 41 1640.726440 492.302490 1672.530273 574.408142 0.683312
person 4 2054.177246 467.212036 2076.422119 525.156677 0.698937
truck 42 848.952148 552.607605 1588.318115 947.357056 0.261224
person 25 881.068787 585.317322 905.593750 634.112488 0.477039
airplane 20 2196.043945 523.855469 2405.134277 620.059692 0.722308
person 7 881.809143 589.695007 906.181885 638.137634 0.550234
bus 24 980.558105 580.400452 1615.840332 929.912720 0.426633
person 11 1045.139771 558.180054 1074.840332 608.998291 0.579978
traffic light 18 768.707886 567.631042 803.111206 598.917603 0.549326
frisbee 38 2006.398804 1176.969116 2076.243164 1217.034302 0.998534
person 34 1889.414062 464.864471 1908.642944 506.207550 0.487497
