71120312500
frisbee 179 2006.878296 1176.432617 2076.948242 1216.849976 0.424531
airplane 245 1578.554321 847.529297 1647.696167 917.998901 0.268107
airplane 1 2119.739258 1249.597778 2242.613770 1298.689575 0.352390
kite 242 1492.572021 847.077576 1520.724487 866.940735 0.455595
kite 183 1540.020142 784.529724 1572.733032 801.524841 0.617722
backpack 241 1351.220825 951.552002 1389.242432 997.813843 0.267818
backpack 219 1466.539062 982.533264 1497.956909 1050.661011 0.641462
person 11 1042.910156 554.875061 1076.519409 631.139038 0.389687
person 216 1483.066772 950.556824 1525.530640 1065.470581 0.677976
person 187 907.253662 598.413940 939.007385 676.721069 0.700173
person 184 943.384277 584.797913 972.577515 665.820740 0.705901
person 188 1318.373291 898.839294 1367.146973 1069.275635 0.809829
airplane 182 2154.120850 679.271179 2268.895020 709.839539 0.919877
backpack 244 1300.308105 936.388000 1331.266968 1023.960327 0.840659
bicycle 243 2007.286377 465.536316 2055.166748 503.310883 0.638872
chair 227 2160.863037 469.684235 2258.624512 528.108093 0.507289
airplane 236 1576.300293 854.768433 1646.201660 885.102600 0.799026
traffic light 224 769.589661 562.685181 813.485962 597.377380 0.733371
