71186328125
frisbee 179 2007.029907 1176.472412 2077.080078 1216.732666 0.423818
airplane 245 1578.322144 847.433594 1647.391968 918.044067 0.272016
airplane 182 2154.060547 678.947510 2269.333496 709.899231 0.273684
airplane 1 2119.927979 1249.369629 2242.485596 1298.703003 0.298862
kite 242 1492.480591 847.095764 1520.931396 867.067871 0.453578
kite 183 1540.127686 784.764526 1572.848511 801.479065 0.617356
backpack 241 1350.763672 950.981628 1390.187866 997.379578 0.279997
backpack 219 1469.600952 983.210022 1502.010864 1050.142822 0.732612
person 11 1042.847046 554.962097 1076.686035 628.977417 0.396290
person 216 1486.020264 950.097412 1529.538818 1065.754883 0.661388
person 184 945.422913 588.547424 973.372437 665.341309 0.736072
person 187 909.084534 598.954956 941.996277 676.785828 0.749425
person 188 1318.521240 898.437317 1366.387085 1069.276123 0.809568
backpack 244 1300.373901 936.418518 1331.332764 1023.990845 0.855335
bicycle 243 2007.561890 465.527618 2055.442383 503.302185 0.640804
chair 227 2158.890137 468.767944 2256.651611 527.191833 0.456407
airplane 236 1576.249146 854.904907 1646.150513 885.239075 0.802694
traffic light 224 769.519653 562.735718 813.415955 597.427917 0.756190
