71253320312
frisbee 179 2007.051270 1176.491577 2077.094727 1216.697998 0.414251
airplane 245 1578.257324 847.403809 1647.301880 918.062500 0.271341
airplane 182 2154.044189 678.846436 2269.479248 709.907898 0.273344
airplane 1 2119.492676 1249.284546 2242.171143 1298.714966 0.362063
kite 242 1492.432983 847.095459 1521.006592 867.116821 0.386746
kite 183 1540.139893 784.846497 1572.863647 801.451355 0.603640
person 216 1487.046021 949.485840 1531.328369 1065.324585 0.484731
person 11 1042.841919 555.153809 1076.653931 627.805725 0.524436
person 184 945.961304 589.173462 973.677185 665.610718 0.686918
person 187 910.972961 598.570740 943.077026 676.808594 0.754689
person 188 1318.664673 898.361572 1366.214233 1069.255005 0.787935
backpack 219 1473.052124 983.367310 1506.290283 1052.426025 0.359956
backpack 244 1300.526001 936.254211 1331.484863 1023.826538 0.853167
bicycle 243 2007.738770 465.511139 2055.619141 503.285706 0.633085
chair 227 2159.858643 467.688293 2257.620117 526.112183 0.491662
airplane 236 1576.100464 855.005676 1646.001831 885.339844 0.812743
traffic light 224 769.419800 562.741394 813.316101 597.433594 0.729864
