71353320312
frisbee 179 2007.051270 1176.495361 2077.098145 1216.670410 0.429083
airplane 245 1578.195068 847.424744 1647.227783 918.097046 0.273010
airplane 1 2118.389893 1249.209106 2241.754883 1298.735840 0.386703
kite 242 1492.438843 847.098145 1521.002441 867.105225 0.395321
kite 183 1540.145386 784.884094 1572.870117 801.449524 0.608314
backpack 219 1476.561523 984.242554 1513.122559 1052.105103 0.431343
person 11 1042.833130 555.551331 1076.993408 627.675903 0.426439
person 216 1488.352905 948.974792 1534.893555 1065.342896 0.549312
person 184 946.743347 585.658203 974.069153 666.777222 0.722403
person 187 912.564026 598.235168 943.407532 676.816223 0.729912
person 188 1318.797974 897.799622 1365.480347 1069.144287 0.787533
airplane 182 2154.149170 678.868164 2269.616211 709.957458 0.968994
backpack 244 1300.921997 936.077332 1331.880859 1023.649658 0.861662
bicycle 243 2007.776367 465.527802 2055.656738 503.302368 0.633012
chair 227 2161.517334 467.719238 2259.278809 526.143127 0.673193
airplane 236 1575.954956 855.182678 1645.856323 885.516846 0.830627
traffic light 224 769.446228 562.723206 813.342529 597.415405 0.730933
