71619335937
chair 227 2163.090088 467.164581 2270.591553 525.510681 0.269511
frisbee 179 2006.899780 1176.786255 2077.225098 1216.891724 0.322987
airplane 245 1578.150635 847.936768 1647.112183 917.990723 0.326289
airplane 1 2119.673584 1248.977173 2242.884277 1298.716064 0.539345
bicycle 243 2000.382568 467.174805 2055.564453 505.201599 0.558822
person 246 2055.486816 467.188477 2072.375000 497.381744 0.295719
kite 242 1492.392212 847.364807 1521.290283 867.097229 0.253778
kite 183 1540.259644 784.661926 1572.636108 801.702576 0.507056
backpack 244 1300.196289 935.008057 1332.534302 1023.651184 0.286566
backpack 219 1480.736572 983.650208 1521.408936 1053.204712 0.689153
person 11 1041.531250 555.594788 1076.704346 633.073181 0.574315
person 216 1494.695190 949.393066 1546.327271 1067.565308 0.610347
person 184 947.304077 583.339050 973.602051 667.709778 0.717369
person 187 916.410706 596.678589 944.137939 675.939575 0.746274
person 188 1318.967896 897.439331 1367.771973 1069.289795 0.834823
traffic light 224 769.824097 562.169983 814.467957 597.077942 0.794793
airplane 236 1576.251709 855.064880 1646.002441 885.341797 0.908454
airplane 182 2152.500488 679.689209 2268.026855 710.817566 0.753764
