71686328125
chair 227 2163.114258 467.158997 2270.156738 525.508484 0.271791
frisbee 179 2006.889404 1176.794434 2077.231201 1216.866699 0.323572
airplane 245 1578.148682 847.945923 1647.109497 917.980042 0.326700
airplane 1 2119.714355 1248.971436 2242.891846 1298.714600 0.558035
bicycle 243 2000.193604 467.178650 2055.683594 505.204163 0.520858
person 246 2055.163086 467.196838 2072.283691 497.379608 0.301449
kite 242 1492.380981 847.373291 1521.286255 867.088013 0.305057
kite 183 1540.273560 784.659668 1572.637085 801.715210 0.515730
backpack 244 1300.209473 934.987305 1332.653198 1023.618530 0.273004
backpack 219 1481.525635 983.492004 1521.824951 1053.910278 0.697913
traffic light 224 770.192749 561.958923 814.920227 596.931396 0.267529
person 216 1497.694214 949.076965 1546.902588 1067.029053 0.644350
person 11 1041.512939 555.835449 1076.437378 634.543945 0.677737
person 184 947.467834 582.816956 973.955933 667.497986 0.690374
person 187 916.832947 596.449341 944.158752 676.102112 0.707681
person 188 1318.872925 897.576355 1368.088135 1069.298706 0.828601
airplane 236 1575.999878 855.054993 1645.750610 885.331909 0.911265
airplane 182 2151.305908 680.616516 2266.832275 711.744873 0.516416
