71852343750
airplane 236 1578.083740 849.021484 1647.081421 886.713074 0.271786
airplane 247 1770.737305 806.362671 2406.652588 1296.228271 0.272665
airplane 182 2147.802734 677.362976 2264.414551 708.222412 0.290831
airplane 1 2121.153809 1249.702026 2242.817627 1298.742676 0.385824
bicycle 243 2002.444580 466.976379 2055.561279 505.043915 0.559590
kite 242 1492.141846 847.337036 1521.117310 867.149536 0.324903
kite 183 1540.098511 783.807068 1572.638550 801.478882 0.628651
backpack 219 1483.263550 978.663391 1523.388184 1057.468872 0.436770
person 11 1042.491211 554.965149 1076.687622 631.332764 0.292883
person 216 1501.294678 948.340149 1545.939697 1067.791504 0.569207
person 187 920.154358 597.809143 949.305725 677.913879 0.671501
person 184 947.101257 581.773926 975.619080 669.221802 0.740875
person 188 1318.566162 898.183167 1365.444946 1069.221558 0.813079
backpack 244 1300.641235 935.277771 1333.038940 1023.965149 0.943579
chair 227 2162.796631 467.171112 2269.413818 525.525452 0.702238
frisbee 179 2006.634277 1176.965088 2076.981445 1217.034912 0.968245
airplane 245 1578.366699 847.917908 1647.328003 917.948242 0.940998
