71952343750
airplane 182 2152.409180 678.212585 2269.184082 709.047852 0.258739
airplane 247 1770.732788 806.641785 2406.666504 1296.309326 0.269150
airplane 236 1578.469360 847.976013 1647.328857 887.030518 0.271861
airplane 1 2121.460938 1249.813965 2242.836426 1298.694946 0.405223
bicycle 243 2002.606079 466.972534 2055.677490 505.013031 0.582781
kite 242 1492.085449 847.312805 1521.080322 867.150879 0.324196
kite 183 1540.076660 783.703796 1572.658569 801.514465 0.632078
backpack 244 1300.413940 935.490479 1332.850708 1023.963989 0.250245
backpack 219 1483.141724 977.645813 1523.652222 1055.294189 0.569165
person 11 1042.915161 554.737854 1075.889160 631.399414 0.447406
person 216 1501.578247 947.549683 1544.726318 1067.273804 0.587777
person 187 921.493591 598.180908 950.132263 677.839417 0.685735
person 184 947.524109 581.956848 975.510132 669.403198 0.725060
person 188 1318.281250 901.038635 1363.476440 1069.322266 0.803740
chair 227 2162.496582 467.076752 2269.113770 525.431091 0.678062
frisbee 179 2006.574585 1177.054810 2076.921875 1217.124756 0.983132
airplane 245 1578.696289 847.696594 1647.657593 917.726929 0.945845
