71986328125
airplane 236 1578.459473 847.875244 1647.302002 887.084961 0.272842
airplane 247 1770.717773 806.782837 2406.634521 1296.384277 0.286436
airplane 182 2152.926758 678.524048 2269.740967 709.353394 0.302003
airplane 1 2121.519287 1249.827026 2242.852783 1298.688354 0.382838
bicycle 243 2002.482544 466.954468 2055.672119 504.957397 0.536965
kite 242 1492.096069 847.311768 1521.091919 867.158203 0.342083
kite 183 1540.070679 783.695129 1572.648071 801.513428 0.637589
backpack 219 1483.024902 977.491882 1523.645020 1054.814209 0.493213
person 11 1042.717407 554.733643 1075.364502 631.481323 0.416213
person 216 1501.480591 947.238708 1544.450928 1067.514893 0.557032
person 187 921.662415 598.176208 950.278992 677.906067 0.684403
person 184 947.345520 581.850342 975.567993 669.410950 0.723510
person 188 1318.424683 901.542419 1364.792114 1069.424805 0.806046
backpack 244 1300.524658 935.568298 1332.961426 1024.041748 0.942668
chair 227 2162.358887 467.082581 2268.976074 525.436890 0.667526
frisbee 179 2006.587402 1177.089111 2076.934570 1217.158936 0.993063
airplane 245 1578.929565 847.604248 1647.890869 917.634583 0.919564
