72085351562
airplane 236 1578.390137 847.727600 1647.208374 887.126709 0.274612
airplane 247 1770.814087 806.793884 2406.705566 1296.532471 0.291004
airplane 182 2153.232910 678.891296 2270.194824 709.751587 0.295024
airplane 1 2121.409912 1249.844604 2242.801270 1298.683472 0.407323
bicycle 243 2002.303101 466.975861 2055.677246 504.944824 0.564761
kite 242 1492.117188 847.297729 1521.100098 867.146973 0.348857
kite 183 1540.077393 783.677917 1572.640991 801.511719 0.632147
backpack 244 1300.354614 935.833801 1332.603516 1024.133545 0.259664
backpack 219 1483.162964 977.968445 1523.069824 1056.176025 0.515666
person 11 1042.409302 554.797363 1074.685181 630.490845 0.521010
person 216 1501.383789 946.972717 1542.819824 1067.498657 0.622407
person 187 922.469543 598.286560 951.107727 678.406860 0.680970
person 184 948.088989 581.921204 975.728027 669.470154 0.707894
person 188 1318.504150 902.510498 1362.920776 1069.298096 0.816971
chair 227 2162.240479 467.127655 2268.857666 525.481995 0.663550
frisbee 179 2006.686523 1177.098877 2077.033691 1217.168701 0.999232
airplane 245 1579.891846 847.199219 1648.853149 917.229553 0.840380
