72119335937
chair 227 2159.946045 467.287537 2263.948242 525.687622 0.359895
airplane 182 2153.785889 679.203918 2269.786377 709.970886 0.426443
airplane 1 2120.881592 1249.893311 2242.646973 1298.716064 0.560147
kite 183 1540.059814 784.032471 1572.633545 801.560608 0.602512
backpack 219 1483.241577 978.751465 1522.950073 1056.039917 0.551859
person 11 1042.537354 555.072510 1074.996338 629.426941 0.364798
person 216 1499.434326 946.699036 1542.194946 1067.435425 0.684463
person 187 922.765991 598.092896 950.851440 678.051758 0.710940
person 184 949.851562 583.124756 976.382935 669.365479 0.728445
person 188 1318.370972 903.101746 1362.453369 1069.359009 0.782406
airplane 248 1578.282593 821.685486 1647.234619 887.265259 1.000000
airplane 249 1437.481567 787.109924 1533.522827 823.266541 1.000000
backpack 244 1300.587158 935.886536 1332.836060 1024.186279 0.905751
airplane 247 1770.685547 807.203979 2406.576904 1296.942627 0.996905
frisbee 179 2006.684692 1177.070923 2077.031982 1217.140869 0.929403
kite 242 1492.031006 847.311768 1521.013916 867.161011 0.999851
airplane 245 1580.188232 846.883545 1649.149536 916.913879 0.793156
airplane 236 1578.445923 847.898438 1647.264160 887.297546 0.836071
bicycle 243 2002.284058 466.909241 2055.658203 504.878174 0.837179
