72185351562
chair 227 2158.254395 467.330200 2261.067627 525.799561 0.356752
airplane 248 1578.393555 821.669250 1647.347290 887.246582 0.306974
airplane 182 2154.033447 679.507019 2269.326172 710.176941 0.431794
airplane 1 2120.358643 1249.950073 2242.505127 1298.754761 0.563851
kite 183 1540.114746 784.299255 1572.699341 801.511841 0.615209
backpack 219 1483.182129 979.570068 1522.541260 1055.824951 0.593978
airplane 249 1437.563232 787.310242 1533.598267 823.322144 0.295068
person 11 1042.720093 555.374695 1075.191772 628.952515 0.280555
person 216 1498.418335 946.663513 1541.444214 1067.830933 0.700047
person 187 923.542358 598.241272 950.630493 677.732666 0.706246
person 184 951.517578 584.275024 976.712830 669.198853 0.713441
person 188 1318.385254 901.138062 1361.729736 1068.833862 0.799632
backpack 244 1301.148315 935.947815 1333.397217 1024.247559 0.937867
airplane 247 1769.045166 808.604370 2404.936523 1298.343018 0.966919
frisbee 179 2006.622192 1177.054321 2076.969482 1217.124268 0.927252
kite 242 1491.935791 847.315796 1520.918701 867.165039 1.008343
airplane 245 1581.202393 846.298645 1650.163696 916.328979 0.728403
airplane 236 1578.509399 848.396606 1647.327637 887.795715 0.820395
bicycle 243 2002.214600 466.720764 2055.588867 504.689697 0.808446
