72219335937
chair 227 2157.962646 467.372650 2260.644775 525.854309 0.349141
airplane 248 1578.400635 821.667236 1647.354126 887.247864 0.306611
airplane 182 2153.977051 679.542419 2269.194092 710.197998 0.436265
airplane 1 2120.244385 1249.959229 2242.481445 1298.757812 0.563310
kite 183 1540.129150 784.354248 1572.715454 801.489014 0.598485
backpack 244 1300.728760 929.292542 1333.254517 1025.265381 0.253760
backpack 219 1483.067505 979.702576 1522.440430 1055.809326 0.567758
airplane 249 1437.551392 787.370361 1533.583618 823.332397 0.300123
person 11 1042.708130 555.333740 1075.232178 629.230774 0.280330
person 187 923.681396 598.043579 950.483887 677.474304 0.660283
person 184 951.869446 584.377991 976.747620 669.052734 0.699774
person 216 1498.388916 946.708862 1541.248047 1067.885376 0.704501
person 188 1318.506226 900.566040 1361.260498 1068.869141 0.797234
airplane 247 1758.639526 808.695801 2394.531006 1298.434448 0.768499
frisbee 179 2006.602051 1177.063110 2076.949219 1217.133057 0.927192
kite 242 1491.917847 847.313354 1520.900757 867.162598 1.007231
airplane 245 1581.649658 846.017090 1650.610962 916.047424 0.705750
airplane 236 1578.458740 848.592529 1647.276978 887.991638 0.779996
bicycle 243 2002.183350 466.616211 2055.557617 504.585144 0.813170
