72418359375
chair 227 2157.564209 467.351532 2259.656982 525.829529 0.364086
frisbee 179 2006.712524 1176.745605 2076.997070 1216.920166 0.252422
airplane 248 1578.403809 821.661682 1647.356079 887.241455 0.307972
airplane 182 2154.364746 679.526428 2269.045166 710.185486 0.417425
airplane 1 2120.134766 1249.986206 2242.493408 1298.736938 0.542960
kite 183 1540.115723 784.401550 1572.714600 801.432922 0.626607
backpack 219 1482.207764 978.155884 1521.374146 1053.571777 0.722693
airplane 249 1437.649780 787.570374 1533.633911 823.309326 0.267541
person 216 1497.211060 946.658752 1540.746094 1067.580078 0.685322
person 187 923.879272 598.530762 951.004822 677.320496 0.702312
person 184 951.930054 582.481750 976.968445 668.760681 0.719724
person 188 1318.558105 900.207214 1361.146851 1068.996704 0.831837
person 11 1043.244263 555.426147 1075.861206 628.255737 0.982255
kite 242 1491.847656 847.304810 1520.830566 867.154053 1.000147
backpack 244 1300.292725 931.084534 1332.804688 1026.605713 0.832809
airplane 245 1579.161987 848.900757 1648.123291 918.931091 0.716173
airplane 236 1578.061523 849.082886 1646.879761 888.481995 0.722302
bicycle 243 2002.191284 466.473877 2055.565430 504.442810 0.828726
airplane 247 1704.838623 805.196594 2341.345703 1277.059082 0.389537
