7091341145
bus 40 1594.085693 584.508911 2015.052612 956.591675 0.706866
airplane 2 2153.426025 678.919800 2269.364502 710.534729 0.373468
airplane 1 2118.940186 1250.135376 2241.797852 1298.674927 0.586140
person 41 1645.365723 492.753082 1684.444092 572.519409 0.534638
person 4 2046.826660 467.307983 2073.270020 524.074829 0.689104
truck 42 905.061279 554.415955 1582.105225 946.344727 0.469592
person 7 881.758972 584.426941 906.851868 640.714600 0.765024
airplane 20 2198.270264 523.936462 2404.474365 620.649475 0.822095
bus 24 967.127380 579.329224 1602.409668 928.841431 0.514987
person 11 1044.619385 558.246033 1074.319946 609.064270 0.526533
traffic light 18 767.854309 567.299255 802.257629 598.585815 0.748028
frisbee 38 2006.234619 1176.981445 2076.078857 1217.046631 0.974019
person 34 1883.052246 465.677673 1902.281128 507.020752 0.562426
