73084309895
chair 227 2160.769775 467.122681 2263.795654 525.771790 0.260191
frisbee 179 2007.118286 1176.775024 2077.229004 1216.961426 0.324744
airplane 236 1577.804688 854.690369 1646.969116 886.425720 0.255185
airplane 182 2153.322754 678.979126 2269.064941 709.456421 0.288239
airplane 1 2121.129883 1249.598145 2242.743896 1298.659912 0.311171
airplane 245 1578.421143 847.103149 1647.109741 917.958313 0.318766
kite 242 1492.493896 847.247192 1520.821899 867.004517 0.308837
kite 183 1540.341919 784.697266 1572.699585 800.889954 0.530052
backpack 244 1299.998779 934.586670 1332.048706 1023.979187 0.321984
backpack 219 1479.779053 984.084106 1519.649902 1052.183838 0.650087
motorcycle 251 1043.244263 565.596741 1076.110107 631.226501 0.282683
person 11 1042.859619 554.947998 1076.852417 624.924744 0.570108
person 216 1490.988647 948.013184 1541.065430 1067.702393 0.590536
person 184 953.229614 582.840576 977.400391 667.935303 0.593490
person 187 925.936829 598.279480 955.511108 677.553955 0.639249
person 188 1318.947876 900.118713 1361.244141 1068.938721 0.823728
bicycle 243 2003.145752 466.102966 2056.520020 504.071899 0.739109
airplane 247 1548.517456 799.492249 2185.024414 1271.354736 0.440821
