73118359375
chair 227 2160.024414 467.195129 2263.053467 525.750610 0.304844
frisbee 179 2006.856445 1176.684082 2077.084229 1216.925415 0.304206
airplane 182 2153.452881 678.944824 2269.410156 709.838806 0.369043
airplane 245 1578.383667 847.401184 1647.199219 918.084961 0.390783
airplane 1 2121.029785 1249.449463 2242.722900 1298.684204 0.427840
bicycle 243 2002.112671 466.395752 2048.176758 501.765625 0.275945
kite 242 1492.541382 847.188721 1520.917236 866.977417 0.266466
kite 183 1540.362061 784.448486 1572.683838 801.094421 0.566144
backpack 244 1300.036743 934.823425 1332.595337 1024.106201 0.369064
backpack 219 1479.555176 984.564819 1519.425781 1053.379272 0.480776
motorcycle 251 1043.047241 564.636292 1075.720215 632.106445 0.272082
person 11 1042.703125 555.701660 1076.455566 627.420288 0.259900
person 216 1491.344727 948.033081 1540.869019 1067.741089 0.560940
person 187 925.907043 597.964172 955.640015 677.614807 0.562222
person 184 953.317688 582.477783 978.535461 667.985962 0.583689
person 188 1318.768311 899.545776 1361.016968 1069.121826 0.810296
bicycle 252 2035.150024 468.342285 2056.489258 505.209290 1.000000
handbag 253 1346.679688 979.217712 1377.130737 1023.267761 1.000000
airplane 247 1537.122681 799.331238 2173.629639 1271.193604 0.556245
airplane 236 1577.671875 854.496033 1646.836304 886.231384 0.874793
