73451302083
airplane 247 1605.602783 816.916504 2236.002441 1283.977783 0.269356
airplane 1 2121.160645 1249.362671 2243.017578 1298.726074 0.352530
airplane 182 2153.624756 678.557739 2269.378174 710.053040 0.505723
bicycle 243 2003.098511 466.951111 2040.529663 499.517670 0.266412
kite 242 1492.474487 847.235840 1520.956299 867.167786 0.407734
kite 183 1540.396484 784.520508 1572.723755 801.454346 0.632050
backpack 219 1479.203247 984.960266 1518.441162 1054.644775 0.538807
person 216 1492.096680 948.765503 1539.333008 1067.832520 0.589465
person 187 926.020325 597.722473 955.754883 677.429871 0.713863
person 188 1318.209839 899.973145 1360.805420 1069.596924 0.745120
person 184 953.618408 582.705933 979.797424 668.397888 0.754057
bicycle 254 1045.070068 576.312012 1072.897217 633.364197 1.000000
person 11 1041.076172 555.606079 1074.648193 628.968750 0.819671
handbag 253 1347.539307 979.097839 1378.632202 1023.173950 0.714205
frisbee 179 2006.484863 1176.637817 2076.904785 1216.944214 0.966699
airplane 245 1577.973755 847.884399 1646.985840 918.292480 0.971308
airplane 236 1577.200684 853.396973 1646.365112 885.132324 0.853383
motorcycle 251 1042.823608 564.102722 1075.536011 634.090759 0.952999
backpack 244 1300.284546 935.544434 1333.477783 1024.033813 0.899171
chair 227 2158.780762 467.385468 2261.816406 525.784912 0.853940
