73684309895
airplane 247 1567.830200 836.869202 2194.065674 1298.619019 0.259179
airplane 1 2120.246582 1249.381104 2242.462891 1298.699951 0.372770
airplane 182 2154.095459 677.878235 2269.142822 709.488770 0.509481
bicycle 243 2003.756104 466.991302 2040.220825 499.724915 0.271793
kite 242 1492.465454 847.202271 1521.005005 867.265564 0.436543
kite 183 1540.356201 785.051819 1572.778076 801.328186 0.640103
backpack 219 1479.849243 984.721008 1519.197510 1055.632690 0.588387
bicycle 254 1045.348877 576.512390 1073.025879 633.610168 0.253068
person 216 1491.954712 949.615906 1539.001465 1068.010132 0.614663
person 187 926.151917 598.498108 955.532654 677.246094 0.720732
person 184 954.492676 582.857056 979.265747 668.158936 0.747850
person 188 1317.663696 902.255554 1361.883423 1069.976318 0.778522
handbag 253 1347.434692 979.279541 1378.527588 1023.355713 0.751595
frisbee 179 2006.376465 1176.904297 2076.796387 1217.210693 0.982512
person 11 1039.471191 556.381958 1073.001831 629.806396 0.619599
airplane 245 1576.699219 848.363403 1645.711304 918.771484 0.908097
airplane 236 1577.543945 853.083618 1646.708374 884.818970 0.823366
motorcycle 251 1042.479980 564.305542 1075.192383 634.293579 0.932134
backpack 244 1301.358154 934.499146 1334.551392 1022.988464 0.824602
chair 227 2158.980469 467.134918 2262.016113 525.534424 0.886821
