7191341145
bus 40 1593.554077 587.109924 2045.866211 962.009705 0.812912
airplane 1 2119.901611 1249.690552 2242.938721 1298.692139 0.315203
person 4 2043.537842 467.570312 2070.646484 523.965759 0.600172
truck 42 917.088318 555.275208 1582.981934 949.230042 0.321133
bus 24 885.909119 574.863953 1589.817383 940.044861 0.348175
person 11 1045.052246 558.626282 1073.748169 609.242737 0.427105
person 7 883.035156 586.242859 908.828186 648.148071 0.613610
traffic light 18 767.609009 567.277039 802.012329 598.563599 0.718987
person 41 1650.984375 491.380219 1688.454468 562.935486 0.537473
frisbee 38 2006.200806 1176.933838 2076.045166 1216.999023 0.946555
person 34 1879.613159 464.696533 1898.842041 506.039612 0.443360
