73850325520
frisbee 179 2006.773804 1176.876221 2077.387695 1217.248413 0.356268
airplane 245 1577.743896 847.994446 1646.621460 918.042664 0.258762
airplane 236 1577.800781 855.825256 1647.388794 885.934082 0.266591
airplane 182 2153.568848 678.880493 2269.444336 709.772949 0.469131
airplane 1 2120.382568 1249.169434 2242.714600 1298.681274 0.540834
kite 242 1492.254639 847.129578 1520.979614 867.244690 0.326464
kite 183 1540.318848 784.545959 1573.074219 801.358582 0.608550
handbag 253 1346.298706 978.501587 1377.027588 1022.984802 0.392223
backpack 219 1480.534912 983.771423 1519.181885 1052.870605 0.576477
person 11 1041.431030 556.070374 1075.590698 627.606689 0.489982
person 216 1494.922729 949.128479 1539.586792 1068.236206 0.598733
person 187 927.634827 597.376953 955.342041 676.864563 0.653932
person 184 955.379883 582.400269 979.256531 667.515747 0.700517
person 188 1318.362183 900.653809 1363.190063 1069.590454 0.795041
motorcycle 251 1041.118408 564.649048 1073.830811 634.637085 0.766694
bicycle 243 2004.091919 466.954193 2040.435425 499.659851 0.716760
bicycle 254 1045.319580 576.499451 1072.996582 633.597229 0.907890
backpack 244 1301.428711 934.752319 1334.621948 1023.241638 0.853956
chair 227 2159.427734 466.576111 2262.463379 524.975586 0.838638
airplane 247 1570.545288 833.074341 2195.553711 1294.607910 0.474554
