74150325520
airplane 245 1578.137451 847.701843 1646.801147 918.073853 0.289655
airplane 182 2153.600342 679.571045 2269.163574 709.770325 0.401863
airplane 1 2119.908447 1249.130981 2242.691406 1298.740967 0.570551
bicycle 243 2001.667114 467.101959 2052.283447 501.883698 0.277827
kite 183 1540.338867 784.116150 1572.831665 801.313110 0.623686
backpack 219 1482.420288 981.163818 1517.728882 1049.808228 0.603430
bicycle 254 1046.765259 577.087891 1074.154785 637.019165 0.266757
person 187 928.684631 598.578796 955.350159 677.092102 0.605606
person 216 1497.337769 949.764771 1539.094727 1067.889282 0.671189
person 11 1038.895386 557.082092 1076.041870 625.608215 0.687628
person 184 955.365723 581.614563 979.655029 667.874451 0.737370
person 188 1318.246948 901.817505 1363.732544 1069.734497 0.800158
motorcycle 251 1040.752686 569.200806 1071.245361 632.428284 0.597141
frisbee 179 2006.621216 1177.024658 2077.288330 1217.439697 0.977178
backpack 244 1301.424805 934.693176 1334.618042 1023.182495 0.847951
kite 242 1492.101196 847.095764 1520.890869 867.224731 1.044242
airplane 236 1577.360596 856.199585 1647.049072 885.858521 0.934621
chair 227 2161.181885 465.801392 2264.217529 524.200867 0.581081
handbag 253 1346.284668 979.133484 1376.550415 1022.056641 0.838022
airplane 247 1633.079468 806.043640 2258.087891 1267.577271 0.427716
