74250325520
airplane 245 1578.115967 847.648254 1646.692261 918.207275 0.290420
airplane 182 2153.601318 679.689636 2268.906006 709.704163 0.377123
airplane 1 2120.169434 1249.152466 2242.725830 1298.737549 0.605473
bicycle 243 2000.042725 467.254120 2054.561523 501.723755 0.256962
kite 183 1540.380493 783.993347 1572.706177 801.303772 0.620345
backpack 219 1483.101440 980.417725 1517.387085 1049.361084 0.560056
motorcycle 251 1037.220459 572.220520 1073.542725 635.694153 0.250889
person 11 1035.737793 557.262756 1075.831299 625.060059 0.589286
person 187 929.208496 599.082092 955.235107 677.008179 0.603502
person 216 1498.176514 950.206543 1538.857178 1068.283203 0.657352
person 184 955.303955 581.303406 979.870300 668.113586 0.735904
person 188 1318.336548 901.742065 1363.754150 1069.752808 0.800467
frisbee 179 2006.470947 1177.171143 2077.138184 1217.586182 0.963219
backpack 244 1301.315796 934.692505 1334.509033 1023.181824 0.851014
kite 242 1492.067383 847.100708 1520.857056 867.229675 1.072245
airplane 236 1576.921875 856.003357 1646.610352 885.662292 0.920395
chair 227 2161.151855 465.615448 2264.187500 524.014893 0.545048
handbag 253 1346.223145 979.091431 1376.488892 1022.014587 0.845379
airplane 247 1687.705933 799.269897 2312.714355 1260.803467 0.518911
bicycle 254 1044.897949 576.632324 1073.953003 637.670471 0.751520
