74316341145
airplane 245 1578.123291 847.617676 1646.685059 918.227295 0.293660
airplane 182 2153.637451 679.857117 2268.853271 709.701294 0.370086
airplane 1 2120.272949 1249.170288 2242.752197 1298.726807 0.561662
bicycle 243 2000.007080 467.168304 2055.849609 501.650940 0.259234
kite 183 1540.388184 783.973755 1572.682861 801.296448 0.615227
backpack 219 1483.312378 980.939697 1521.099121 1050.177612 0.618578
person 11 1033.878052 557.424500 1075.859741 625.178345 0.468331
person 187 929.411011 599.118042 955.210022 676.932861 0.622489
person 216 1497.985840 950.404663 1539.086304 1068.569214 0.662113
person 184 955.172180 581.200684 979.985718 668.362244 0.745092
person 188 1318.304443 901.677612 1363.736450 1069.779175 0.795426
motorcycle 251 1035.826050 572.128174 1073.830811 635.817139 0.564641
frisbee 179 2006.470581 1177.178467 2077.137695 1217.593506 0.962529
backpack 244 1301.238159 934.567749 1334.431396 1023.057068 0.851966
kite 242 1492.030762 847.099670 1520.820435 867.228638 1.067578
airplane 236 1576.824341 856.019897 1646.512817 885.678833 0.952534
chair 227 2161.159912 465.505859 2264.195557 523.905334 0.544416
handbag 253 1346.227051 979.077148 1376.492798 1022.000305 0.830171
airplane 247 1673.176025 805.955017 2298.184570 1267.488647 0.502021
bicycle 254 1044.438965 576.734924 1073.494019 637.773071 0.744852
