74383333333
airplane 245 1578.129639 847.597534 1646.685303 918.236328 0.291821
airplane 182 2153.697754 679.966492 2268.860596 709.708801 0.360785
airplane 1 2120.260498 1249.169678 2242.727539 1298.733154 0.594605
kite 183 1540.362061 783.949036 1572.649170 801.291016 0.612262
backpack 219 1483.243164 980.168945 1521.371826 1049.649170 0.662672
person 11 1039.086060 557.740051 1074.845703 625.198547 0.328648
person 187 929.385925 599.077087 955.135071 676.951538 0.597570
person 216 1497.702393 950.452820 1539.237183 1068.517334 0.617711
person 184 955.109436 581.163818 979.816284 668.150391 0.734366
person 188 1318.318604 901.632751 1363.796387 1069.782715 0.792599
frisbee 179 2006.473633 1177.180908 2077.140869 1217.595947 0.963017
motorcycle 251 1041.449219 575.302063 1073.556885 635.242432 0.554271
backpack 244 1301.249268 934.516968 1334.442505 1023.006287 0.849090
kite 242 1492.040527 847.105469 1520.830200 867.234436 1.067578
bicycle 243 1999.256104 467.363373 2055.098633 501.846008 0.694130
airplane 236 1576.767822 856.040894 1646.456299 885.699829 0.936703
chair 227 2161.239258 465.586548 2264.274902 523.986023 0.517814
handbag 253 1346.298340 979.091431 1376.564087 1022.014587 0.806292
airplane 247 1690.644897 814.715027 2315.653320 1276.248657 0.538550
bicycle 254 1043.721802 576.831787 1072.776855 637.869934 0.660641
