74416341145
frisbee 179 2006.587646 1176.787476 2077.187256 1217.207031 0.277626
airplane 245 1578.131714 847.594177 1646.685791 918.250610 0.292102
airplane 182 2153.739502 679.904419 2268.880371 709.593628 0.376889
airplane 1 2120.234619 1249.166260 2242.703369 1298.733276 0.599549
kite 183 1540.354370 783.929626 1572.645020 801.286560 0.594966
backpack 219 1483.315796 979.836975 1520.996338 1049.173828 0.639735
motorcycle 251 1044.678711 578.061096 1073.821045 635.465088 0.256959
person 11 1039.441162 557.784851 1074.662109 624.518188 0.340154
person 187 929.430664 599.023071 955.129700 676.954041 0.601724
person 216 1497.520142 950.422180 1539.285400 1068.275391 0.629709
person 184 955.113770 581.138062 979.813782 668.105042 0.738505
person 188 1318.319336 901.595581 1363.874756 1069.781494 0.791120
backpack 244 1301.249023 934.524780 1334.442261 1023.014099 0.846814
kite 242 1492.068237 847.111450 1520.857910 867.240417 1.062474
bicycle 243 1998.868286 467.453125 2054.710693 501.935760 0.688185
airplane 236 1576.777466 856.049072 1646.465942 885.708008 0.938825
chair 227 2161.199219 465.552856 2264.234863 523.952332 0.534460
handbag 253 1346.396240 979.084595 1376.661987 1022.007751 0.842998
airplane 247 1727.780518 807.944214 2352.789062 1269.477783 0.449424
bicycle 254 1043.239624 576.913208 1072.294678 637.951355 0.634812
