74450325520
airplane 236 1577.530273 851.667664 1646.826294 886.280884 0.283150
airplane 1 2120.397461 1249.470581 2242.536865 1298.745728 0.439838
airplane 182 2153.608154 679.660645 2268.769775 709.660767 0.543396
bicycle 243 2000.347412 467.372681 2057.069336 502.447998 0.253596
kite 242 1492.438477 847.304077 1521.014648 867.229736 0.443519
kite 183 1540.189819 784.297729 1572.878418 801.463074 0.660779
backpack 244 1300.492676 938.415344 1332.649902 1024.074341 0.303100
backpack 219 1483.491821 979.936646 1520.142822 1048.771606 0.613723
person 11 1039.737061 557.496155 1074.246826 627.175110 0.391786
person 187 928.393677 599.127808 955.176086 677.035400 0.644409
person 216 1498.264404 950.422974 1539.658081 1067.990356 0.697155
person 184 954.667175 581.118713 979.521423 668.111755 0.748357
person 188 1317.760620 901.180176 1362.907837 1069.664307 0.783216
person 256 1021.916687 579.537354 1046.921021 630.704956 1.000000
frisbee 179 2006.479370 1176.849731 2077.078857 1217.269287 0.936010
chair 227 2161.212646 465.813904 2264.248291 524.213379 0.560999
handbag 253 1346.355469 979.072388 1376.621216 1021.995544 0.880011
airplane 247 1703.393555 817.237183 2328.401855 1278.770752 0.482745
airplane 245 1578.114014 847.580261 1646.668091 918.236694 0.994816
bicycle 254 1043.247925 576.928162 1072.302979 637.966309 0.685666
motorcycle 251 1044.435669 577.010437 1073.578003 634.414429 0.524568
