74483333333
airplane 236 1577.677979 850.050171 1646.795898 886.922241 0.282661
airplane 1 2120.464844 1249.655884 2242.406006 1298.750732 0.440394
airplane 182 2153.602295 679.468140 2268.783691 709.723755 0.547952
bicycle 243 2000.827148 467.157562 2056.873535 501.528595 0.251599
kite 242 1492.578003 847.385925 1521.055786 867.216614 0.437195
kite 183 1540.067383 784.480469 1572.975098 801.522095 0.661062
backpack 244 1300.261353 940.006042 1331.937134 1024.331177 0.296576
backpack 219 1483.644531 979.885315 1519.582642 1048.486450 0.589983
person 11 1039.885132 557.248596 1073.993652 628.872314 0.344237
person 187 927.804626 599.184387 955.252625 677.118774 0.653723
person 216 1498.745728 950.386353 1539.836548 1067.798706 0.694421
person 184 954.338074 581.070801 979.323608 668.101562 0.748325
person 188 1317.455444 900.909180 1362.357788 1069.574463 0.782965
person 256 1021.105408 579.427612 1047.145142 630.938477 0.932481
person 257 826.327820 570.353210 846.096252 617.979248 1.000000
frisbee 179 2006.356201 1176.923706 2076.955811 1217.343262 0.940150
chair 227 2161.152832 465.921295 2264.188477 524.320801 0.606695
handbag 253 1346.371582 979.117432 1376.637329 1022.040588 0.900071
airplane 247 1747.898682 814.721252 2372.907227 1276.254883 0.479736
airplane 245 1578.086548 847.557617 1646.640625 918.214050 0.996178
bicycle 254 1043.205566 576.907654 1072.260620 637.945801 0.648138
motorcycle 251 1043.850098 576.269470 1072.992432 633.673462 0.512745
