74550325520
airplane 236 1577.929199 848.723145 1646.887085 887.689697 0.286291
airplane 1 2120.908447 1249.711914 2242.795898 1298.715454 0.432041
airplane 182 2153.778809 679.284851 2269.175293 709.766357 0.559140
kite 242 1492.640869 847.446777 1521.024658 867.191284 0.448892
kite 183 1539.951782 784.625732 1573.101440 801.557983 0.662785
backpack 244 1300.240479 941.229431 1331.534180 1024.284668 0.301167
backpack 219 1483.920410 980.095825 1518.253052 1048.125977 0.580601
person 11 1039.852417 556.836487 1073.622803 630.228516 0.357524
person 256 1020.483276 579.455872 1046.951416 630.729614 0.413265
person 257 824.096375 554.239075 846.385376 617.448120 0.548452
person 187 927.233704 599.268799 955.392578 677.240356 0.650690
person 216 1499.265015 950.394470 1540.033203 1067.698364 0.673896
person 184 954.086121 581.094971 979.211975 668.141846 0.745790
person 188 1317.334229 900.658875 1361.926880 1069.497437 0.780428
airplane 258 2191.198975 523.032471 2408.650146 616.693359 0.999760
bicycle 243 2000.290894 467.124878 2056.337402 501.495911 0.746443
frisbee 179 2006.191284 1177.007080 2076.790771 1217.426636 0.952654
chair 227 2160.923340 466.059326 2263.958984 524.458801 0.644242
handbag 253 1346.362793 979.097290 1376.628540 1022.020447 0.853572
airplane 247 1702.037109 814.511047 2327.045410 1276.044678 0.474569
airplane 245 1577.990723 847.557068 1646.544800 918.213501 0.995160
bicycle 254 1043.071533 576.839355 1072.126587 637.877502 0.658118
motorcycle 251 1042.610596 574.135681 1071.752930 631.539673 0.516468
