74616341145
airplane 258 2191.895752 523.064697 2408.719727 616.765686 0.252026
airplane 236 1578.220703 848.153320 1647.247070 887.914001 0.289612
airplane 1 2120.820068 1249.775513 2242.597900 1298.693970 0.434224
airplane 182 2153.772949 679.316956 2269.241211 709.786499 0.543133
bicycle 243 2000.692017 467.140289 2056.272461 501.067596 0.255983
kite 242 1492.673462 847.444153 1521.023438 867.155945 0.447283
kite 183 1539.930176 784.692749 1573.190186 801.579712 0.654816
backpack 244 1300.201416 941.902283 1331.294556 1024.452148 0.293295
backpack 219 1484.161743 979.633179 1518.371338 1047.972534 0.584526
person 257 827.952515 567.110352 847.483948 619.517883 0.345736
person 11 1040.000366 556.970276 1072.971802 630.866943 0.359496
person 216 1499.516602 950.356567 1540.068115 1068.009155 0.656222
person 187 927.105652 599.423401 955.404297 677.351379 0.663413
person 184 953.970093 581.071106 979.234436 668.135010 0.740827
person 188 1317.309204 900.570129 1361.686523 1069.480469 0.781406
frisbee 179 2006.107544 1177.037354 2076.707031 1217.456909 0.949152
chair 227 2161.113037 466.083191 2264.148682 524.482666 0.675030
handbag 253 1346.412720 979.052612 1376.678467 1021.975769 0.866930
airplane 247 1722.904419 802.836853 2347.912598 1264.370483 0.520023
airplane 245 1577.882080 847.560425 1646.436157 918.216858 0.959281
bicycle 254 1042.924683 576.901184 1071.979736 637.939331 0.645683
motorcycle 251 1042.179199 574.177551 1071.321533 631.581543 0.527040
