74649348958
airplane 258 2191.556641 523.112915 2408.615723 616.801941 0.251025
airplane 236 1578.324219 847.943665 1647.365356 887.888611 0.289990
airplane 1 2120.944092 1249.763062 2242.743652 1298.695068 0.435319
airplane 182 2153.769775 679.380127 2269.332031 709.795471 0.532502
kite 242 1492.679321 847.445801 1521.020142 867.151489 0.452147
kite 183 1539.919067 784.704590 1573.208008 801.583557 0.658213
backpack 244 1300.169800 942.152344 1331.210205 1024.567017 0.295859
backpack 219 1484.243774 979.474670 1517.773071 1047.725098 0.579243
person 11 1040.061646 557.214294 1072.651123 630.504639 0.344618
person 216 1499.341797 950.193787 1540.223022 1067.855957 0.628796
person 187 927.095825 599.494568 955.408691 677.389526 0.663174
person 184 954.036804 580.955078 979.335083 668.252197 0.745874
person 188 1317.274780 900.544373 1361.620117 1069.470215 0.779689
frisbee 179 2006.068970 1177.064453 2076.668457 1217.484009 0.950744
bicycle 243 2000.464233 467.175018 2056.044678 501.102325 0.769174
chair 227 2161.185547 466.069733 2264.221191 524.469238 0.673550
person 257 828.967468 567.641174 848.498901 620.048706 0.676420
handbag 253 1346.412964 979.011169 1376.678711 1021.934326 0.867230
airplane 247 1697.451538 811.785461 2322.459961 1273.319092 0.438135
airplane 245 1577.850952 847.572876 1646.405029 918.229309 0.967720
bicycle 254 1042.911499 576.895447 1071.966553 637.933594 0.642526
motorcycle 251 1042.138062 574.443298 1071.280396 631.847290 0.520690
