74749348958
airplane 236 1578.371582 847.705811 1647.438965 887.868286 0.283367
airplane 1 2120.603271 1249.841553 2242.392822 1298.694824 0.446233
airplane 182 2153.834473 679.427002 2269.487061 709.795532 0.522475
kite 242 1492.684326 847.463623 1520.879883 867.151611 0.450316
kite 183 1539.833496 784.717712 1573.208740 801.592163 0.645734
backpack 244 1300.122192 943.395264 1331.059448 1024.647583 0.302476
backpack 219 1484.500977 978.442810 1518.981323 1047.109375 0.588745
person 11 1039.722900 557.611755 1072.605591 630.483948 0.351227
person 187 926.917908 599.595093 955.273743 677.242432 0.656512
person 216 1499.348511 949.890747 1540.144165 1067.369263 0.690592
person 184 953.901550 581.028503 979.167175 668.182495 0.738221
person 188 1317.442749 900.506348 1361.564209 1069.514648 0.783624
frisbee 179 2006.207275 1176.790161 2076.698730 1217.167236 0.962541
bicycle 243 1999.470947 467.411896 2055.051270 501.339203 0.755737
chair 227 2160.989258 466.030701 2264.024902 524.430176 0.625969
person 257 830.392639 567.350525 849.924072 619.758057 0.663575
handbag 253 1346.438721 979.006287 1376.704468 1021.929443 0.831543
airplane 247 1694.583496 809.393860 2319.591797 1270.927490 0.480100
airplane 245 1577.703369 847.642029 1646.257446 918.298462 0.964429
bicycle 254 1042.430298 576.872070 1071.485352 637.910217 0.659995
motorcycle 251 1041.748169 574.999756 1070.890503 632.403748 0.513048
