74782356770
chair 227 2162.118652 466.607086 2263.483398 524.779846 0.381041
frisbee 179 2006.436523 1176.602661 2077.105713 1217.180664 0.444106
airplane 236 1578.343262 847.792053 1647.468140 887.853088 0.388896
airplane 1 2119.756104 1249.445679 2242.104004 1298.619019 0.553825
bicycle 243 2003.371948 467.432800 2055.332520 502.991882 0.541871
kite 183 1540.068115 784.505798 1572.963379 801.348145 0.478928
backpack 219 1484.472900 978.722168 1517.206665 1047.124512 0.499951
person 216 1499.028564 949.782593 1540.297241 1067.036621 0.586152
person 184 954.334656 580.983459 979.501099 668.492432 0.590976
person 187 927.325012 599.567261 955.377563 677.341675 0.631907
person 188 1317.791748 901.169556 1361.755249 1069.599609 0.743968
person 257 830.699829 567.557434 850.231262 619.964966 0.688895
handbag 253 1346.492310 978.869568 1376.758057 1021.792725 0.872436
backpack 244 1300.208984 943.023071 1331.146240 1024.275391 0.613206
airplane 182 2153.839355 679.548767 2269.491943 709.917297 0.988598
airplane 247 1737.780151 807.296875 2362.788574 1268.830444 0.460502
person 11 1039.622192 557.420044 1072.504883 630.292236 0.568988
airplane 245 1577.533447 847.714294 1646.087524 918.370728 0.892869
bicycle 254 1042.026978 576.598328 1071.082031 637.636475 0.594170
motorcycle 251 1042.284180 576.046814 1071.426514 633.450806 0.466867
kite 242 1492.589111 847.488831 1520.784668 867.176819 1.014299
