74982356770
chair 227 2163.414551 467.132965 2262.717773 525.063477 0.410641
frisbee 179 2006.600098 1176.471802 2077.498047 1217.289551 0.429964
airplane 236 1578.247437 847.713623 1647.454834 887.647766 0.389853
airplane 1 2118.250977 1249.018311 2241.764160 1298.656860 0.530947
bicycle 243 2006.848145 466.893890 2054.847656 504.150665 0.556716
kite 183 1540.272949 784.813049 1572.812012 801.449158 0.475280
handbag 253 1345.811890 979.225647 1376.658569 1022.754028 0.287706
backpack 219 1485.007324 979.190491 1511.265869 1045.675659 0.520589
person 184 954.547974 580.726196 979.758850 668.931030 0.569164
person 187 927.797852 599.558655 955.437256 677.446655 0.603963
person 216 1498.666138 949.504700 1540.216187 1066.500000 0.632254
person 188 1318.400024 901.574219 1363.649170 1069.655640 0.752960
person 257 831.090027 568.904114 848.444763 615.615234 0.693849
backpack 244 1300.473022 941.907349 1331.410278 1023.159729 0.729408
airplane 182 2139.653809 676.437256 2255.306396 706.805786 0.608507
airplane 247 1715.366821 822.724060 2340.375244 1284.257690 0.473058
person 11 1039.620117 557.430664 1072.502808 630.302856 0.492907
airplane 245 1576.044067 848.950439 1644.598145 919.606873 0.798537
bicycle 254 1041.281372 576.587097 1070.336426 637.625244 0.687101
motorcycle 251 1041.255127 573.959045 1070.397461 631.363037 0.528255
kite 242 1492.303345 847.570374 1520.498901 867.258362 1.055027
