75215364583
chair 227 2163.718994 467.152069 2263.666992 525.682068 0.436852
frisbee 179 2006.920044 1176.776733 2077.103760 1217.028320 0.536587
airplane 1 2118.829346 1249.656006 2242.454590 1298.693970 0.365547
airplane 182 2151.101562 677.944031 2266.713379 708.864258 0.551929
kite 183 1540.326660 784.278625 1572.836304 801.240601 0.430529
backpack 244 1300.156250 940.342102 1330.723999 1024.666626 0.320504
backpack 219 1484.517212 978.382629 1526.309082 1046.517212 0.539998
person 257 830.736816 568.394714 848.428589 612.556213 0.502187
person 187 926.954895 598.246094 954.891785 677.302917 0.520557
person 216 1497.329102 948.570129 1539.237915 1066.441528 0.564009
person 184 955.009338 580.492554 979.229431 668.434204 0.655542
person 188 1318.629761 900.547180 1367.358521 1070.047729 0.815941
airplane 247 1598.785522 839.315857 2223.793945 1300.849487 0.490539
person 11 1039.622192 557.706665 1072.504883 630.578857 0.640957
bicycle 243 2003.401245 466.786591 2054.086426 503.794617 0.756380
handbag 253 1346.292725 979.184265 1377.229248 1022.911255 0.814039
airplane 245 1576.165894 851.041809 1644.719971 921.698242 0.637713
airplane 236 1578.724243 848.091370 1647.937744 887.986572 0.824994
bicycle 254 1042.829834 576.281189 1071.884888 637.319336 0.732974
motorcycle 251 1041.646851 571.500427 1070.789185 628.904419 0.542241
kite 242 1492.437744 847.485291 1520.633301 867.173279 1.053465
