75282356770
chair 227 2163.802246 467.129761 2263.568604 525.729431 0.427219
frisbee 179 2006.959351 1176.810547 2077.070312 1216.985718 0.515892
airplane 1 2118.823975 1249.703491 2242.440674 1298.674927 0.367364
airplane 182 2153.489258 678.912415 2269.189209 709.778687 0.541224
kite 183 1540.318726 784.240601 1572.822998 801.239563 0.429609
backpack 244 1300.132568 940.323059 1331.100586 1024.858521 0.346401
backpack 219 1484.030762 978.116943 1527.500854 1046.583740 0.530907
person 257 830.922729 568.141785 848.643799 612.522522 0.476458
person 187 926.834045 598.136169 954.844910 677.311768 0.518475
person 216 1496.881470 948.249756 1539.223633 1066.218262 0.554328
person 184 954.896851 580.552917 979.100281 668.464050 0.633292
person 188 1318.815186 900.071411 1367.340820 1069.964478 0.814570
airplane 247 1628.859863 831.757019 2253.868164 1293.290649 0.447168
person 11 1039.709595 557.791870 1072.592285 630.664062 0.599601
bicycle 243 2002.779663 466.883331 2053.464844 503.891357 0.764561
handbag 253 1346.676392 979.138123 1377.612915 1022.865112 0.846788
airplane 245 1576.155518 850.997681 1644.709595 921.654114 0.630781
airplane 236 1578.944336 848.162415 1648.157837 888.057617 0.799737
bicycle 254 1043.153809 576.355225 1072.208862 637.393372 0.755442
motorcycle 251 1041.879883 571.529297 1071.022217 628.933289 0.541742
kite 242 1492.433838 847.467529 1520.629395 867.155518 1.057868
