7358333333
bus 40 1586.481079 590.589111 2086.933350 970.032104 0.783470
airplane 1 2120.945312 1249.077637 2244.110596 1298.759399 0.314166
person 4 2038.430908 467.196106 2064.616943 518.068115 0.558240
traffic light 18 770.327637 568.269897 796.620728 595.230164 0.294961
truck 42 920.258972 558.695435 1583.182617 950.573364 0.530795
bus 24 871.011597 574.821411 1588.684204 951.608032 0.327900
person 11 1045.782104 558.883850 1073.345337 609.135986 0.322078
person 7 882.856628 588.280518 910.356445 655.236511 0.599053
chair 43 2157.152588 467.225311 2259.253174 525.618591 0.999886
person 41 1668.909668 487.870422 1694.520386 560.032898 0.732863
frisbee 38 2006.537720 1176.832153 2076.642090 1216.928101 0.940871
person 34 1874.686157 464.146698 1893.915039 505.489777 0.306167
