75448307291
frisbee 179 2006.905273 1176.794189 2077.210205 1217.019653 0.502797
airplane 247 1757.453125 803.877380 2387.642822 1279.211548 0.297914
airplane 1 2119.374756 1249.757080 2242.528076 1298.661621 0.347946
airplane 182 2153.823242 679.793579 2269.471191 710.138428 0.464942
bicycle 243 2002.072876 467.090515 2054.665039 504.483429 0.377575
kite 183 1540.415771 784.314148 1572.816162 801.360596 0.571666
handbag 253 1347.108154 978.694153 1377.899170 1022.799438 0.378936
backpack 244 1299.952881 939.854309 1331.822021 1024.748535 0.300696
backpack 219 1484.057739 978.400818 1522.132935 1047.146362 0.735100
person 11 1042.362915 556.988098 1074.844849 630.961914 0.311142
person 187 927.382263 598.703674 954.946838 677.595337 0.532818
person 184 954.516663 580.194214 978.971130 668.551758 0.546552
person 216 1495.853027 948.036316 1538.981934 1066.712524 0.558258
person 188 1319.495361 900.803467 1365.799683 1069.979492 0.824171
chair 227 2163.848389 467.017029 2263.593018 525.664673 0.784631
airplane 245 1576.275024 851.024780 1644.829102 921.681213 0.648425
person 257 830.021423 567.685303 850.474304 612.106140 0.805068
airplane 236 1579.062866 848.115234 1648.276367 888.010437 0.787791
bicycle 254 1043.718750 576.648193 1072.773804 637.686340 0.763523
motorcycle 251 1042.745239 571.489746 1071.887573 628.893738 0.580011
kite 242 1492.341064 847.422424 1520.536621 867.110413 0.942274
