75482356770
frisbee 179 2006.866455 1176.770752 2077.307373 1217.044922 0.512569
airplane 247 1770.591553 803.395874 2403.136230 1285.523926 0.292778
airplane 1 2119.669434 1249.769409 2242.405273 1298.665527 0.356334
airplane 182 2153.814209 680.144287 2269.431152 710.076416 0.479771
bicycle 243 2001.939453 467.141754 2055.418701 504.708344 0.376549
kite 183 1540.461914 784.371277 1572.777344 801.419617 0.573461
handbag 253 1347.027954 978.528503 1377.750610 1022.787476 0.375706
backpack 244 1299.875122 939.430908 1332.026245 1024.623413 0.298969
backpack 219 1484.100830 978.236389 1522.950317 1047.311768 0.727845
person 11 1042.677490 556.570129 1075.055786 631.476135 0.279851
person 187 927.633545 599.111633 955.010986 677.757935 0.533437
person 184 954.207581 580.007507 978.845947 668.667114 0.545094
person 216 1495.055298 948.149048 1538.863647 1066.736694 0.602715
person 188 1319.546265 901.392151 1364.308350 1070.006348 0.824163
chair 227 2164.023682 466.926788 2263.768311 525.574402 0.831840
airplane 245 1576.378296 850.806824 1644.932373 921.463257 0.652803
person 257 830.177612 567.813293 850.630493 612.234131 0.799894
airplane 236 1579.004028 848.087891 1648.217529 887.983093 0.785241
bicycle 254 1043.873901 576.650757 1072.928955 637.688904 0.783114
motorcycle 251 1043.023071 571.412598 1072.165405 628.816589 0.595758
kite 242 1492.255371 847.405640 1520.450928 867.093628 0.968778
