75815364583
chair 227 2159.492188 467.289337 2266.011719 526.021179 0.332840
frisbee 179 2006.707886 1176.544800 2077.183838 1216.914673 0.250463
airplane 1 2119.536865 1249.571655 2241.975098 1298.690552 0.250593
airplane 236 1577.914429 854.030457 1647.239746 886.793823 0.276287
airplane 245 1577.731689 848.560974 1646.353882 919.125549 0.282649
airplane 182 2153.255615 679.526428 2269.260742 709.646973 0.334615
kite 183 1540.339355 784.081787 1572.981445 801.226135 0.504710
backpack 219 1483.812012 979.270508 1518.925903 1048.254639 0.656465
bicycle 254 1045.255005 577.736694 1074.153320 635.619507 0.312217
person 257 831.085388 552.943054 851.203674 607.990234 0.518898
person 11 1044.015869 555.826660 1076.023438 627.891602 0.591848
person 187 928.267273 598.472717 955.081116 677.298096 0.612833
person 216 1496.903931 947.424500 1539.923584 1067.778320 0.613207
person 184 954.073914 580.395020 979.774902 668.450806 0.725647
person 188 1320.422363 901.248047 1365.412476 1069.655884 0.810542
motorcycle 251 1045.160767 571.235107 1074.303101 628.639099 0.711551
airplane 247 1809.781982 804.022522 2445.707031 1296.186279 0.477919
backpack 244 1300.122681 940.120789 1333.087280 1025.043701 0.834475
handbag 253 1347.681885 978.979492 1378.139771 1020.736694 0.825178
kite 242 1492.193604 847.441895 1520.389160 867.129883 0.997832
bicycle 243 2001.626953 466.882446 2056.365967 504.713867 0.872081
