75981315104
chair 227 2160.967041 467.338898 2267.399414 526.068176 0.334620
frisbee 179 2006.671021 1176.463501 2077.050537 1216.841553 0.256607
airplane 1 2119.070801 1249.387939 2241.762695 1298.755493 0.266110
airplane 236 1577.694580 856.111145 1647.067017 885.816772 0.275830
airplane 245 1578.267700 847.672180 1646.912964 918.184937 0.280826
airplane 182 2153.147705 679.009460 2269.615479 709.443542 0.345210
kite 183 1540.218018 783.995667 1573.120117 801.195801 0.498097
backpack 219 1483.577393 979.815918 1519.358032 1048.242920 0.716741
bicycle 254 1044.109131 578.464966 1073.919800 634.934204 0.353905
person 257 831.064331 548.103699 850.974121 606.834412 0.449436
person 11 1043.464844 555.795288 1076.182373 623.634399 0.576619
person 216 1497.475830 947.044128 1540.320435 1068.038818 0.590594
person 187 928.445496 598.064697 955.060303 677.174133 0.607506
person 184 954.147705 580.631775 980.306946 668.291321 0.722221
person 188 1321.204590 901.326233 1367.336548 1069.538818 0.815634
motorcycle 251 1045.714600 571.033264 1074.856934 628.437256 0.727912
airplane 247 1702.186890 804.242615 2338.111816 1296.406494 0.497719
backpack 244 1301.378540 941.964417 1334.343140 1026.887329 0.715265
handbag 253 1348.889404 978.930176 1379.347290 1020.687378 0.843261
kite 242 1492.297852 847.449951 1520.493408 867.137939 0.989992
bicycle 243 2001.348022 466.803864 2056.086914 504.635254 0.870676
