76014322916
chair 227 2161.004639 467.319794 2267.217285 526.049744 0.333340
frisbee 179 2006.670898 1176.457153 2077.044434 1216.833618 0.256300
airplane 1 2119.159424 1249.336670 2241.897461 1298.742065 0.265489
airplane 236 1577.677856 856.292603 1647.051025 885.849915 0.277198
airplane 245 1578.270996 847.666687 1646.916016 918.175537 0.282935
airplane 182 2153.093018 678.914856 2269.607178 709.453491 0.350854
kite 183 1540.223755 784.005493 1573.132080 801.209534 0.490940
backpack 219 1483.545532 979.791260 1519.540039 1048.378052 0.702228
bicycle 254 1044.086426 578.411377 1074.141357 634.633362 0.365389
person 257 831.205505 547.987793 850.810974 606.025452 0.356204
person 11 1043.416260 555.979248 1076.001831 625.769409 0.573171
person 187 928.485229 598.107910 955.032898 677.142090 0.581683
person 216 1496.984009 947.069946 1540.438232 1068.213623 0.590555
person 184 954.155334 580.642944 980.333740 668.294373 0.724328
person 188 1321.280518 901.390076 1367.399658 1069.537964 0.819949
motorcycle 251 1045.739136 571.066833 1074.881470 628.470825 0.725457
airplane 247 1732.897583 806.969482 2368.822510 1299.133301 0.534438
backpack 244 1301.794434 942.301270 1334.759033 1027.224121 0.698184
handbag 253 1349.129150 978.898621 1379.587036 1020.655823 0.843588
kite 242 1492.322998 847.453918 1520.518555 867.141907 0.988345
bicycle 243 2001.331299 466.767334 2056.070312 504.598755 0.870896
