7424348958
chair 43 2156.884033 467.231293 2259.080322 525.639099 0.285169
bus 40 1585.608521 585.969727 2105.354004 991.575928 0.799304
airplane 1 2120.991211 1249.247559 2243.996338 1298.716919 0.317778
person 4 2036.493652 467.259186 2061.488281 520.431763 0.618327
traffic light 18 770.600952 568.494995 796.268188 594.961853 0.264967
truck 42 922.049683 558.589050 1584.006836 952.844055 0.435043
bus 24 886.469177 576.645142 1586.123779 954.748047 0.412313
person 11 1045.684937 558.895874 1073.456421 608.560730 0.519585
person 7 883.708740 588.422058 911.128662 660.475952 0.750856
frisbee 38 2006.314575 1176.846313 2076.418945 1216.942261 0.958528
person 34 1872.715332 463.926758 1891.944214 505.269836 0.295863
person 41 1673.488647 487.803955 1696.088379 552.759521 0.904068
