76081315104
chair 227 2160.946045 467.318481 2267.434082 526.060608 0.330533
frisbee 179 2006.677368 1176.466309 2077.031982 1216.833008 0.295716
airplane 236 1577.655640 856.417358 1647.032104 885.901489 0.276406
airplane 245 1578.262329 847.665344 1646.909424 918.183838 0.283336
airplane 182 2153.083740 678.907959 2269.609863 709.489197 0.329954
kite 183 1540.221558 784.010193 1573.140869 801.216675 0.509356
backpack 219 1483.449707 979.949097 1519.585327 1048.309692 0.706302
motorcycle 251 1044.536255 568.571777 1074.919434 630.249390 0.282741
bicycle 254 1044.004395 578.513123 1074.173828 634.487976 0.316705
person 257 830.866333 547.842163 850.769714 606.310242 0.479522
person 216 1497.857666 947.130432 1540.901978 1067.865356 0.571538
person 11 1043.344849 555.608154 1075.983765 623.161255 0.582455
person 187 928.536682 597.988342 955.039856 677.126282 0.618818
person 184 954.135010 580.659058 980.252869 668.278320 0.731498
person 188 1321.249756 901.461792 1367.055176 1069.553345 0.819788
airplane 247 1731.603027 813.330872 2367.528076 1305.494629 0.452715
airplane 1 2118.642090 1249.428101 2241.380127 1298.833496 0.885303
backpack 244 1302.485840 942.209351 1335.450439 1027.132202 0.681762
handbag 253 1349.433105 978.749512 1379.890991 1020.506714 0.824682
bicycle 259 1077.464111 546.999939 1092.656250 571.550598 1.000000
person 260 791.145630 736.660217 816.371094 799.503235 1.000000
kite 242 1492.337646 847.429626 1520.533203 867.117615 0.980154
bicycle 243 2001.334106 466.675873 2056.072998 504.507263 0.885295
