76114322916
chair 227 2158.421387 467.272308 2265.366699 526.008057 0.369153
frisbee 179 2006.835815 1176.553955 2077.218506 1216.829712 0.426735
airplane 1 2119.415039 1249.027588 2242.499268 1298.705688 0.254215
airplane 247 1674.337524 820.319153 2310.539307 1298.170654 0.301161
airplane 236 1577.642334 852.865417 1647.025757 885.892212 0.366776
airplane 182 2153.578857 679.499023 2269.690674 709.587585 0.376900
kite 183 1540.033447 784.087097 1572.857788 801.287659 0.437946
handbag 253 1347.719727 979.588989 1379.210083 1021.549927 0.326357
backpack 244 1301.581299 938.328125 1334.585693 1025.461670 0.303544
backpack 219 1483.618164 979.856201 1521.254761 1048.865845 0.583452
bicycle 254 1041.780518 578.595886 1073.625000 636.539856 0.370846
person 11 1043.041748 555.572815 1075.970581 621.026184 0.361796
person 216 1497.600464 947.318604 1541.220093 1068.336060 0.516048
person 257 829.814331 547.751709 850.225891 606.532898 0.530843
person 187 927.974304 598.088867 955.105042 677.241577 0.625347
person 184 954.595886 580.915039 980.238159 668.325806 0.724232
person 188 1321.187256 900.650452 1365.065552 1069.250977 0.819066
bicycle 259 1077.056396 546.939514 1094.062622 572.954163 0.534946
person 260 799.129333 736.466431 824.290833 799.839172 0.620153
airplane 261 1436.703491 786.970642 1533.177002 823.508301 1.000000
kite 242 1492.297363 847.415527 1520.492920 867.103516 1.018916
motorcycle 251 1044.940186 568.462952 1075.323364 630.140564 0.793226
bicycle 243 2001.311401 466.675751 2056.050293 504.507141 0.875137
