76314322916
chair 227 2154.427002 467.290314 2262.551270 526.034790 0.411691
frisbee 179 2007.009155 1176.656738 2077.431641 1216.791138 0.414831
airplane 1 2119.705566 1248.702881 2243.157471 1298.720947 0.275809
airplane 247 1562.439575 835.390808 2199.025879 1298.149170 0.296943
airplane 182 2153.794189 680.454712 2269.457275 709.683044 0.349147
airplane 236 1578.253540 848.548767 1647.646729 886.928894 0.363359
kite 183 1539.865112 784.119019 1572.541138 801.309753 0.437915
handbag 253 1346.586304 980.092407 1378.171631 1021.661194 0.312748
backpack 244 1300.363037 934.800171 1333.342163 1024.718140 0.273153
backpack 219 1483.081177 979.892029 1525.449219 1049.291016 0.627044
airplane 261 1436.737061 787.367981 1533.196411 823.802002 0.252636
motorcycle 262 823.584290 748.085938 939.741699 835.575867 0.838255
bicycle 254 1039.004639 578.102173 1073.720459 639.445984 0.280696
bicycle 259 1080.382568 547.166870 1099.613281 574.676086 0.361935
person 260 846.470093 727.994629 871.759827 788.734009 0.340794
person 11 1042.798706 555.359375 1076.776733 620.496094 0.420197
person 216 1498.599243 947.592773 1541.587891 1068.687622 0.537645
person 257 828.782959 547.295349 851.005066 605.265564 0.576518
person 187 927.410156 598.184204 955.241394 677.326843 0.610817
person 184 955.224304 581.086914 980.186218 668.118286 0.740496
person 188 1321.473511 899.651855 1362.462769 1068.905396 0.825777
kite 242 1492.322510 847.411804 1520.518066 867.099792 1.013586
motorcycle 251 1046.374390 568.197510 1076.757568 629.875122 0.715148
bicycle 243 2001.287598 466.601715 2056.026611 504.433105 0.873893
