76347330729
chair 227 2154.344238 467.290070 2262.515381 526.029785 0.404875
frisbee 179 2007.014404 1176.654053 2077.438232 1216.790039 0.419300
airplane 1 2119.732666 1248.693115 2243.191895 1298.731323 0.277590
airplane 247 1566.004150 834.132751 2202.585449 1296.587891 0.297845
airplane 182 2153.761963 680.505371 2269.465332 709.661255 0.348993
airplane 236 1578.252197 848.448730 1647.645508 886.950928 0.362336
kite 183 1539.855957 784.118530 1572.536499 801.309265 0.450540
handbag 253 1346.394775 980.257446 1378.061035 1021.802307 0.288357
backpack 244 1300.313232 934.554016 1333.424072 1024.695435 0.268530
backpack 219 1482.624390 980.005005 1525.040527 1049.131592 0.627921
motorcycle 262 833.365295 744.460999 948.185547 832.409973 0.759134
bicycle 254 1039.065674 578.064819 1073.875000 639.433594 0.281025
person 260 855.329712 725.366577 880.306824 787.001587 0.372912
person 11 1043.102051 555.315308 1076.834595 620.113892 0.430260
person 257 828.522949 547.320740 850.738647 605.658691 0.525325
person 216 1497.852295 947.664062 1541.379883 1068.539185 0.564750
person 187 927.542419 598.237610 955.239258 677.293701 0.599433
person 184 955.220154 581.099182 980.186890 668.098694 0.743114
person 188 1321.343018 899.561401 1362.478760 1068.918701 0.819904
bicycle 259 1081.121094 547.324768 1100.351807 574.833984 0.380232
kite 242 1492.315918 847.416199 1520.511475 867.104187 1.014966
motorcycle 251 1046.434692 568.200989 1076.817871 629.878601 0.736481
bicycle 243 2001.259521 466.600433 2055.998535 504.431824 0.877848
airplane 261 1436.722778 787.518066 1533.182129 823.952087 1.103921
