76447330729
chair 227 2157.964844 467.215881 2261.892090 525.478821 0.265306
airplane 1 2119.239746 1249.220093 2242.412354 1298.744141 0.432996
airplane 182 2153.561523 680.053406 2269.025391 710.019287 0.489685
kite 242 1492.333618 847.302979 1520.677368 867.421875 0.383791
kite 183 1539.976685 784.469299 1572.683594 801.373169 0.644098
backpack 219 1482.645874 980.328796 1524.066895 1050.149658 0.307994
motorcycle 262 858.197876 739.118958 973.994141 826.693420 0.857066
bicycle 254 1040.419556 577.877441 1074.222778 638.887817 0.319918
bicycle 259 1087.866211 547.521057 1104.116089 578.806091 0.327067
person 257 829.281860 547.508789 849.301819 604.891541 0.292705
person 11 1043.348633 555.638977 1076.575684 623.778564 0.566806
person 216 1491.698975 946.812927 1540.884888 1068.806030 0.583394
person 187 928.532166 598.426025 954.918396 677.339905 0.626891
person 184 955.045776 580.609985 980.070374 668.438293 0.714162
person 188 1321.200684 900.381958 1361.558594 1069.014160 0.818524
airplane 263 2190.041504 522.856384 2407.651123 616.769409 1.000000
person 264 883.901917 719.594604 931.996765 805.726196 1.000000
handbag 253 1346.759644 979.687378 1378.075928 1021.808105 0.867980
person 260 878.286560 720.837341 903.395020 782.820496 0.559384
motorcycle 251 1046.531006 568.251709 1076.914185 629.929321 0.688745
frisbee 179 2006.925049 1176.748413 2077.360840 1216.882446 0.946853
bicycle 243 2001.453613 466.686554 2056.192627 504.517944 0.840710
airplane 236 1578.395508 848.423462 1647.787231 887.041382 0.783550
airplane 247 1558.927124 835.516541 2195.473877 1297.618896 0.412199
backpack 244 1300.293335 934.569885 1333.352295 1024.793335 0.752301
airplane 261 1436.604004 788.278015 1533.063354 824.712036 0.905423
