76614322916
chair 227 2162.522461 467.156097 2260.795410 524.866577 0.281077
airplane 263 2188.989746 523.012390 2407.542969 617.197632 0.255916
airplane 1 2118.897949 1249.939697 2241.639893 1298.709229 0.418848
airplane 182 2153.666748 679.264221 2269.188477 710.448181 0.502435
kite 242 1492.326172 847.173401 1520.827515 867.745728 0.407349
kite 183 1540.098022 784.887939 1572.854614 801.368713 0.654612
handbag 253 1346.866455 980.243896 1378.180542 1022.350525 0.300575
backpack 219 1482.680176 980.787476 1524.003052 1052.161621 0.513063
motorcycle 262 900.530518 730.992676 1017.670471 818.139221 0.764855
bicycle 254 1041.859253 577.914673 1074.034912 637.811218 0.319337
bicycle 259 1092.531494 548.064209 1109.256592 581.526123 0.361030
person 11 1042.970215 555.213501 1076.193848 628.220947 0.585361
person 216 1489.692383 946.273132 1541.947754 1068.968384 0.600686
person 187 929.150818 598.471497 954.332581 677.256531 0.609587
person 184 954.763062 579.951477 979.450134 669.032043 0.692370
person 188 1320.936035 901.495361 1361.067017 1068.980591 0.816551
person 257 830.772522 547.538879 848.434082 602.999512 0.866838
person 264 919.474426 713.323730 964.789490 790.393616 0.666893
person 260 915.770508 713.691528 940.878967 775.674683 0.565210
motorcycle 251 1046.320557 568.137451 1076.703735 629.815063 0.716156
frisbee 179 2006.462402 1177.076538 2076.898193 1217.210571 0.934321
bicycle 243 2002.431152 466.713287 2057.170166 504.544678 0.807832
airplane 236 1578.943481 848.640076 1648.335205 887.257996 0.815096
airplane 247 1522.876099 838.954407 2159.422852 1301.056763 0.339409
backpack 244 1300.853516 935.351685 1333.912476 1025.575195 0.786768
airplane 261 1437.641846 788.799011 1534.101196 825.233032 0.515779
