76980338541
frisbee 179 2007.195068 1176.803711 2076.699219 1217.254883 0.391172
airplane 1 2121.643799 1249.622803 2242.968750 1298.712646 0.401064
bicycle 243 2003.375366 466.953369 2054.965576 504.859039 0.564872
kite 242 1492.350830 847.557617 1521.244507 867.125183 0.367879
kite 183 1540.390259 784.153259 1572.613159 801.027527 0.564561
backpack 219 1482.169312 985.039551 1523.068604 1054.582153 0.462804
motorcycle 251 1041.866577 575.978088 1075.391235 636.826355 0.305849
motorcycle 262 1001.473877 722.184692 1116.739380 796.631958 0.736272
bicycle 259 1099.500732 551.679077 1116.002686 588.319336 0.287570
person 257 830.538025 547.299011 847.819092 600.713928 0.278729
person 260 1022.886414 697.966614 1050.420532 751.851135 0.464546
person 187 929.921326 599.371765 954.667480 677.225159 0.557607
person 11 1043.470093 555.812988 1077.161133 624.257385 0.563599
person 216 1495.650391 946.150513 1544.060181 1067.953491 0.631228
person 184 954.315247 580.992432 978.559753 667.992554 0.734906
person 188 1320.097412 900.132812 1363.995728 1069.646118 0.786150
person 265 1091.802490 547.037109 1115.474976 586.482300 0.780770
airplane 236 1578.707886 849.162354 1648.099609 887.780273 0.752749
handbag 253 1346.505127 980.459045 1377.715210 1022.344360 0.917221
person 264 1014.341248 695.629761 1061.369751 765.772705 0.684977
airplane 247 1544.142578 854.361816 2180.689209 1316.464233 0.360610
backpack 244 1300.149902 937.329895 1333.208862 1027.553345 0.770319
airplane 182 2152.934326 680.245361 2268.144775 711.170166 0.761271
chair 227 2161.739502 467.440430 2261.736816 525.457214 0.695905
airplane 261 1438.230713 788.627075 1534.690063 825.061096 0.634290
airplane 263 2185.830322 523.238892 2405.179932 617.499695 0.837991
bicycle 254 1041.633057 577.447021 1075.392700 638.079285 0.845712
