77679361979
frisbee 179 2006.961548 1176.850220 2076.876465 1216.867188 0.495184
airplane 247 1593.940430 831.488525 2219.778076 1296.513184 0.287720
airplane 1 2120.882080 1249.338745 2242.290527 1298.744385 0.330836
airplane 182 2154.465332 679.864441 2269.770508 709.687378 0.343372
kite 242 1492.599731 847.356262 1521.000000 867.012878 0.461460
kite 183 1540.047607 784.637939 1573.097168 801.373108 0.661604
handbag 253 1346.191528 977.608887 1377.746094 1023.954346 0.368638
backpack 244 1299.666382 935.993591 1331.102539 1024.231445 0.256113
motorcycle 251 1043.149048 572.093811 1074.957153 637.143677 0.262060
motorcycle 262 1197.055054 687.481262 1295.545776 756.495300 0.601514
person 265 1099.504883 548.356506 1128.937988 599.192261 0.311275
person 216 1488.133057 948.110840 1544.138062 1069.477783 0.492476
person 11 1042.837036 555.530151 1076.355469 628.557861 0.610045
person 184 955.032349 580.970032 979.717346 667.885559 0.706999
person 187 929.721741 597.751770 959.657654 676.800903 0.712790
person 188 1320.333496 899.284180 1366.543457 1069.051758 0.829916
airplane 236 1577.343994 848.446533 1646.238037 894.694824 0.925236
backpack 219 1479.784668 985.002869 1522.969849 1055.731812 0.659169
chair 227 2161.328857 467.955872 2261.326172 525.972656 0.670499
airplane 261 1438.197021 788.595581 1534.656372 825.029602 0.645027
bicycle 259 1110.899658 561.979431 1127.016235 600.100952 0.425803
person 260 1212.525513 650.823975 1243.525635 708.914001 0.415899
airplane 263 2184.637207 523.519470 2403.986572 617.780273 0.773338
bicycle 254 1042.507690 577.258118 1076.267334 637.890381 0.852075
traffic light 266 769.659546 562.993408 813.495056 595.279236 0.991364
bicycle 243 2002.229858 467.081543 2053.754883 504.999542 0.866499
