77946354166
chair 227 2160.069824 467.391327 2259.506836 525.100037 0.289760
airplane 236 1578.514404 847.393921 1647.111328 887.333313 0.368888
airplane 1 2121.018799 1249.481323 2243.316162 1298.706909 0.416594
airplane 182 2153.303467 677.918762 2269.119873 709.857666 0.444300
kite 183 1540.207031 784.721558 1572.782959 801.435547 0.636651
backpack 219 1479.384155 983.587952 1521.451782 1054.973145 0.476772
airplane 261 1436.936157 788.324097 1533.830933 823.978760 0.258258
motorcycle 251 1043.346313 565.850464 1075.401611 632.686890 0.261172
bicycle 259 1107.101562 554.030334 1130.005493 604.664734 0.343422
person 184 955.817017 582.797241 979.245544 668.278198 0.565982
person 187 930.147461 597.321411 960.186523 677.326904 0.648453
person 216 1485.865845 947.676147 1542.169800 1069.346436 0.663906
person 11 1041.981812 555.420593 1076.506470 625.614624 0.671995
person 188 1318.962769 899.931152 1366.911377 1069.068359 0.793346
motorcycle 262 1297.840820 650.017883 1393.214966 725.200989 0.277871
person 265 1101.728149 548.983521 1130.684082 594.675964 0.529227
person 260 1273.052124 635.209900 1304.052246 693.299805 0.291389
airplane 263 2184.163086 523.619446 2403.512939 617.880249 0.724109
handbag 253 1345.631714 980.514771 1377.081787 1024.219849 0.724056
bicycle 254 1042.956299 577.202393 1076.715942 637.834656 0.786691
traffic light 266 769.502075 563.219238 813.337585 595.505066 0.895042
motorcycle 267 1270.671509 683.566772 1309.219727 735.192444 0.332729
frisbee 179 2006.628784 1177.100708 2076.547852 1217.146484 0.907574
kite 242 1492.316650 847.365845 1520.718140 867.024658 0.988356
bicycle 243 2001.929932 466.601044 2053.455078 504.519043 0.822491
backpack 244 1299.602051 937.237000 1331.064331 1025.202026 0.784746
