78079361979
chair 227 2159.535645 467.325226 2259.472168 525.074036 0.300594
airplane 236 1578.463623 847.396362 1647.053711 887.066223 0.382744
airplane 1 2120.988037 1249.465942 2243.318604 1298.701294 0.419623
airplane 182 2153.186035 677.791809 2269.183350 709.862854 0.450420
kite 183 1540.201172 784.722412 1572.779907 801.461121 0.613759
backpack 219 1479.782837 981.174255 1521.732666 1055.324707 0.460481
motorcycle 262 1311.362305 646.543518 1404.192871 725.383118 0.411155
bicycle 259 1106.163696 549.976074 1132.702393 609.449158 0.303693
person 265 1102.928711 547.999023 1134.466309 597.691650 0.353450
person 184 955.697693 581.484741 979.084045 668.074829 0.565781
person 260 1317.505249 623.631958 1350.826172 680.077087 0.595540
person 187 930.213806 597.660461 960.166260 677.451355 0.628415
person 11 1041.877441 555.184570 1076.369751 626.487183 0.674246
person 216 1482.585938 947.895264 1542.066650 1069.210693 0.712552
person 188 1317.833008 901.751038 1365.721680 1069.505493 0.756136
airplane 263 2184.156494 523.626831 2403.506348 617.887634 0.718596
motorcycle 251 1043.621948 569.078308 1076.295898 635.970215 0.808159
handbag 253 1345.254761 979.915344 1376.704834 1023.620483 0.750687
bicycle 254 1043.404907 576.860718 1077.164551 637.492981 0.692572
traffic light 266 769.320374 563.391174 813.155884 595.677002 0.867327
motorcycle 267 1302.318726 676.982666 1340.866943 728.608337 0.389767
frisbee 179 2006.503540 1177.083618 2076.422607 1217.129395 0.915021
kite 242 1492.295898 847.369568 1520.697388 867.028442 0.989217
bicycle 243 2001.858154 466.489563 2053.383301 504.407562 0.816585
backpack 244 1299.553467 937.716370 1331.015747 1025.681396 0.740551
airplane 261 1437.090820 788.748047 1534.034790 824.269409 0.832277
