78545312500
chair 227 2156.806152 466.866333 2260.041748 525.053162 0.257769
frisbee 179 2006.878906 1176.746582 2077.116943 1216.909180 0.337065
airplane 236 1578.288452 848.399902 1647.223145 887.030823 0.286421
airplane 1 2121.259521 1249.824463 2243.035400 1298.744629 0.319784
backpack 219 1480.095581 983.732361 1522.575439 1056.324219 0.366726
motorcycle 251 1043.344482 569.942566 1075.373047 633.660217 0.393385
motorcycle 262 1414.725098 616.068665 1494.945435 692.291321 0.837305
bicycle 254 1042.480957 573.539246 1074.609985 635.095276 0.263932
bicycle 259 1105.953979 549.249817 1134.355835 618.320679 0.304875
person 265 1104.426514 548.127319 1137.895996 615.569519 0.435928
person 260 1420.174316 593.827454 1462.748413 652.432800 0.528711
person 216 1482.973267 947.564270 1543.231445 1067.437134 0.550480
person 11 1044.148315 554.977234 1076.827759 620.325317 0.634163
person 187 929.715515 598.047974 960.240540 677.331360 0.703687
person 184 956.307861 580.074097 985.141357 667.357117 0.705709
person 188 1318.411499 901.963745 1364.573486 1069.522461 0.827364
kite 183 1540.005859 784.426636 1572.781982 801.574829 0.859298
handbag 253 1347.213501 977.779480 1377.561523 1022.423157 0.698207
kite 242 1492.407593 847.399719 1521.030029 867.360718 1.024785
bicycle 243 2001.560059 466.848297 2053.085205 504.766296 0.847171
airplane 182 2145.189453 677.830566 2260.599365 707.425781 0.576239
motorcycle 267 1409.213867 643.516724 1451.299683 695.147583 0.480557
backpack 244 1299.710815 937.498535 1331.173096 1025.463623 0.752737
airplane 261 1437.934692 789.206970 1534.878662 824.728333 0.507855
