7691341145
bus 40 1583.883789 590.567505 2187.268311 1030.788574 0.560080
airplane 1 2121.145020 1249.285767 2242.997070 1298.806519 0.418842
person 41 1692.203125 487.784088 1715.749756 549.754028 0.382696
person 4 2029.225464 467.460693 2060.531494 521.251038 0.609811
traffic light 18 769.422607 562.973328 813.318298 597.714844 0.310823
bus 24 964.348450 594.825684 1589.672485 958.003052 0.863595
person 7 887.314636 587.051514 912.969055 664.482849 0.810637
frisbee 38 2006.709473 1177.000122 2076.911621 1216.818481 0.934599
person 34 1856.810303 466.532745 1874.776855 504.726654 0.335816
person 11 1047.427246 558.931213 1074.429688 607.993408 0.704971
truck 42 952.790466 573.041931 1586.490234 958.377563 0.701271
chair 43 2155.592773 465.894165 2257.789062 524.302002 0.622539
