78745312500
chair 227 2155.640869 467.109375 2262.147949 525.784180 0.262263
frisbee 179 2006.861816 1176.748657 2077.148193 1216.932373 0.262932
airplane 236 1578.211548 847.907837 1647.197998 887.634033 0.285337
airplane 1 2121.372314 1249.922485 2243.167725 1298.709595 0.314511
kite 183 1540.168213 784.640747 1572.687866 801.510071 0.267115
backpack 219 1480.171631 983.893311 1522.225464 1056.577026 0.377411
motorcycle 262 1454.106323 603.581482 1522.769409 678.099365 0.735008
bicycle 254 1043.156250 575.547974 1073.201904 635.377014 0.285902
person 265 1104.602295 548.221069 1139.446655 618.936096 0.280417
person 260 1454.847168 581.751953 1494.229492 642.895508 0.326800
person 216 1482.473877 947.655762 1542.354004 1068.394043 0.554469
person 184 957.411682 580.042786 984.911682 667.167236 0.624113
person 11 1044.092773 554.875488 1076.508423 623.113647 0.711073
person 187 930.082520 598.604004 960.101318 677.421448 0.714568
person 188 1318.438354 902.643372 1364.456543 1069.555786 0.832558
bicycle 259 1105.732178 549.991150 1135.427246 622.193176 0.602497
kite 242 1492.347900 847.348450 1520.994507 867.392578 1.044062
bicycle 243 2001.562378 466.961456 2053.087402 504.879456 0.858817
airplane 182 2140.161133 677.022827 2255.571045 706.618042 0.723801
motorcycle 267 1447.487305 629.561584 1489.573120 681.192444 0.578933
backpack 244 1299.683228 937.655151 1331.145508 1025.620239 0.756093
handbag 253 1347.626099 979.367126 1378.882324 1020.191284 0.693425
airplane 261 1437.966309 789.313843 1534.910278 824.835205 0.550988
