78811328125
airplane 182 2150.098633 678.336670 2265.510498 708.915222 0.435338
airplane 1 2120.264893 1249.921143 2242.283936 1298.677368 0.467160
bicycle 243 2002.163330 467.059174 2054.809570 504.811554 0.519925
kite 242 1492.388428 847.223511 1520.981445 867.324158 0.429416
kite 183 1539.909058 784.465637 1572.901001 801.485596 0.621823
motorcycle 262 1466.101562 602.255493 1530.401123 673.054932 0.595274
bicycle 259 1106.426636 555.383850 1134.641602 624.822327 0.290884
bicycle 254 1046.398315 578.932068 1071.939819 635.664673 0.347950
person 260 1465.376099 577.127258 1511.890747 649.980591 0.311460
person 216 1486.053223 947.792786 1541.842529 1068.242676 0.521379
person 265 1104.736572 548.140747 1136.999268 617.820801 0.542372
person 187 930.355774 597.913940 960.173157 677.753662 0.641044
person 11 1043.913452 555.151550 1076.722656 624.889893 0.681197
person 184 958.708679 580.324524 985.487244 666.976929 0.698535
person 188 1318.720459 902.937317 1364.415405 1069.641968 0.829050
backpack 219 1480.272949 983.773560 1522.326782 1056.457275 0.813482
motorcycle 267 1461.150391 624.964539 1503.236206 676.595459 0.385870
backpack 244 1299.583252 937.811523 1331.045532 1025.776611 0.718607
frisbee 179 2006.629883 1176.888550 2076.916260 1217.072266 0.940946
chair 227 2155.236572 466.992096 2261.743652 525.666870 0.783795
airplane 236 1578.413208 848.069153 1647.399658 887.795349 0.920069
handbag 253 1347.581055 979.133118 1378.837280 1019.957275 0.702726
airplane 261 1437.998413 789.020874 1534.942383 824.542236 0.494620
