78911328125
airplane 1 2119.827881 1249.939331 2241.876465 1298.667114 0.445441
airplane 182 2153.440186 679.330017 2268.869141 710.271301 0.446945
bicycle 243 2002.226440 467.046448 2055.280518 504.740143 0.518591
kite 242 1492.370239 847.187500 1520.934082 867.316040 0.447222
kite 183 1539.808350 784.425842 1573.020874 801.483643 0.660660
backpack 219 1479.959717 984.150879 1521.248413 1054.420776 0.300975
motorcycle 262 1480.643677 591.378784 1541.824463 665.180725 0.596535
bicycle 259 1106.659668 560.328796 1133.769287 625.101501 0.325126
bicycle 254 1047.794556 580.285156 1071.534790 635.791077 0.366865
person 265 1104.794189 548.595825 1135.520508 618.566650 0.535419
person 216 1486.846313 948.000183 1541.308228 1068.251343 0.545696
person 187 930.603394 597.409119 960.205444 677.414734 0.646434
person 184 961.018494 579.493652 986.180115 667.252441 0.668518
person 11 1043.376831 555.238098 1076.372070 626.097717 0.672060
person 188 1318.838135 903.134277 1364.626099 1069.697388 0.830600
person 260 1478.448486 572.062073 1521.273926 634.482910 0.684116
motorcycle 267 1478.531494 618.131958 1520.617310 669.762817 0.362469
backpack 244 1299.584106 938.095703 1331.046387 1026.060791 0.713456
frisbee 179 2006.294678 1176.987427 2076.581055 1217.171143 0.953449
chair 227 2154.329834 466.864777 2260.836914 525.539551 0.680784
airplane 236 1578.679199 848.177612 1647.665649 887.903809 0.928897
handbag 253 1347.780640 978.791321 1379.036865 1019.615479 0.700248
airplane 261 1437.776367 788.958374 1534.720337 824.479736 0.610881
