7724348958
frisbee 38 2006.742676 1176.902832 2076.972168 1216.750732 0.299972
bus 40 1593.310669 587.603027 2200.033203 1037.617432 0.417530
airplane 1 2121.168945 1249.292603 2242.986084 1298.807495 0.415269
person 4 2025.474487 467.401489 2058.733398 521.319763 0.284905
traffic light 18 769.703491 562.451172 813.988403 597.424194 0.363075
bus 24 971.057251 598.634216 1589.375000 959.063721 0.796589
person 7 888.041565 587.667480 913.905640 664.680359 0.819174
person 34 1855.098022 466.583527 1873.064575 504.777435 0.357930
person 11 1047.391602 558.856079 1074.394043 607.918274 0.733310
truck 42 954.825012 572.351135 1588.524658 957.686768 0.680516
person 41 1693.787964 487.816528 1717.334595 549.786499 0.709918
chair 43 2154.778076 465.883392 2256.974365 524.291199 0.626423
