79144335937
chair 227 2156.099121 467.159668 2261.770264 525.863708 0.283158
frisbee 179 2006.603271 1176.642700 2076.873291 1216.978271 0.325678
airplane 236 1578.412964 847.781006 1647.150024 887.630493 0.339250
airplane 1 2120.330811 1249.524658 2242.781006 1298.646973 0.341155
airplane 182 2153.546631 679.261169 2268.739014 710.110535 0.392508
kite 242 1492.322754 847.179260 1520.846069 867.344788 0.311677
kite 183 1539.867676 783.930847 1572.675659 801.282227 0.587211
handbag 253 1346.228882 979.922913 1378.680298 1022.191406 0.377062
backpack 244 1300.053589 936.329712 1335.556030 1024.648438 0.279892
motorcycle 262 1513.877930 585.063354 1566.755493 650.440186 0.695633
bicycle 254 1044.885254 580.213623 1072.202881 637.333557 0.283180
bicycle 259 1108.200317 572.498657 1131.345947 628.751892 0.360783
person 216 1482.811401 950.230286 1541.046509 1068.406250 0.308862
person 260 1511.766479 558.716980 1553.841309 620.280884 0.536026
person 265 1104.833862 551.164307 1134.792114 616.455750 0.537924
person 11 1043.437866 555.230408 1075.963257 626.278320 0.676886
person 187 932.512756 597.591858 964.389221 675.817139 0.677464
person 188 1318.842529 900.866943 1364.667114 1069.669922 0.798060
motorcycle 267 1511.629272 604.905762 1552.582275 653.425964 0.525981
person 184 965.857788 578.253052 993.554688 664.185974 0.325226
airplane 261 1437.654541 788.940857 1534.598511 824.462219 0.640835
backpack 219 1480.218506 984.632874 1521.463379 1053.000854 0.763167
bicycle 243 2002.177246 466.934479 2055.529297 504.587494 0.822409
