79344335937
chair 227 2157.427734 467.197388 2263.224609 525.962769 0.282114
frisbee 179 2006.654419 1176.510376 2076.947266 1216.973022 0.277268
airplane 1 2121.827637 1248.945923 2243.390625 1298.677979 0.326842
airplane 236 1578.243896 847.701843 1647.002075 887.575500 0.335137
airplane 182 2153.692871 678.992188 2269.250000 709.782288 0.396275
kite 242 1492.355713 847.271484 1520.857178 867.378113 0.341445
kite 183 1539.713745 783.841797 1572.566528 801.442078 0.586695
handbag 253 1345.083740 983.850830 1377.362549 1023.079285 0.337149
backpack 244 1299.882446 935.493958 1337.869751 1024.054932 0.276005
motorcycle 262 1535.614624 575.320129 1581.666382 637.425476 0.399905
bicycle 254 1043.792236 579.461731 1072.902466 638.032837 0.275933
person 216 1482.261597 949.462830 1543.132812 1068.200562 0.324088
person 260 1530.817749 548.512329 1578.182373 627.586975 0.341717
person 187 935.862183 599.164978 970.958191 675.677856 0.506388
person 265 1101.028076 550.080078 1133.005737 630.723633 0.569156
person 11 1043.134888 555.263733 1075.896606 626.464905 0.679103
person 188 1318.644409 899.744690 1364.842529 1069.695923 0.799931
person 184 969.828430 576.876648 997.525330 662.809570 0.395165
motorcycle 267 1535.244141 591.638245 1571.452026 638.556396 0.644529
airplane 261 1437.587280 788.866699 1534.531250 824.388062 0.657768
bicycle 259 1108.487549 575.853149 1131.096924 631.984314 0.585320
backpack 219 1481.034302 985.142761 1522.279175 1053.510742 0.809282
bicycle 243 2001.881958 466.692017 2055.234131 504.345032 0.866609
