599348958
airplane 9 1577.933594 847.663391 1646.933228 892.395325 0.251718
airplane 17 2258.038574 717.975891 2415.136475 862.544434 0.275247
airplane 2 2153.482178 679.914429 2269.023193 710.557495 0.570150
airplane 1 2119.450928 1249.546143 2241.949707 1298.697144 0.587792
person 6 2357.705811 721.111328 2413.077393 851.788635 0.318751
person 4 2346.132324 483.243378 2377.154541 556.585083 0.448060
person 5 2161.324219 467.009918 2199.217529 539.912476 0.707834
kite 14 1540.151978 784.159790 1572.666260 800.913818 0.352250
person 7 847.542419 555.398376 865.286743 617.003967 0.724541
person 8 1011.182129 709.075684 1060.365845 777.892273 0.515817
motorcycle 16 1024.556519 553.822144 1048.998413 601.580383 0.863003
person 11 1023.801697 552.258240 1049.274902 601.832031 0.729547
motorcycle 10 995.138611 722.407104 1110.732666 828.857178 0.324403
person 12 1159.121826 560.736938 1211.288696 656.364136 0.964555
skis 15 1461.238403 547.029785 1580.580200 585.599731 0.854081
