79810351562
frisbee 179 2006.427002 1176.744751 2076.923584 1216.931274 0.332179
airplane 236 1578.171265 854.650146 1647.716187 886.266235 0.308612
airplane 182 2153.659668 678.909424 2269.115723 709.893616 0.355392
motorcycle 262 1578.711548 540.549255 1609.064941 609.801331 0.401351
kite 242 1492.325317 847.322632 1520.847778 867.273682 0.378013
kite 183 1539.594849 783.661316 1572.974121 801.457520 0.624407
backpack 219 1479.393921 983.674133 1523.125244 1055.788208 0.409946
person 265 1094.518555 556.833862 1130.930786 634.534485 0.485522
person 187 946.079163 587.568848 974.427673 672.843628 0.534304
person 216 1484.040039 948.986328 1543.317627 1067.374146 0.594988
person 11 1042.635010 555.566162 1076.197876 631.462646 0.617712
person 188 1318.961914 899.239136 1367.541260 1069.103516 0.805389
airplane 268 1578.099365 847.113281 1647.377075 916.279297 1.000000
backpack 244 1299.207886 936.313293 1336.287842 1024.158203 0.805059
person 269 1578.447998 530.020203 1608.930298 595.859070 0.723588
person 270 1830.334351 467.173737 1854.170410 504.082001 0.803576
bicycle 259 1097.825684 573.770264 1127.102539 642.101196 0.535518
skis 271 1458.284668 547.257874 1573.609253 598.408020 1.000000
handbag 253 1344.001221 983.125793 1376.671875 1022.249268 0.594888
motorcycle 267 1577.395020 567.560791 1604.851685 609.820435 0.468591
bicycle 254 1044.819702 578.614563 1073.558838 637.360168 0.805856
airplane 1 2118.943848 1249.009521 2242.002930 1298.872559 0.959962
bicycle 243 2001.147339 466.955292 2054.499512 504.608307 0.847340
chair 227 2157.454346 467.113770 2261.835205 525.638672 0.908975
