79977343750
frisbee 179 2006.395142 1176.704102 2076.795410 1216.990967 0.257422
airplane 268 1578.270874 846.946167 1647.540527 915.285767 0.303432
airplane 236 1578.093994 856.095825 1647.746948 885.990234 0.306514
airplane 182 2153.543457 678.845642 2269.100098 709.888184 0.335684
motorcycle 267 1583.893311 559.079285 1614.252441 600.001526 0.459726
person 270 1831.309448 467.227844 1854.258789 504.624817 0.526115
person 269 1579.428345 520.123596 1613.693848 589.386597 0.686559
kite 242 1492.340820 847.239746 1520.851196 867.178040 0.409672
kite 183 1539.478394 783.659851 1573.087402 801.405640 0.648427
skis 271 1459.745972 547.280273 1579.546997 596.114746 0.256587
handbag 253 1345.469238 983.791443 1378.279663 1023.279480 0.299987
backpack 219 1479.844727 984.764526 1523.388428 1055.640991 0.451771
bicycle 259 1094.921753 580.310364 1123.747925 645.519104 0.300851
person 187 948.834900 583.901489 977.261963 674.142822 0.261203
person 265 1092.172729 558.613708 1129.099854 631.430908 0.479819
person 216 1487.541748 949.302979 1543.648315 1068.740845 0.546446
person 11 1041.953247 555.138794 1075.152466 634.233276 0.689667
person 188 1318.467285 899.230652 1367.461792 1069.199951 0.781629
backpack 244 1299.475708 934.479919 1340.710205 1024.530518 0.756043
handbag 272 1321.162964 933.516418 1352.231689 995.765015 0.971223
bicycle 254 1044.631958 578.604431 1073.371094 637.350037 0.799097
airplane 1 2117.740723 1248.990723 2240.799805 1298.853760 0.915738
bicycle 243 2001.006104 466.769714 2054.358154 504.422729 0.837862
motorcycle 262 1582.738403 534.048706 1615.710938 600.233643 0.529168
chair 227 2156.130371 466.943054 2260.511230 525.468018 0.783771
