80110351562
airplane 268 1578.317139 847.557129 1647.613159 916.447632 0.251087
airplane 236 1577.664185 856.311218 1647.498901 886.025391 0.268471
airplane 182 2153.568115 678.937805 2268.976562 710.294312 0.296904
airplane 1 2119.772949 1249.028076 2242.316162 1298.699829 0.471607
bicycle 243 2002.745728 466.973450 2055.412109 504.896851 0.479127
person 270 1833.294067 467.467468 1858.632446 505.786133 0.654916
person 269 1579.139526 513.316284 1616.257935 590.343140 0.810305
kite 183 1539.935913 783.981323 1572.998657 801.230652 0.410204
skis 271 1460.852295 547.420410 1579.302612 596.877136 0.353245
handbag 253 1346.887085 982.179565 1379.891724 1021.601685 0.362263
backpack 244 1299.065430 935.531677 1336.347534 1024.855591 0.321332
backpack 219 1480.706543 984.425293 1522.711060 1056.226196 0.472476
bicycle 259 1096.307739 592.026123 1122.145630 647.439514 0.275325
person 11 1042.240967 555.243652 1074.771240 634.604431 0.358598
person 265 1090.135742 561.078064 1123.687012 637.501343 0.417339
person 216 1492.535767 948.946411 1544.314697 1070.602905 0.464135
person 187 949.860657 590.434570 978.231567 673.163757 0.494968
person 188 1318.683228 899.929504 1367.180176 1069.350830 0.843251
kite 242 1492.257690 847.276184 1520.787476 867.187744 0.976066
motorcycle 262 1586.382080 529.804260 1619.354614 595.989258 0.511309
frisbee 179 2006.257568 1176.867554 2076.662842 1217.152466 0.951252
motorcycle 267 1590.163940 551.845337 1622.471924 591.912842 0.364455
chair 227 2154.154053 467.056396 2258.534912 525.581299 0.548244
