80243359375
airplane 236 1577.736572 856.480164 1647.779297 885.825195 0.264295
airplane 182 2153.558594 679.059448 2268.920898 710.800293 0.287285
airplane 1 2121.717041 1249.182373 2243.738770 1298.661743 0.481327
motorcycle 262 1582.360229 524.098206 1618.611084 582.861206 0.456423
bicycle 243 2004.090576 467.012573 2056.298828 505.215637 0.476348
person 270 1839.950073 467.240753 1863.702271 506.258850 0.539178
person 269 1579.177612 508.314240 1618.445679 579.505737 0.590897
kite 183 1540.486694 784.347412 1572.774658 800.940125 0.400598
handbag 253 1347.536255 981.845947 1380.321411 1020.519592 0.391161
backpack 244 1299.570312 936.100098 1332.416504 1024.884521 0.318260
backpack 219 1482.554321 983.546143 1523.876587 1056.695068 0.570044
bicycle 259 1094.878174 594.753174 1119.164551 648.717834 0.314759
person 11 1042.085083 555.317322 1074.374512 632.929443 0.428823
person 265 1089.272949 561.930969 1121.396362 637.507507 0.478321
person 187 949.926086 590.991028 978.437378 673.886475 0.502716
person 216 1496.662231 948.767883 1545.423462 1071.754150 0.557300
person 188 1319.552979 900.619873 1367.328003 1069.452393 0.842192
airplane 268 1577.359375 848.010925 1646.644775 917.346741 0.796755
kite 242 1492.123047 847.330505 1520.762817 867.138855 0.962433
frisbee 179 2006.309570 1177.083496 2076.714844 1217.368408 0.949099
motorcycle 267 1592.447632 548.114929 1624.755615 588.182434 0.322247
skis 271 1465.035278 548.081238 1583.886597 597.375732 0.632428
chair 227 2154.671875 467.138367 2259.052734 525.663330 0.428406
