80310351562
airplane 268 1577.584595 848.116821 1646.881836 917.642212 0.256236
airplane 236 1577.784058 856.463074 1647.852417 885.813904 0.264558
airplane 182 2153.574707 679.007263 2268.939697 710.861145 0.292118
airplane 1 2121.821533 1249.144653 2243.817139 1298.629761 0.481877
bicycle 243 2004.056763 467.014008 2056.297119 505.233978 0.477515
person 270 1843.592041 467.185577 1867.263794 506.042725 0.551242
person 269 1579.800537 505.965576 1617.732910 576.364075 0.730143
kite 242 1492.310425 847.357056 1520.962036 867.071899 0.254456
kite 183 1540.530640 784.385376 1572.748413 800.907898 0.410722
handbag 253 1347.584106 981.804626 1380.032837 1019.829529 0.366941
backpack 244 1299.723267 936.157654 1332.043579 1024.877563 0.309388
backpack 219 1483.172363 981.623169 1526.226807 1056.906982 0.603929
bicycle 259 1092.082886 593.569885 1118.026978 649.971191 0.411026
person 11 1042.096436 555.378967 1074.340454 632.693665 0.423858
person 265 1087.818115 562.610291 1120.132935 637.053162 0.481535
person 187 951.072144 591.020691 978.316833 673.903809 0.530412
person 216 1497.462524 948.837280 1546.297119 1071.629150 0.543614
person 188 1319.713745 900.721680 1367.605103 1069.406982 0.842435
frisbee 179 2006.321777 1177.113892 2076.727051 1217.398804 0.968961
motorcycle 267 1595.593628 545.042175 1627.901611 585.109680 0.263351
skis 271 1464.776001 548.284912 1583.627319 597.579407 0.579212
chair 227 2153.807861 467.083862 2258.188721 525.608765 0.557397
motorcycle 262 1584.605103 522.583801 1620.855957 581.346802 0.511581
