80343359375
frisbee 179 2006.455444 1176.718750 2076.939697 1217.120483 0.254487
airplane 268 1577.648926 848.111694 1646.950806 917.686157 0.262189
airplane 236 1577.809570 856.392334 1647.887573 885.801270 0.265034
airplane 182 2153.566162 679.013306 2268.926025 710.887878 0.292779
airplane 1 2121.844238 1249.152466 2243.823730 1298.626221 0.469196
motorcycle 267 1587.607788 541.402588 1621.083252 580.547302 0.392102
bicycle 243 2003.958862 467.016205 2056.302979 505.249542 0.484142
person 270 1844.417114 467.421814 1868.775879 506.198761 0.587333
person 269 1579.589966 504.850861 1617.056641 574.111389 0.631869
kite 242 1492.398315 847.417969 1521.022095 866.978271 0.251445
kite 183 1540.539062 784.395752 1572.742920 800.900452 0.404028
skis 271 1462.899780 547.705261 1581.638428 596.476990 0.252254
handbag 253 1347.509033 982.286682 1379.754028 1019.903687 0.462416
backpack 244 1299.769287 936.146301 1331.905884 1024.849243 0.315718
backpack 219 1483.877441 981.668274 1526.985840 1057.192139 0.602105
bicycle 259 1091.758057 594.383057 1117.385986 650.823853 0.447232
person 11 1042.273438 555.225159 1074.262573 632.440491 0.435446
person 216 1497.502686 948.837402 1546.959229 1071.634033 0.513896
person 265 1087.462402 563.087891 1119.495239 634.678406 0.543954
person 187 951.673401 590.893982 978.085938 673.785950 0.659380
person 188 1319.715454 900.768738 1367.664917 1069.398682 0.845397
chair 227 2153.197998 467.063538 2257.578857 525.588501 0.520821
motorcycle 262 1585.231323 522.108459 1621.482178 580.871460 0.488793
