80842317708
chair 227 2159.719482 467.215088 2260.541504 525.331177 0.326439
frisbee 179 2006.923340 1176.555786 2076.974365 1217.284668 0.270768
airplane 275 1580.046509 834.577759 2208.389160 1296.082764 0.274088
airplane 236 1578.006592 849.602173 1646.867310 886.949768 0.330304
airplane 182 2154.439697 680.213440 2268.867432 709.651306 0.364797
airplane 1 2121.222656 1249.763306 2242.426270 1298.751831 0.439422
motorcycle 267 1577.089966 521.313843 1603.493164 555.967468 0.408773
person 269 1576.102051 487.370056 1601.108398 550.058655 0.444569
kite 183 1539.869751 783.896057 1572.981323 801.470398 0.531883
skis 271 1458.513550 547.133240 1578.648193 590.003113 0.323923
backpack 219 1491.479248 984.214355 1536.822876 1053.776855 0.365130
bicycle 259 1084.349609 599.069214 1111.860840 660.391724 0.394085
person 216 1506.371948 949.489929 1554.925781 1079.209229 0.395540
person 187 955.544739 591.491150 979.564636 672.263062 0.451137
person 265 1078.046997 569.273865 1113.610840 643.371887 0.551359
person 11 1040.638550 555.009155 1074.320068 633.444397 0.643174
person 188 1318.527832 901.591309 1361.819336 1070.093262 0.780762
skis 273 1573.666138 556.689209 1654.656494 593.260437 0.564334
kite 242 1492.057495 847.377747 1520.536011 867.212585 0.923922
motorcycle 262 1572.957153 504.120514 1609.208008 562.883545 0.462105
handbag 253 1346.327515 983.656250 1376.506226 1022.355957 0.725593
backpack 244 1300.347534 937.762451 1333.306641 1024.368408 0.846056
