81009309895
chair 227 2160.879150 467.378357 2261.246826 525.406433 0.325674
frisbee 179 2006.889893 1176.566650 2077.037842 1217.348267 0.322042
airplane 275 1613.347656 828.762329 2243.668457 1290.629272 0.286395
airplane 236 1578.308716 848.363220 1646.881958 887.381104 0.322245
airplane 182 2154.428467 680.583008 2268.733398 709.265076 0.372894
airplane 1 2121.184570 1249.752930 2242.405518 1298.715576 0.434646
motorcycle 262 1573.488770 491.809357 1595.816772 549.537781 0.275665
kite 183 1539.873901 783.890259 1572.891479 801.393005 0.549763
backpack 219 1495.313354 982.466614 1542.252808 1051.598022 0.428914
bicycle 259 1080.157471 600.664856 1110.191162 665.178528 0.353983
person 216 1508.160034 947.620544 1569.117920 1116.283325 0.353509
person 187 955.247009 590.576904 980.847046 671.563721 0.501380
person 265 1075.627319 570.387695 1110.571167 643.777832 0.559462
person 11 1040.100220 555.049805 1073.937866 634.052551 0.583627
person 188 1318.733276 901.840942 1362.954834 1070.110474 0.779065
handbag 253 1345.756714 983.326172 1375.935425 1022.025879 0.698203
skis 271 1456.409912 547.108276 1576.648193 588.789246 0.605645
kite 242 1491.731689 847.194946 1520.442627 867.234070 0.909832
backpack 244 1300.908813 936.915955 1333.867920 1023.521973 0.875708
