81175325520
frisbee 179 2006.878296 1176.763550 2077.104492 1217.101562 0.434898
airplane 182 2154.277832 679.495300 2269.308594 709.575623 0.332356
airplane 1 2119.675781 1249.407959 2241.951416 1298.676636 0.572968
kite 183 1540.287720 783.719788 1573.147461 801.352295 0.523579
skis 271 1458.990234 547.456177 1579.917114 586.707642 0.291836
backpack 219 1501.312622 982.153137 1545.589233 1052.036499 0.255648
traffic light 276 770.026855 561.044312 815.534607 597.553284 0.277923
person 265 1075.896851 574.816711 1109.027222 647.120361 0.264909
person 187 956.210205 590.061951 981.166687 670.743530 0.318434
person 216 1519.478760 948.635193 1562.201294 1105.030273 0.449514
person 11 1041.618652 555.378845 1074.601074 633.233948 0.472271
person 188 1319.493896 902.659729 1362.754639 1069.953735 0.786624
kite 242 1491.922974 847.249451 1520.587402 867.334778 0.783110
bicycle 259 1078.802734 605.167358 1108.225342 667.768372 0.452201
chair 227 2161.830078 467.536011 2261.900391 525.558228 0.705975
airplane 236 1578.862427 849.246338 1647.409790 888.322205 0.680630
handbag 253 1345.162231 985.559570 1376.445679 1023.372742 0.728773
airplane 275 1570.782227 846.109314 2201.370361 1308.576660 0.670649
backpack 244 1301.628784 936.467957 1334.587891 1023.073975 0.841789
