81608333333
chair 227 2162.619873 467.323944 2259.547363 525.663330 0.252120
frisbee 179 2006.999390 1176.643921 2076.757812 1217.113647 0.391270
airplane 182 2153.733887 680.850098 2268.554932 710.273804 0.426378
airplane 1 2120.797363 1249.021240 2242.403320 1298.646729 0.476532
kite 242 1492.028809 847.163696 1520.937500 867.414856 0.275392
kite 183 1539.801880 783.876953 1572.594238 801.220825 0.543307
skis 271 1459.985352 547.204834 1581.904907 587.025208 0.367941
person 265 1065.550537 578.310425 1102.417603 664.236206 0.370484
person 187 958.247620 590.656128 984.425903 671.972656 0.468715
person 11 1040.716309 555.388062 1074.138306 632.849670 0.596858
person 188 1318.086060 898.156921 1361.693481 1069.673584 0.698261
bicycle 259 1064.267822 609.483093 1096.690552 670.992615 0.373595
person 277 983.198181 577.892212 1014.179138 662.516174 1.000000
person 216 1535.617432 944.180176 1581.823120 1092.066528 0.530031
backpack 219 1530.455811 978.241150 1565.824707 1045.327026 0.547441
airplane 236 1576.138428 851.290527 1644.685791 890.366394 0.694326
handbag 253 1343.318359 985.139160 1374.601807 1022.952332 0.538825
airplane 275 1739.359131 821.554016 2369.947266 1284.021362 0.520458
backpack 244 1302.606201 936.528809 1335.565308 1023.134766 0.758757
traffic light 276 769.887573 561.095459 815.328674 597.529419 0.850397
