81675325520
chair 227 2162.468506 467.346405 2259.432861 525.728333 0.255665
frisbee 179 2007.033569 1176.638062 2076.772461 1217.115845 0.423212
airplane 182 2153.719971 680.989807 2268.507080 710.273621 0.425321
airplane 1 2120.774414 1248.982300 2242.424805 1298.645996 0.507089
kite 242 1492.000488 847.122742 1520.980835 867.432739 0.260053
kite 183 1539.807007 783.831665 1572.563965 801.160156 0.531205
skis 271 1459.949219 547.215881 1582.028809 587.025513 0.349379
person 187 958.563477 590.625977 984.715088 672.168518 0.450636
person 265 1064.676270 579.064148 1100.855347 663.560059 0.456541
person 11 1040.689453 555.385742 1073.969604 632.212036 0.625279
person 277 982.845032 575.678101 1014.955688 662.872864 0.639115
person 188 1318.156494 898.781860 1361.559082 1069.747192 0.743023
bicycle 259 1064.030273 610.868591 1096.358154 672.166138 0.441931
person 216 1538.495483 945.059204 1584.701172 1092.945557 0.429997
backpack 219 1535.293091 977.204224 1570.661987 1044.290039 0.536865
person 278 1578.048218 971.531799 1605.410767 1124.270630 1.000000
airplane 236 1575.895264 851.623840 1644.442627 890.699707 0.726048
handbag 253 1343.487915 985.187744 1374.771362 1023.000916 0.512123
airplane 275 1730.634766 804.069031 2361.223145 1266.536377 0.591351
backpack 244 1302.667969 936.664429 1335.627075 1023.270386 0.756961
traffic light 276 769.880737 561.106262 815.321838 597.540222 0.859331
