81974348958
chair 227 2161.714600 467.016907 2263.322021 525.434875 0.281934
frisbee 179 2006.971680 1176.863281 2076.822998 1217.620972 0.298402
airplane 182 2153.686523 679.723816 2268.798340 710.053223 0.317721
airplane 236 1578.234375 848.072021 1647.878662 886.803345 0.333091
person 279 1579.228638 940.446838 1615.096802 1077.139282 0.274512
person 278 1580.193481 937.256165 1648.586914 1106.804199 0.729564
kite 183 1539.860107 783.741577 1572.743652 801.706177 0.588903
person 11 1040.492432 555.983887 1076.103027 630.995117 0.328315
person 188 1320.471802 898.674194 1361.861572 1069.053589 0.816183
bicycle 259 1061.450562 616.398315 1091.798950 677.619446 0.525117
airplane 1 2118.373291 1249.119263 2240.001709 1298.841064 0.886416
backpack 219 1556.198486 970.040955 1593.099854 1039.921631 0.533370
person 265 1063.334473 588.715759 1094.319946 663.681702 0.462028
person 277 990.648376 576.273865 1018.070679 664.418213 0.592348
backpack 244 1303.880005 936.260864 1336.839111 1022.866821 0.697367
kite 242 1492.268188 847.261108 1520.677979 867.123962 1.061963
traffic light 276 770.076477 561.160706 815.517578 597.594666 0.849466
