82074348958
chair 227 2161.536621 466.998047 2263.421631 525.423645 0.293405
frisbee 179 2006.960571 1176.884399 2076.820557 1217.667725 0.267093
airplane 236 1578.255493 848.031677 1647.643311 887.136963 0.301177
airplane 182 2153.883301 679.570068 2268.995361 710.023376 0.319210
person 278 1579.332520 933.788330 1649.590332 1106.590210 0.741445
kite 183 1540.120239 783.827026 1572.652222 801.479126 0.569762
person 11 1039.463135 555.477600 1076.456177 630.409912 0.333791
person 188 1322.034546 897.270996 1364.974854 1067.873901 0.850676
airplane 1 2117.775391 1248.917725 2239.403809 1298.639526 0.852399
bicycle 259 1060.502930 615.443420 1091.751831 678.377991 0.505671
backpack 219 1566.258423 967.856445 1603.159790 1037.737061 0.484004
person 265 1061.714844 585.050232 1092.700317 660.016174 0.528996
person 277 991.655945 576.573669 1019.078247 664.718018 0.389423
backpack 244 1304.521240 935.422180 1337.480347 1022.028198 0.635491
kite 242 1492.107910 847.250366 1520.517700 867.113220 1.043743
traffic light 276 770.096436 561.191345 815.537537 597.625305 0.834090
person 279 1590.956177 941.052856 1626.824341 1077.745361 0.553679
