82108333333
backpack 219 1574.831299 964.599915 1608.897095 1032.734863 0.275262
airplane 1 2118.249023 1249.134644 2240.818359 1298.611694 0.306126
airplane 182 2153.926270 679.423950 2268.956055 710.107971 0.496331
person 278 1579.176514 931.866272 1649.476196 1106.790039 0.829489
kite 183 1540.069824 784.044678 1572.658691 801.498291 0.397625
bicycle 259 1058.014404 615.446350 1090.018555 678.499329 0.486524
person 265 1055.756226 582.166016 1090.701538 664.402222 0.390121
person 11 1038.578003 555.206421 1076.552368 630.251221 0.431576
person 188 1323.062378 896.473938 1367.539062 1067.857056 0.801758
person 280 1902.430908 466.999939 1935.791870 513.562256 1.000000
airplane 281 1437.329224 787.606384 1533.393433 823.475403 1.000000
person 277 992.147949 576.708252 1019.570251 664.852600 0.375512
frisbee 179 2006.895752 1176.941040 2076.755859 1217.724365 0.964439
backpack 244 1305.004761 934.908813 1337.963867 1021.514771 0.638512
kite 242 1492.109863 847.380310 1520.519653 867.243164 0.913273
airplane 236 1578.306641 848.205750 1647.694458 887.311035 0.783803
traffic light 276 770.146729 561.123779 815.587830 597.557739 0.829978
person 279 1593.220825 943.428833 1629.088989 1080.121338 0.575155
chair 227 2161.557129 466.973145 2263.442139 525.398743 0.819226
