82207356770
airplane 1 2119.244385 1249.402710 2242.280273 1298.660278 0.282202
airplane 182 2153.886963 678.875916 2269.348633 710.229675 0.491447
person 280 1903.590942 467.135101 1936.893433 514.734985 0.601886
person 278 1578.730591 927.991882 1649.269287 1112.626221 0.818947
kite 183 1540.002930 784.265991 1572.670776 801.473145 0.382261
airplane 281 1437.386841 787.404236 1533.486450 823.491943 0.267541
bicycle 259 1055.682373 615.628357 1089.357422 680.555786 0.352451
person 11 1037.660522 555.104675 1077.026123 629.975769 0.393939
person 188 1325.506348 896.887085 1380.293457 1066.209839 0.837783
person 277 992.825745 576.765320 1020.248047 664.909668 0.413802
airplane 282 1578.418457 821.494019 1647.590454 887.073853 0.997846
frisbee 179 2006.687012 1177.035400 2076.547119 1217.818726 0.978696
person 265 1053.211548 582.542725 1089.886353 669.125671 0.452609
backpack 244 1306.649902 935.640564 1339.609009 1022.246582 0.557412
kite 242 1492.168823 847.622314 1520.578613 867.485168 0.962071
airplane 236 1578.355835 848.746643 1647.743652 887.851929 0.775582
backpack 219 1581.946899 961.068237 1618.761108 1027.393433 0.472702
traffic light 276 770.359253 561.021179 815.800354 597.455139 0.850900
person 279 1603.828247 951.843689 1639.696411 1088.536133 0.463306
chair 227 2161.534912 466.894348 2263.419922 525.319946 0.822003
