82241341145
airplane 1 2119.576416 1249.450806 2242.596191 1298.677734 0.280768
airplane 282 1578.376831 821.511475 1647.557617 887.011414 0.328997
airplane 182 2153.856934 678.798645 2269.366211 710.248535 0.488198
person 278 1578.786865 928.538452 1649.319946 1110.546997 0.789794
kite 183 1539.997070 784.277405 1572.669556 801.465515 0.398647
airplane 281 1437.312012 787.191223 1533.447876 823.473938 0.312508
person 11 1037.940552 555.076294 1077.804565 629.578552 0.294410
person 277 991.310120 568.517090 1027.551392 661.904663 0.315136
person 188 1326.213623 896.931580 1385.649902 1065.510864 0.819969
frisbee 179 2006.644043 1177.050415 2076.504150 1217.833740 0.978463
bicycle 259 1055.308472 616.773315 1088.983521 681.700745 0.454879
person 280 1904.053345 467.074585 1937.355835 514.674500 0.645160
person 265 1053.021606 583.636475 1089.696411 670.219421 0.488344
backpack 244 1308.478394 934.954102 1341.437500 1021.560059 0.574032
kite 242 1492.204346 847.669373 1520.614136 867.532227 0.971352
airplane 236 1578.291504 848.864380 1647.679321 887.969666 0.751406
backpack 219 1584.392334 960.442566 1621.206543 1026.767822 0.471711
traffic light 276 770.425781 560.967773 815.866882 597.401733 0.838761
person 279 1606.993164 953.381531 1642.861328 1090.073975 0.485898
chair 227 2161.563965 466.867950 2263.448975 525.293518 0.818507
