82341341145
airplane 1 2119.860840 1249.484253 2242.925293 1298.681763 0.274949
airplane 182 2153.791260 678.706055 2269.383545 710.284790 0.485406
person 280 1912.178711 466.790405 1939.072021 514.323608 0.266863
person 278 1592.679199 923.514343 1651.364502 1107.765015 0.742990
kite 183 1540.005005 784.309204 1572.667480 801.460815 0.382887
airplane 281 1437.493896 787.418884 1533.433228 823.497192 0.267320
person 11 1038.352417 555.085571 1077.852783 629.973145 0.323813
person 277 992.490784 569.714478 1034.828125 661.005981 0.326872
person 188 1327.878784 897.947632 1396.225830 1064.828125 0.861533
bicycle 259 1051.135010 614.026550 1082.296021 680.681274 0.483679
airplane 282 1578.583618 821.392273 1647.773926 886.973145 0.953412
person 265 1052.865601 584.362183 1089.540405 670.945129 0.470360
backpack 244 1313.480225 933.386169 1346.439331 1019.992188 0.599164
frisbee 179 2006.517212 1176.843872 2076.574707 1217.280640 0.984145
kite 242 1492.242676 847.724304 1520.652466 867.587158 0.966749
airplane 236 1578.000366 849.123230 1647.388184 888.228516 0.722365
backpack 219 1590.384033 958.251831 1627.198242 1024.577026 0.505806
traffic light 276 770.632629 560.932678 816.073730 597.366638 0.838943
person 279 1616.593628 961.198059 1652.461792 1097.890503 0.361238
chair 227 2161.631348 466.749939 2263.516357 525.175537 0.810030
