82374348958
airplane 1 2119.919434 1249.536499 2242.934082 1298.721558 0.266125
airplane 282 1578.446167 821.405762 1647.508423 887.037109 0.271906
airplane 182 2153.774658 678.706177 2269.381836 710.299744 0.483478
kite 183 1540.001831 784.309937 1572.666748 801.468872 0.428038
airplane 281 1437.490845 787.664856 1533.429932 823.489258 0.258964
bicycle 259 1049.700439 618.365234 1080.976807 682.477234 0.395427
person 277 994.960815 571.647583 1037.090332 660.402771 0.304210
person 11 1038.754761 554.853394 1077.848022 628.723633 0.324738
person 188 1328.461914 898.215698 1398.584839 1064.564697 0.867369
person 278 1593.710815 923.425049 1652.396118 1107.675659 0.463375
person 265 1052.320190 584.732910 1088.994995 671.315857 0.376617
backpack 244 1313.834229 931.654236 1346.793335 1018.260254 0.575565
frisbee 179 2006.397583 1176.894287 2076.455078 1217.331055 0.969686
kite 242 1492.238403 847.729980 1520.648193 867.592834 0.975257
airplane 236 1577.862305 849.156372 1647.250122 888.261658 0.721367
backpack 219 1592.646240 957.420349 1629.460449 1023.745544 0.479233
person 280 1911.503296 467.342255 1938.396606 514.875427 0.503827
traffic light 276 770.664551 560.921143 816.105652 597.355103 0.847974
person 279 1619.284790 963.760254 1655.152954 1100.452759 0.430939
chair 227 2161.573486 466.706757 2263.458496 525.132324 0.786784
