82407356770
airplane 282 1578.438843 821.448486 1647.453979 887.109680 0.284110
airplane 1 2119.981689 1249.549683 2242.954102 1298.738647 0.294137
airplane 182 2153.769531 678.737549 2269.387695 710.323181 0.486008
person 278 1606.850952 921.382812 1661.441040 1106.820679 0.643008
kite 183 1540.007446 784.310974 1572.673584 801.474915 0.426054
bicycle 259 1048.788208 620.324890 1079.463257 683.104614 0.328817
person 11 1039.291504 554.817444 1078.005859 628.114807 0.415687
person 265 1048.378418 582.890991 1085.958618 665.486816 0.429771
person 188 1328.569946 898.097412 1399.760254 1064.563477 0.878126
person 277 995.414856 572.245056 1037.544312 661.000244 0.423299
backpack 244 1317.616577 931.632874 1350.575684 1018.238892 0.552712
frisbee 179 2006.287476 1176.921509 2076.344971 1217.358276 0.967028
kite 242 1492.247192 847.724365 1520.656982 867.587219 0.964674
airplane 236 1577.781372 849.289307 1647.169189 888.394592 0.725536
backpack 219 1594.816284 956.562439 1631.630493 1022.887634 0.454911
person 280 1910.596680 466.738770 1937.489990 514.271973 0.464589
traffic light 276 770.699036 560.897766 816.140137 597.331726 0.847534
person 279 1622.500610 966.070984 1658.368774 1102.763428 0.327223
chair 227 2161.449951 466.619629 2263.334961 525.045227 0.795103
airplane 281 1437.614502 787.733582 1533.553589 823.557983 1.008852
