83140364583
chair 227 2163.571289 466.964020 2264.085938 525.276123 0.341027
surfboard 288 1671.261597 865.644531 1709.582031 887.918701 0.296981
frisbee 179 2006.654053 1176.544434 2076.952637 1217.005737 0.370124
backpack 219 1653.314819 932.107605 1687.776123 998.256531 0.343419
airplane 182 2153.713623 677.838013 2269.200439 710.342834 0.434613
airplane 1 2120.167969 1249.205200 2242.459229 1298.684204 0.450308
person 278 1665.073486 902.970825 1723.732300 1079.744141 0.635464
person 280 1934.905029 467.394989 1964.004395 520.709717 0.646323
kite 242 1492.285278 847.037537 1520.785767 867.163879 0.255078
kite 183 1540.425903 783.988281 1572.670654 801.104065 0.633147
suitcase 286 1299.826172 956.207153 1349.928589 1023.250549 0.277388
backpack 244 1377.736328 911.578979 1420.827148 979.311829 0.740679
bicycle 259 1032.940552 630.699158 1068.133179 691.725220 0.329356
person 285 1044.301025 553.435181 1077.107178 602.107727 0.284101
person 265 1033.484253 595.018433 1071.000854 678.512939 0.451252
person 188 1385.356689 886.017334 1444.938354 1058.166504 0.773746
airplane 236 1577.482300 845.671082 1646.842896 910.703186 0.627190
person 277 1013.986511 590.102295 1043.082642 669.145142 0.272775
airplane 282 1578.698975 820.817810 1647.993652 887.112183 0.948944
person 11 1046.385620 556.857178 1085.099976 630.154541 0.655951
person 284 1043.988159 573.732422 1071.333374 657.349548 0.493925
traffic light 276 768.961365 562.700745 814.654541 597.041321 0.834568
airplane 281 1438.970459 788.649170 1534.909546 824.473633 0.636197
