83606315104
airplane 236 1578.030396 846.590393 1647.244385 916.642944 0.280707
airplane 182 2153.775879 679.602905 2268.998535 709.605896 0.419751
airplane 1 2119.476562 1248.761230 2242.751221 1298.719727 0.490594
person 280 1948.921021 467.225067 1974.426514 523.235840 0.468008
person 278 1697.238281 896.217590 1774.145874 1067.475830 0.471180
kite 183 1540.151611 784.064636 1572.842896 801.300415 0.481704
backpack 244 1422.850952 912.397400 1463.375488 974.118408 0.439308
bicycle 259 1015.870300 638.212769 1049.257568 696.548401 0.271116
person 188 1416.613892 885.157227 1511.870239 1046.727295 0.878409
airplane 282 1578.858154 821.061584 1648.152832 887.355957 0.963466
person 11 1043.454956 555.498169 1082.169312 628.795532 0.764132
person 277 1020.448303 599.763977 1053.602173 675.225769 0.285614
person 284 1059.913208 584.144043 1087.258423 667.761230 0.471983
backpack 219 1700.548706 920.631287 1732.519653 983.761292 0.353135
traffic light 276 768.812866 562.809937 814.506042 597.150513 0.805337
airplane 281 1438.169312 788.609253 1534.108398 824.433716 0.694927
person 285 1045.901978 555.480774 1078.274780 594.012817 0.646721
surfboard 288 1671.091187 865.965454 1709.411621 888.239624 1.014235
frisbee 179 2006.027344 1176.962524 2076.396240 1217.460449 0.944125
chair 227 2166.341797 466.661194 2265.607178 524.807861 0.643612
