83772330729
backpack 219 1717.535522 913.725464 1749.756958 977.263428 0.279111
airplane 182 2153.753418 679.414429 2268.853516 709.573792 0.343858
airplane 1 2119.264648 1249.098511 2242.617188 1298.773193 0.530584
person 280 1951.601196 467.118713 1975.180786 523.208679 0.402565
person 278 1727.069824 890.455139 1776.255981 1059.066040 0.758813
kite 183 1540.050415 784.096985 1572.683350 801.218689 0.665158
backpack 244 1445.344238 904.213135 1487.698242 969.728455 0.396416
traffic light 276 769.365356 562.460938 814.807190 597.273499 0.252046
bicycle 259 1006.696228 643.308533 1042.680664 699.949402 0.631587
person 277 1011.611572 611.962769 1047.669678 680.552002 0.303204
person 188 1439.524048 880.371521 1520.486206 1040.822021 0.877328
boat 289 1601.167480 821.288818 1636.314819 841.121094 1.000000
person 11 1046.168823 554.513672 1082.411987 626.995056 0.645977
airplane 236 1578.122192 847.208435 1647.117798 904.499329 0.685202
airplane 281 1438.333740 788.635498 1534.272827 824.459961 0.624498
person 285 1048.393066 557.059448 1080.765869 595.591492 0.861180
airplane 282 1579.254639 827.091125 1648.272827 880.764771 0.831859
surfboard 288 1670.982910 865.978760 1709.303345 888.252930 0.953462
frisbee 179 2006.058960 1177.064941 2076.427734 1217.562866 0.945921
chair 227 2163.742432 472.709167 2263.007812 530.855835 0.537675
