83906315104
airplane 236 1578.260986 847.085266 1646.886963 892.224731 0.256774
airplane 182 2153.831299 679.093994 2268.686035 709.577881 0.332629
airplane 1 2119.159668 1249.480957 2242.410400 1298.732788 0.540659
person 278 1731.842041 890.606445 1796.931763 1062.086304 0.746876
kite 183 1540.091309 784.143005 1572.529297 801.131165 0.631659
backpack 244 1458.114502 898.504761 1501.216553 964.086487 0.547688
traffic light 276 769.680359 566.335266 801.668518 595.946899 0.254677
bicycle 259 994.099365 643.849365 1035.516357 705.080078 0.279372
person 290 1084.233276 567.452026 1119.528076 649.937622 0.326654
person 188 1470.499756 876.251221 1528.752563 1039.479736 0.735785
person 11 1045.453857 554.104065 1082.565430 631.433472 0.603450
airplane 281 1438.717407 788.548645 1534.656494 824.373047 0.664202
person 285 1048.491821 557.093018 1080.864624 595.625061 0.858003
backpack 219 1729.488159 910.161987 1761.115967 973.003113 0.407663
airplane 282 1579.892944 825.977722 1648.911133 879.651367 0.927140
surfboard 288 1670.823364 865.924622 1709.143799 888.198792 0.974010
frisbee 179 2006.291626 1177.078613 2076.660400 1217.576538 0.952721
chair 227 2160.964600 477.154755 2260.229980 535.301453 0.494380
