84039322916
airplane 236 1578.707153 848.344543 1643.848511 886.694519 0.282465
airplane 182 2153.800293 678.984680 2268.642334 709.580200 0.324975
airplane 1 2119.168701 1249.494873 2242.449951 1298.699097 0.545423
person 278 1738.642944 888.772705 1816.423584 1062.531128 0.536272
kite 183 1539.937134 784.345581 1572.562134 801.319763 0.641239
backpack 244 1473.239746 896.856140 1515.145508 962.544128 0.483506
traffic light 276 770.641479 567.441162 797.098816 595.044006 0.251134
person 188 1487.774170 873.388977 1548.870728 1038.498413 0.846191
person 285 1048.023926 557.777405 1080.396729 596.309448 0.862397
bicycle 259 990.388367 647.911926 1028.539551 705.709595 0.457442
backpack 219 1742.562622 908.445251 1774.190430 971.286377 0.500473
airplane 281 1437.681885 787.777466 1534.004150 823.566589 0.976703
person 290 1089.948730 565.174194 1129.183838 651.511230 0.537419
airplane 282 1580.239502 825.849731 1649.257690 879.523376 0.909839
surfboard 288 1670.842163 865.961914 1709.162598 888.236084 0.979433
frisbee 179 2006.384033 1177.120117 2076.752930 1217.618042 0.948839
person 11 1044.652588 554.560852 1081.933472 635.489319 0.661429
chair 227 2164.162109 473.372009 2263.427490 531.518677 0.480400
