84372330729
surfboard 288 1671.274902 865.428711 1709.325684 887.919189 0.370272
backpack 219 1773.236450 891.440186 1810.462402 960.214233 0.468248
airplane 236 1578.426758 847.811157 1647.803833 887.071960 0.399979
airplane 1 2120.221924 1249.398438 2242.214600 1298.753052 0.591812
person 278 1775.287109 869.795105 1834.751831 1046.955322 0.755782
kite 183 1539.713257 784.430115 1572.699829 801.456177 0.702592
backpack 244 1512.481812 885.546997 1548.883057 948.077087 0.430101
bicycle 291 1049.669434 578.796875 1073.979736 635.437622 0.350946
bicycle 259 950.849060 650.618408 1006.247253 717.268311 0.704138
person 285 1042.320679 557.344299 1077.693726 605.752991 0.279887
person 290 1116.748047 562.423889 1154.130615 647.304810 0.362978
person 188 1519.401611 859.720825 1586.263306 1024.774658 0.774860
traffic light 276 771.734131 563.265442 810.224670 594.941589 0.594307
frisbee 179 2006.463623 1177.111938 2076.832520 1217.609863 0.897122
airplane 182 2134.655762 674.926025 2249.687012 705.539368 0.715150
airplane 281 1437.845947 787.053711 1534.546631 822.839539 0.912669
person 11 1044.701172 552.509949 1081.982056 633.438416 0.434620
chair 227 2161.524170 467.999420 2260.789551 526.146118 0.735164
