84405338541
surfboard 288 1671.294922 865.351501 1709.304932 887.881165 0.274539
backpack 219 1775.669189 891.712402 1813.247803 958.525085 0.676623
airplane 236 1578.371094 847.768188 1647.867554 886.996826 0.346270
airplane 1 2120.206299 1249.400146 2242.213623 1298.752930 0.607674
person 278 1779.991211 866.045593 1835.749756 1042.310669 0.770117
kite 183 1539.723755 784.430298 1572.708984 801.456848 0.702323
backpack 244 1515.859009 884.632996 1550.630615 946.016479 0.599147
traffic light 276 771.279358 562.714905 812.483215 595.241150 0.253129
bicycle 291 1049.282227 579.207947 1073.962891 635.295410 0.362953
bicycle 259 946.411499 648.817566 1010.894897 718.777832 0.434618
person 290 1118.622681 560.508057 1151.012939 644.882507 0.271239
person 285 1042.336792 557.858337 1077.858398 605.396423 0.274006
person 188 1527.411255 858.080933 1586.215454 1022.358154 0.783416
frisbee 179 2006.460693 1177.103882 2076.829590 1217.601807 0.898599
airplane 182 2140.800781 677.118835 2255.832031 707.732178 0.644805
airplane 281 1438.140625 786.923523 1534.841309 822.709351 0.869531
person 11 1041.153809 555.637329 1078.434692 636.565796 0.799741
chair 227 2161.403809 467.796600 2260.669189 525.943298 0.760265
