84505338541
airplane 1 2121.190430 1249.215210 2243.176025 1298.696289 0.352470
airplane 182 2152.571777 679.706787 2267.591553 709.017456 0.382056
person 278 1788.943604 862.308411 1845.590576 1036.965820 0.310768
kite 183 1540.264648 784.231140 1572.798828 801.214539 0.681713
backpack 244 1526.508423 882.307129 1565.184692 941.184692 0.598245
traffic light 276 770.651001 564.825195 807.153992 595.836853 0.250385
airplane 281 1437.409180 786.469238 1534.271973 823.154358 0.311459
bicycle 291 1047.955566 580.604858 1074.355469 635.857727 0.334170
bicycle 259 934.545044 649.209656 1005.421082 720.750793 0.408008
person 188 1542.037354 855.577820 1586.531860 1015.792725 0.750903
surfboard 288 1671.192139 865.383179 1709.436401 887.859863 0.873484
frisbee 179 2006.279541 1176.813843 2076.539062 1217.109863 0.949081
person 285 1041.220215 558.276855 1076.741821 605.814941 0.854886
person 290 1124.135620 560.382446 1156.525879 644.756897 0.507079
backpack 219 1783.090698 891.618042 1816.741211 955.280029 0.489326
person 11 1040.105591 555.743530 1077.386475 636.671997 0.685192
chair 227 2162.019531 467.735413 2261.284912 525.882080 0.769638
airplane 236 1581.101685 848.201477 1641.415039 881.932983 0.550172
