84538346354
surfboard 288 1671.150024 865.227600 1709.492920 887.871155 0.444239
airplane 1 2121.265381 1249.190552 2243.241943 1298.685669 0.345309
airplane 182 2153.377930 680.070190 2268.395020 709.230713 0.369138
person 278 1789.715210 861.955261 1858.031738 1035.604126 0.552735
kite 183 1540.312500 784.205627 1572.808838 801.195923 0.679413
backpack 244 1529.854126 880.828979 1572.751099 940.833923 0.523701
airplane 281 1437.298218 786.706848 1534.182129 823.181519 0.288749
person 188 1545.574097 855.240906 1586.392578 1014.722168 0.791638
bicycle 259 932.126038 648.260681 1003.002075 719.801819 0.426577
frisbee 179 2006.170776 1176.822388 2076.430420 1217.118408 0.953917
traffic light 276 770.549622 564.807190 807.052612 595.818848 0.695424
bicycle 291 1048.303101 580.812561 1074.703003 636.065430 0.660639
person 285 1040.645630 558.255676 1076.167236 605.793762 0.797050
person 290 1125.586182 560.102234 1157.976440 644.476685 0.524973
backpack 219 1784.651001 891.218567 1818.301514 954.880615 0.517743
person 11 1039.487305 555.871643 1076.768188 636.800110 0.759586
chair 227 2162.094971 467.743835 2261.360352 525.890503 0.793255
airplane 236 1581.241211 849.394592 1641.554565 883.126099 0.542167
