84638346354
surfboard 288 1671.084106 865.105469 1709.597778 887.951721 0.410288
frisbee 179 2006.528320 1176.660278 2076.681396 1216.785889 0.300352
airplane 1 2121.444336 1249.178345 2243.374023 1298.688354 0.329015
airplane 182 2154.012939 680.416321 2269.028076 709.601746 0.361909
person 278 1795.566284 861.075562 1882.494751 1031.952881 0.832534
kite 183 1540.349243 784.228271 1572.835449 801.193359 0.630044
backpack 244 1539.960083 874.725464 1580.631836 939.306274 0.383178
traffic light 276 770.563110 562.534241 813.701660 596.653992 0.339538
airplane 281 1437.132568 787.136230 1533.929565 823.306580 0.316060
bicycle 292 914.548401 660.424927 954.607361 724.334167 0.292946
bicycle 291 1047.635010 582.069336 1074.557739 636.269409 0.404436
bicycle 259 916.876343 654.074219 997.255371 723.838745 0.675147
person 188 1551.638916 855.277588 1586.236816 1014.062012 0.728614
person 285 1037.742432 558.322693 1073.264038 605.860779 0.798662
skis 293 1107.254028 626.736755 1164.030029 665.632874 0.665405
person 290 1130.434692 562.682068 1162.824951 647.056519 0.572570
person 294 1578.086304 865.723145 1635.246704 999.713074 1.000000
backpack 219 1791.954712 890.202332 1825.605225 953.864380 0.408685
person 11 1036.865845 556.519104 1074.146729 637.447571 0.712908
chair 227 2162.063965 467.817261 2261.329346 525.963989 0.773737
airplane 236 1582.799194 850.107178 1643.112549 883.838745 0.609891
