84738346354
surfboard 288 1671.088013 865.184937 1709.574951 887.916565 0.411156
airplane 1 2121.485352 1249.236450 2243.373535 1298.689209 0.328688
airplane 182 2154.002197 680.476135 2269.021973 709.614624 0.339966
person 278 1802.719971 859.170898 1889.510132 1024.989258 0.795243
person 294 1580.467773 856.709473 1642.057007 1000.710938 0.858277
kite 183 1540.361084 784.291870 1572.789795 801.193726 0.525718
backpack 244 1553.116333 875.967224 1586.411255 938.166443 0.662020
traffic light 276 770.471680 562.015076 814.993652 596.782104 0.368414
airplane 281 1437.099976 787.993347 1533.806274 823.337280 0.269670
bicycle 291 1047.704468 583.036865 1074.795898 636.429443 0.290690
bicycle 259 903.801941 657.657227 988.746277 726.770630 0.718860
backpack 219 1803.846191 888.151123 1837.496704 951.813110 0.422367
person 295 1551.989746 876.280701 1582.655396 1011.968872 1.000000
bicycle 292 905.217712 661.131714 945.991699 723.808594 0.565338
person 11 1035.547852 557.232117 1072.828735 638.160583 0.685877
person 290 1134.019043 557.067871 1173.026123 645.372253 0.255230
skis 293 1109.032593 627.890076 1165.838867 666.496643 0.563436
frisbee 179 2006.305298 1176.742188 2076.447754 1216.853882 0.966527
chair 227 2162.116943 467.918457 2261.382324 526.065186 0.758511
person 188 1562.196777 860.479980 1594.922607 1013.529297 0.592755
airplane 236 1583.786621 849.545837 1644.099976 883.277344 0.474524
