85104361979
frisbee 179 2006.581299 1176.766113 2076.700195 1217.198120 0.340110
backpack 219 1839.103149 876.345276 1874.363525 938.441406 0.567802
backpack 244 1598.150391 862.156616 1641.268066 922.598633 0.607570
airplane 1 2119.880859 1249.133423 2242.118164 1298.672485 0.473316
airplane 182 2153.570801 678.676697 2269.244629 710.221313 0.516067
person 297 2000.079834 466.927429 2026.293091 530.668823 0.739888
person 278 1840.603882 853.502014 1899.240112 1020.915649 0.764007
person 294 1611.478027 838.288574 1665.495117 998.045105 0.785241
kite 183 1540.485962 784.183655 1572.642090 801.458435 0.369917
skis 298 1147.228760 618.626099 1206.252563 656.343018 0.419183
bicycle 259 855.371460 672.255127 946.046082 740.856567 0.806446
person 290 1161.181885 551.119873 1201.241333 640.328857 0.511379
chair 227 2161.831787 470.200348 2261.097168 528.347046 0.530105
motorcycle 299 1070.112061 546.999939 1094.582764 571.097778 1.000000
person 300 876.709839 650.413391 916.967468 727.409546 1.000000
skis 293 1107.957520 628.295288 1165.533691 667.258484 0.641438
traffic light 276 771.082031 566.670288 796.789490 594.719360 0.657896
person 11 1038.056885 560.326416 1076.910767 638.118469 0.722660
person 188 1613.481567 841.505249 1646.207397 994.554565 0.572048
motorcycle 296 1036.244507 569.946045 1073.739746 637.180481 0.573072
airplane 236 1581.729858 851.579956 1642.043213 885.311523 0.559887
bicycle 291 1059.092896 591.530396 1086.184326 644.922974 0.564748
