85271354166
chair 227 2161.422363 468.628845 2260.025146 527.090393 0.277458
frisbee 179 2006.876709 1176.681763 2076.959717 1217.403809 0.411403
backpack 244 1616.235596 858.448303 1658.067993 921.801575 0.599073
backpack 219 1850.846924 873.937561 1888.742432 938.787720 0.640826
airplane 1 2120.336182 1248.679199 2242.607910 1298.716797 0.492698
airplane 182 2153.683594 679.340820 2268.781006 710.343750 0.508342
person 297 2001.759521 467.498169 2031.448364 534.264282 0.634291
person 278 1856.658691 846.389038 1925.118164 1019.718567 0.849206
person 294 1619.630859 836.147461 1692.494385 997.223083 0.889678
kite 183 1540.170288 784.577271 1572.828247 801.516418 0.364386
skis 293 1105.720215 625.938416 1163.752197 666.280457 0.506514
skis 298 1148.465088 617.210510 1209.644653 657.675049 0.601149
traffic light 276 771.373169 568.811218 796.414978 594.931519 0.277571
motorcycle 299 1075.103638 547.880920 1098.717041 573.844360 0.407239
bicycle 259 832.141602 674.894104 925.445801 745.374756 0.365727
person 300 857.171143 645.513855 900.203064 731.668274 0.581743
person 290 1169.682129 548.708069 1209.986694 639.208923 0.596504
person 11 1039.157104 560.179260 1078.010986 637.971313 0.370700
person 188 1633.488647 834.891113 1666.214478 987.940430 0.565628
motorcycle 296 1042.124268 569.504944 1079.619507 636.739380 0.526568
airplane 236 1581.506714 851.707031 1641.820068 885.438599 0.566973
bicycle 291 1058.772095 597.757996 1085.863525 651.150574 0.523414
