85304361979
chair 227 2161.739746 468.083740 2260.207031 526.551208 0.268407
frisbee 179 2006.880249 1176.668701 2076.961426 1217.414673 0.394596
backpack 219 1854.110352 874.178101 1890.484863 939.276062 0.388137
backpack 244 1620.564697 857.372314 1663.421387 921.324158 0.696284
airplane 1 2120.268799 1248.740479 2242.429199 1298.720947 0.472025
airplane 182 2153.666748 679.367676 2268.740479 710.343323 0.519281
person 297 2003.146606 467.386902 2032.808105 534.207764 0.641138
person 278 1857.663940 847.141418 1929.605957 1020.272400 0.850318
person 294 1621.387085 834.908264 1697.430908 996.471191 0.870633
kite 183 1540.156250 784.588257 1572.833130 801.514648 0.364947
skis 298 1148.644043 617.371826 1209.724609 657.323242 0.256741
traffic light 276 771.360596 569.699097 796.010437 594.749084 0.269000
motorcycle 299 1074.930054 547.775940 1099.188477 574.181885 0.514938
person 290 1174.214966 548.215393 1214.703125 639.234131 0.586854
skis 293 1105.631714 625.920105 1163.663696 666.262146 0.658433
person 11 1039.311279 560.258057 1078.165161 638.050110 0.315340
person 300 853.868591 645.919861 896.900513 732.074280 0.650721
bicycle 259 828.567993 675.709778 921.872192 746.190430 0.651271
person 188 1637.713501 834.507202 1670.439331 987.556519 0.544261
motorcycle 296 1042.862061 569.801147 1080.357300 637.035583 0.558056
airplane 236 1581.438965 851.772461 1641.752319 885.504028 0.570583
bicycle 291 1061.349243 598.055176 1088.440674 651.447754 0.557598
