85704361979
frisbee 179 2007.293701 1176.745605 2076.998779 1216.985229 0.426550
backpack 244 1661.137329 841.206421 1707.499512 903.201477 0.517013
airplane 236 1579.146240 848.864380 1645.390991 907.960999 0.263149
airplane 182 2153.359131 679.114990 2269.156250 709.867920 0.494847
airplane 1 2120.027100 1250.295410 2242.204102 1298.756470 0.633929
person 297 2013.347412 467.122864 2040.257812 537.555054 0.665945
person 278 1891.088135 831.358826 1946.142090 999.345520 0.693222
person 294 1675.769165 818.160645 1746.284302 977.346680 0.896717
kite 183 1540.099976 784.139832 1572.783447 801.185730 0.416480
motorcycle 296 1049.749390 577.933899 1084.885986 641.832947 0.438617
motorcycle 299 1080.737061 548.080078 1111.453735 580.553894 0.724333
person 11 1045.695679 562.646179 1083.791382 635.004822 0.437799
person 290 1197.627075 548.534180 1234.295410 630.889587 0.847731
backpack 219 1887.175537 857.812622 1923.023071 920.338928 0.587270
chair 227 2164.007324 466.958710 2262.370605 525.279602 0.688735
bicycle 259 773.808594 691.750732 868.201355 762.506470 0.542755
person 188 1673.861328 819.276550 1714.686279 975.674377 0.528394
traffic light 276 771.408264 567.922668 796.574768 595.277771 0.698645
bicycle 291 1056.384766 601.679138 1083.476074 655.071716 0.559854
