85937304687
chair 227 2155.394775 466.990570 2260.482178 525.654724 0.277944
frisbee 179 2006.551636 1176.790283 2077.052490 1217.058350 0.287386
backpack 244 1690.512451 837.253174 1730.272217 898.637695 0.506767
backpack 219 1906.572266 855.783813 1939.478516 915.324402 0.570232
airplane 182 2153.026123 678.988220 2269.687012 709.938232 0.330853
airplane 1 2121.145508 1250.116577 2242.257812 1298.741821 0.359514
airplane 301 1578.274780 848.328064 1623.615479 873.056702 0.362646
airplane 236 1577.825684 846.865540 1646.340088 916.401367 0.614175
person 297 2018.527100 467.541565 2050.259033 538.789001 0.707321
person 278 1910.787231 829.406616 1986.255981 996.074463 0.826047
person 294 1682.214111 814.779602 1771.800293 974.304626 0.882024
cup 302 1463.959229 1062.796021 1539.266602 1177.126099 0.344023
motorcycle 296 1051.147827 577.641296 1087.902466 640.654419 0.474361
motorcycle 299 1086.813721 548.109802 1115.901978 586.395020 0.695734
bicycle 259 748.184387 695.188293 826.747192 767.144958 0.288929
person 290 1216.822021 547.827393 1255.404297 628.280701 0.298222
person 11 1048.451660 563.070312 1089.464233 636.369080 0.694212
kite 183 1539.848755 784.379822 1572.532104 801.426270 0.960731
person 188 1701.385742 819.002075 1742.210693 975.399902 0.458737
traffic light 276 771.828552 567.783264 796.995056 595.138367 0.672255
bicycle 291 1060.084229 600.418762 1087.175537 653.811340 0.603266
