8423307291
chair 43 2163.266113 467.241272 2260.782715 525.656128 0.348610
bus 40 1754.848389 691.457581 2402.098145 1096.875122 0.622648
airplane 1 2120.093262 1249.172119 2242.223877 1298.680420 0.502196
person 34 1834.433472 467.052490 1854.650146 502.799530 0.274245
person 41 1734.028442 482.433716 1761.772827 550.301758 0.382473
traffic light 18 770.887512 569.332642 796.098511 595.973938 0.363574
truck 42 1148.212402 579.585754 1585.032715 981.538391 0.577683
person 11 1043.594482 558.924866 1074.587158 628.485657 0.567066
person 7 894.595825 592.864929 924.665527 670.436279 0.793133
frisbee 38 2006.229858 1176.992188 2076.778564 1217.242432 0.989731
person 4 2004.644653 466.805328 2033.081787 517.257751 0.536685
bus 24 1054.871094 602.266113 1584.404297 973.488892 0.575292
