86103320312
backpack 244 1709.149902 826.628113 1754.832153 889.054382 0.504893
backpack 219 1924.405029 852.794373 1954.305176 910.982666 0.765567
airplane 236 1577.402588 847.239502 1646.041626 916.649597 0.271761
airplane 301 1578.184326 848.086365 1623.688232 872.971741 0.307353
airplane 1 2121.273438 1249.948364 2242.390869 1298.699585 0.445558
airplane 182 2153.231934 678.656189 2269.302734 709.909607 0.549040
person 297 2022.862305 467.665863 2053.011963 540.081604 0.713210
person 188 1720.701904 808.188477 1766.894287 964.683044 0.831244
person 278 1913.784546 826.655762 1999.650024 993.846008 0.877618
kite 183 1539.930908 784.522522 1572.738159 801.470337 0.318441
traffic light 276 771.418762 565.454285 805.676086 595.676147 0.341727
motorcycle 296 1054.516968 580.723145 1090.065552 642.510498 0.391852
motorcycle 299 1089.727417 548.102051 1118.981323 589.050781 0.788285
person 290 1224.961060 546.521423 1263.049438 624.840515 0.330002
person 11 1051.483276 563.836426 1091.743164 641.224060 0.717252
bicycle 291 1061.565063 602.281860 1088.656494 655.674438 0.541088
person 294 1708.241089 807.653931 1777.334229 963.022339 0.530142
frisbee 179 2006.420532 1176.851562 2077.091309 1217.103394 0.978571
cup 302 1463.790894 1062.883423 1538.843628 1177.436768 0.849821
