86203320312
backpack 219 1934.367432 847.864380 1963.580200 904.943970 0.558010
backpack 244 1718.440918 823.781799 1767.464844 885.958496 0.597346
airplane 301 1578.088257 847.819458 1623.573242 872.941711 0.320263
airplane 1 2121.454102 1249.759277 2242.844971 1298.679932 0.455012
airplane 182 2153.547363 678.223450 2269.113770 709.871521 0.554598
person 278 1927.482178 821.399841 2001.489502 986.467773 0.682442
person 188 1735.626343 802.946899 1781.050293 960.767029 0.760752
person 297 2026.524292 467.545288 2057.439941 540.551758 0.764225
kite 183 1539.953613 784.615784 1572.872070 801.477966 0.315877
traffic light 276 770.369019 563.493591 812.507263 596.308838 0.309174
motorcycle 296 1054.958374 581.753784 1090.922241 643.575134 0.268904
motorcycle 299 1091.081665 548.445862 1120.545654 590.697754 0.781686
person 290 1227.691895 546.843018 1267.675781 624.419495 0.255933
person 11 1051.982544 563.778259 1091.961670 641.515808 0.687203
bicycle 291 1063.542114 599.824951 1090.633545 653.217529 0.609804
person 294 1716.423218 806.162354 1785.516357 961.530762 0.463073
frisbee 179 2006.277222 1176.952515 2076.947998 1217.204346 0.979162
cup 302 1463.410767 1063.097900 1538.463501 1177.651245 0.834553
airplane 236 1577.937134 847.233215 1646.562012 911.922485 0.723883
