665364583
airplane 17 2262.150635 718.791382 2418.774170 863.652954 0.262177
airplane 2 2153.284424 679.963257 2268.854492 710.610901 0.554536
airplane 1 2119.471436 1249.594116 2241.933594 1298.682373 0.589660
person 4 2345.547852 486.186554 2370.293213 556.601074 0.551863
person 5 2156.166016 467.004242 2198.253906 540.747498 0.667596
kite 14 1540.078369 784.187378 1572.674805 800.856567 0.354553
motorcycle 16 1025.095825 550.086365 1049.620239 602.288330 0.291056
person 11 1026.140747 549.443970 1050.547241 592.098145 0.310692
person 8 1024.831665 703.619080 1072.418213 774.193848 0.479869
person 7 847.848389 556.326782 865.463318 616.757935 0.673736
motorcycle 10 1006.865356 718.920105 1122.459473 825.370178 0.345092
person 12 1163.170410 559.916809 1215.337280 655.544006 1.002486
airplane 9 1577.757080 848.827576 1646.756714 893.559509 0.620874
skis 15 1458.234375 546.593933 1577.576172 585.163879 0.777563
