86370312500
backpack 219 1946.786987 843.626709 1981.427246 904.005737 0.333209
backpack 244 1735.570435 823.407288 1779.507202 885.765137 0.659542
airplane 301 1578.207153 847.628906 1623.557617 872.975952 0.348644
airplane 1 2120.910400 1249.665649 2242.742188 1298.692871 0.450851
airplane 182 2153.511475 678.074402 2268.753174 709.930359 0.532654
person 278 1955.764526 817.974792 2007.466309 959.693481 0.724210
person 297 2029.735596 467.463837 2061.538818 541.120056 0.745833
person 294 1740.276733 800.737366 1808.576294 959.032959 0.841842
kite 183 1539.964844 784.643921 1572.909302 801.483765 0.317836
traffic light 276 769.880188 563.056030 814.187744 596.814758 0.339947
motorcycle 299 1094.030151 548.609436 1122.260620 593.844177 0.617337
bicycle 291 1060.405396 589.856262 1092.889038 648.140198 0.311848
person 11 1053.833252 564.426086 1093.168579 641.262878 0.661865
person 303 1094.027954 547.067871 1121.517700 582.134583 0.780457
frisbee 179 2006.155029 1177.032959 2076.825684 1217.284790 0.967867
cup 302 1463.259888 1063.071533 1538.312622 1177.624878 0.820606
motorcycle 296 1055.282837 580.547791 1091.693115 642.892029 0.565872
person 188 1746.279053 800.934082 1798.189575 959.814758 0.843461
airplane 236 1579.191650 846.916748 1647.816528 911.606018 0.676805
