86469335937
frisbee 179 2006.531372 1176.710693 2076.865967 1216.899292 0.277907
backpack 219 1955.335938 842.177734 1998.205322 907.305847 0.629941
backpack 244 1747.202515 821.096863 1787.790527 882.814636 0.665116
airplane 1 2120.690430 1249.612061 2242.166748 1298.681885 0.424269
person 278 1966.761719 815.631287 2015.022949 976.483521 0.731794
person 297 2031.457275 467.366730 2064.078125 542.147888 0.788301
person 294 1744.937744 796.738098 1815.649536 958.431946 0.878628
cup 302 1463.959595 1063.039307 1539.202759 1177.448364 0.431140
traffic light 276 769.867615 563.144775 814.184937 596.531616 0.260713
motorcycle 296 1057.660400 579.346924 1094.590576 644.897156 0.434524
motorcycle 299 1095.307373 548.590332 1125.509644 596.641541 0.636956
person 11 1056.455078 565.592285 1094.876221 640.007385 0.636671
person 303 1095.230347 548.029785 1122.724854 583.243652 0.517273
kite 183 1539.995605 784.660583 1572.941040 801.500000 0.948412
person 188 1754.894409 799.942871 1806.804932 958.823547 0.728364
airplane 236 1579.591675 846.552795 1648.216553 911.242065 0.637010
bicycle 291 1060.398804 587.919556 1094.088257 647.420044 0.581334
airplane 182 2153.685547 678.207153 2268.941895 710.138062 0.947552
