86702343750
frisbee 179 2006.688110 1176.679810 2076.884277 1216.817627 0.270833
backpack 219 1975.712646 839.847229 2014.651489 902.700562 0.626551
backpack 244 1768.175537 810.810242 1814.183228 870.288452 0.641339
airplane 1 2120.241455 1249.471191 2241.967529 1298.650635 0.436825
person 297 2038.172729 470.134033 2065.928711 543.863892 0.701047
person 188 1781.630127 785.400391 1830.084717 942.024475 0.797767
person 278 1973.530273 815.480347 2041.548706 982.998657 0.861347
cup 302 1464.110352 1062.985352 1539.440918 1177.324097 0.415473
traffic light 276 769.834839 563.233704 814.104248 596.370911 0.260959
motorcycle 296 1060.667480 581.538635 1096.477173 648.150330 0.518950
motorcycle 299 1096.682861 548.337280 1130.190063 601.360962 0.563955
person 11 1058.893555 566.444031 1097.073730 639.585999 0.420140
kite 183 1540.004395 784.700623 1572.976807 801.511353 0.949855
bicycle 291 1065.867188 593.474243 1099.556641 652.974731 0.556326
airplane 236 1579.707764 850.852295 1648.855591 898.835449 0.628252
airplane 182 2152.975586 679.548157 2268.231934 711.479065 0.712648
person 294 1764.786133 785.684326 1830.959473 948.640869 0.585071
person 303 1094.736938 549.724121 1128.698730 593.064331 0.793989
