86869335937
surfboard 305 1671.047974 865.490051 1709.631348 888.030823 0.576968
frisbee 179 2006.770020 1176.575928 2077.005859 1216.534424 0.577441
backpack 219 1991.204712 836.619202 2024.971924 897.762024 0.520679
backpack 244 1783.348267 809.321777 1829.412354 867.203918 0.721454
airplane 236 1578.468262 848.415344 1647.198364 889.033203 0.300806
airplane 1 2120.075439 1248.958862 2242.478027 1298.642334 0.517400
airplane 182 2153.166260 678.573425 2269.110352 709.969543 0.596699
person 297 2040.460815 471.580963 2067.556396 545.079407 0.683950
person 278 1990.304932 809.369324 2054.800537 976.353638 0.723192
person 294 1789.414673 784.155457 1858.710083 940.533081 0.845279
kite 183 1540.202148 784.264160 1572.923462 800.988098 0.327956
traffic light 276 770.130066 562.054871 815.453308 596.372437 0.281917
motorcycle 299 1099.743408 548.504944 1132.242065 604.210205 0.578135
bicycle 291 1063.268921 582.843140 1098.191406 650.762207 0.259046
person 11 1060.966309 568.965149 1099.169189 639.008362 0.485457
frisbee 304 1831.108765 825.724426 1856.285156 839.727661 0.930962
cup 302 1464.593140 1063.243164 1539.991577 1177.358643 0.928528
person 303 1096.724731 552.918884 1130.686523 596.259094 0.475631
motorcycle 296 1062.901855 583.201904 1097.011230 647.761353 0.559154
person 188 1793.298828 784.345825 1845.445435 939.523438 0.752863
