87868359375
frisbee 179 2006.815796 1176.653076 2076.855957 1216.967651 0.613869
backpack 244 1885.572510 785.049927 1922.558838 841.465942 0.560495
backpack 219 2076.650879 816.023071 2110.248291 878.118958 0.664721
airplane 1 2119.637939 1248.884033 2242.133789 1298.693604 0.377764
airplane 182 2153.309814 678.501404 2268.666260 710.338928 0.487252
person 297 2054.303467 471.769928 2084.661377 549.884888 0.757337
person 278 2080.269287 791.435486 2134.673584 954.636780 0.783743
person 188 1897.405151 761.055725 1944.880493 914.063049 0.805482
kite 183 1540.286255 784.008728 1572.710327 801.341614 0.355319
skis 306 1459.818359 547.293945 1575.354614 594.859558 0.462143
skis 308 1313.045410 589.640503 1390.398193 625.034424 0.583828
traffic light 276 770.998901 566.640930 798.311035 595.173401 0.301397
motorcycle 296 1077.888062 599.458679 1112.168701 665.453186 0.378893
motorcycle 299 1112.502075 567.477417 1139.812500 620.298523 0.666357
person 309 1327.932373 547.375122 1377.723999 606.700562 0.449866
person 11 1071.933228 580.822021 1110.824951 633.260681 0.473743
person 294 1884.639893 763.232422 1944.575195 916.080322 0.609008
person 303 1110.497070 548.446777 1149.039062 598.225830 0.376724
frisbee 304 1931.553955 805.119080 1956.353027 818.264343 0.871720
bicycle 291 1072.950317 596.274963 1112.152100 665.432251 0.844153
cup 302 1464.823853 1062.506958 1540.305786 1176.331177 0.844041
airplane 236 1578.268799 847.922974 1647.406860 887.337463 0.864862
