88001302083
frisbee 304 1947.053711 804.022034 1972.983154 816.677124 0.355450
frisbee 179 2006.790527 1176.640259 2076.858398 1216.957520 0.622548
backpack 219 2088.614990 814.282959 2125.824463 875.478027 0.562327
backpack 244 1898.768311 785.848633 1934.723267 840.748230 0.573278
airplane 1 2119.578613 1248.820190 2242.056885 1298.697388 0.345526
airplane 182 2153.329102 678.353333 2268.900391 710.239075 0.488704
person 297 2055.051270 471.946960 2084.787109 551.064941 0.737016
person 278 2082.896484 790.961243 2151.002930 954.084106 0.833417
person 294 1901.182617 761.973633 1971.731934 914.705017 0.887688
kite 183 1540.099854 783.917297 1572.694580 801.553772 0.343433
skis 306 1459.692993 547.219604 1574.639526 594.005676 0.438395
skis 308 1310.130493 587.336060 1391.843994 625.748352 0.462524
traffic light 276 771.374207 567.255737 796.563538 594.980103 0.303409
motorcycle 296 1075.690796 600.355042 1111.600830 668.000916 0.357632
motorcycle 299 1113.413208 568.218079 1142.077759 621.347473 0.687069
person 303 1108.794434 548.042969 1147.969604 603.984314 0.315742
person 11 1072.347046 581.303955 1111.318726 630.722595 0.527448
bicycle 291 1072.392090 597.574768 1111.593872 666.732056 0.744191
person 309 1336.589355 547.397339 1384.679077 605.554749 0.629169
person 188 1904.592896 762.259033 1952.068237 915.266357 0.565434
cup 302 1464.816528 1062.490356 1540.298462 1176.314575 0.820908
airplane 236 1578.409180 848.002869 1647.547241 887.417358 0.861623
