88201302083
frisbee 179 2007.111816 1176.659424 2076.941650 1216.869751 0.334952
backpack 244 1921.526489 779.623413 1957.243652 837.348938 0.504853
backpack 219 2104.100830 811.051819 2143.925049 870.343262 0.637746
airplane 1 2120.376709 1249.076782 2242.874023 1298.761475 0.416971
airplane 182 2153.364746 679.263550 2269.406738 709.937561 0.417492
person 278 2105.827148 785.110168 2161.851318 941.680298 0.753849
person 297 2054.778809 473.430450 2087.337402 551.222961 0.809389
person 294 1913.170654 758.181641 1984.054077 908.385315 0.866780
kite 183 1539.722046 783.965515 1573.416260 801.309326 0.328081
skis 308 1310.545166 587.633362 1391.860596 625.652710 0.415338
skis 306 1461.105713 547.414795 1570.584473 596.000854 0.525081
motorcycle 296 1075.150391 602.743896 1112.565430 670.035889 0.378603
motorcycle 299 1114.335815 572.208496 1147.211792 625.529785 0.705644
person 303 1111.127563 547.921143 1150.871948 608.232727 0.279109
person 11 1073.533569 582.873657 1112.485840 657.343872 0.324976
person 309 1353.275269 546.109741 1394.607910 600.649963 0.597956
skis 311 1364.979614 584.490967 1436.278076 618.174500 0.883591
frisbee 304 1966.420898 802.288696 1991.944336 814.888428 0.773318
bicycle 291 1073.864502 600.650635 1110.454224 669.358398 0.661859
person 188 1926.974731 761.853943 1974.450073 914.861267 0.589254
cup 302 1464.528320 1062.421021 1540.010254 1176.245239 0.810709
airplane 236 1578.611694 847.924438 1647.749756 887.338928 0.917525
traffic light 276 771.528137 566.912415 796.516907 594.614258 0.677041
