88467317708
frisbee 179 2007.264526 1176.920776 2077.150635 1216.750366 0.254710
frisbee 304 1994.732544 786.021301 2020.127563 800.250305 0.335299
backpack 244 1945.513306 771.139282 1985.403809 829.998413 0.677093
backpack 219 2123.369141 805.633057 2157.394287 863.686401 0.804123
airplane 182 2153.757324 679.194641 2269.356201 709.426880 0.293581
airplane 1 2119.887695 1249.659668 2242.362549 1298.718506 0.370759
person 297 2056.351562 474.369324 2086.078369 549.350159 0.806708
person 188 1955.666260 749.312500 2005.209717 900.032898 0.810975
person 278 2127.636475 780.966248 2186.234375 939.673340 0.819723
skis 308 1311.650635 587.149353 1393.097900 625.754028 0.279875
skis 312 1427.054688 568.072449 1524.771851 603.649841 0.324028
skis 306 1461.949707 547.983826 1570.260498 594.908447 0.499539
skis 311 1357.543457 582.993652 1438.861328 619.189819 0.784370
motorcycle 296 1078.816772 608.902344 1113.569824 671.784546 0.353323
motorcycle 299 1114.182007 570.549805 1148.631592 630.065186 0.717716
person 303 1113.295776 548.427551 1150.943237 611.199707 0.262387
person 309 1364.155884 546.848816 1416.841553 600.640808 0.404220
person 11 1074.556396 585.701721 1112.778442 642.634705 0.459397
airplane 313 2190.116699 523.167664 2408.169434 617.529724 0.996893
person 294 1946.082275 749.371704 2005.331543 898.040039 0.662334
cup 302 1464.567139 1062.559448 1540.049072 1176.383667 0.790925
kite 183 1539.533569 784.110657 1573.403687 801.424316 0.919548
airplane 236 1578.633911 847.950439 1647.771973 887.364929 0.842248
bicycle 291 1079.508179 605.799805 1112.878296 671.338806 0.574891
traffic light 276 772.300354 566.521790 797.289124 594.223633 0.675997
