88667317708
backpack 219 2140.601562 805.026428 2177.031006 864.722595 0.342881
backpack 244 1964.041748 770.394531 2003.859009 827.075317 0.686314
airplane 1 2119.601318 1249.870483 2242.414062 1298.682373 0.323268
airplane 313 2190.805664 523.312622 2407.717285 617.714539 0.337817
person 297 2056.921387 474.661987 2086.813477 549.701172 0.787459
person 294 1962.169067 746.668518 2023.467285 898.538574 0.852556
person 278 2131.361084 778.885742 2209.000732 938.762085 0.861866
skis 306 1464.565308 551.374878 1569.664795 596.087952 0.399462
skis 311 1353.071899 581.249390 1437.151367 618.670410 0.771222
motorcycle 296 1080.406372 610.616760 1113.101562 672.668091 0.286329
motorcycle 299 1116.992554 571.865234 1150.079956 632.221313 0.743920
person 303 1115.637207 548.603088 1151.819946 613.200500 0.374436
person 11 1074.645264 587.866821 1112.885376 652.330994 0.453858
person 309 1385.191406 546.437134 1426.027344 598.786560 0.520596
person 188 1970.601196 747.997681 2021.397217 898.289612 0.727941
cup 302 1464.788940 1062.808716 1540.270874 1176.632935 0.834808
skis 312 1419.411743 568.752441 1526.158691 606.272217 0.794853
airplane 182 2154.015137 679.412903 2269.043213 708.580750 0.985124
kite 183 1539.379517 784.259094 1573.249634 801.572754 0.965362
airplane 236 1578.632080 848.025269 1647.770142 887.439758 0.841551
skis 308 1309.757324 585.987366 1391.342407 625.293152 0.764534
bicycle 291 1078.017822 604.458191 1111.387939 669.997192 0.731116
frisbee 179 2007.072510 1177.352905 2077.251709 1217.086914 0.913303
frisbee 304 2011.009155 783.780762 2034.815308 798.202271 0.593525
traffic light 276 772.458435 566.456665 797.447205 594.158508 0.692032
