88733333333
backpack 244 1969.674561 768.429871 2003.621582 824.200256 0.573659
backpack 219 2147.692383 803.503418 2181.921387 861.221313 0.701149
airplane 313 2190.946289 523.316101 2407.681641 617.796509 0.331756
airplane 1 2119.622314 1249.878906 2242.412598 1298.682495 0.343711
person 188 1972.229248 744.874451 2025.987549 893.406189 0.778759
person 297 2056.816895 475.035034 2087.177246 550.668274 0.784252
person 278 2132.294922 777.209106 2206.875244 937.686890 0.861492
cup 302 1463.834717 1063.100952 1539.285767 1177.335083 0.292414
skis 312 1423.518799 568.041077 1525.339233 604.586792 0.299913
skis 306 1464.689819 550.576843 1570.524536 595.782471 0.420120
skis 311 1353.115356 581.420166 1436.784302 618.600098 0.775837
motorcycle 296 1081.356567 612.357178 1111.741577 672.825134 0.334070
motorcycle 299 1118.279053 571.907471 1151.188354 632.759583 0.530987
person 303 1116.351440 548.164795 1152.921143 615.146973 0.371337
person 11 1074.642456 586.879639 1113.177734 651.787842 0.377506
person 309 1392.159058 547.017090 1430.177490 599.402527 0.382708
kite 183 1539.353394 784.271362 1573.223511 801.585022 0.968330
airplane 236 1578.649048 848.042969 1647.787109 887.457458 0.850311
airplane 182 2154.014893 679.388184 2269.041016 708.295898 0.936288
skis 308 1309.294922 586.252991 1390.880005 625.558777 0.762447
bicycle 291 1077.716797 604.842712 1111.086914 670.381775 0.696936
person 294 1967.000488 744.764099 2028.298706 896.634155 0.596184
frisbee 179 2007.070068 1177.433472 2077.249268 1217.167480 0.948614
frisbee 304 2014.197510 782.203735 2038.003662 796.625244 0.726078
traffic light 276 772.478516 566.439026 797.467285 594.140869 0.683404
