89000325520
backpack 219 2169.406494 793.752319 2210.251709 856.259277 0.651235
backpack 244 1989.704956 760.895264 2028.441162 816.696533 0.664831
airplane 314 1577.653809 852.538025 2207.163086 1291.707764 0.280355
airplane 236 1578.174927 847.432739 1646.479858 887.095093 0.282364
airplane 1 2121.015625 1249.783936 2242.720947 1298.677002 0.327906
airplane 182 2153.376953 679.296814 2268.739502 709.004822 0.486226
person 278 2168.174316 769.723633 2222.234375 925.667786 0.790150
person 297 2056.876465 474.170044 2088.433838 551.234619 0.811545
person 188 1999.094238 738.207947 2050.246338 884.049133 0.852177
kite 183 1540.281616 784.440491 1573.006348 801.024658 0.256030
skis 308 1310.275879 585.926392 1391.410156 625.655334 0.265710
skis 312 1438.881348 568.144043 1525.691040 604.170166 0.365429
skis 306 1465.196899 551.797424 1570.091553 598.033508 0.527447
skis 311 1351.968384 581.626953 1437.520874 618.800903 0.651794
motorcycle 299 1120.160034 572.657043 1158.496216 634.504517 0.614673
bicycle 291 1079.487061 612.148865 1110.248169 674.083252 0.295931
person 303 1120.441040 549.570740 1163.609253 626.479126 0.281671
person 309 1396.841187 546.994873 1446.186890 596.755249 0.501725
person 11 1075.184570 586.921692 1114.469482 672.246460 0.617419
person 294 1986.713013 737.668884 2048.011230 889.538940 0.532332
frisbee 179 2006.846924 1177.403076 2077.026123 1217.137085 0.953793
skis 315 1401.467407 577.747986 1482.229614 613.255127 0.659762
motorcycle 296 1081.820312 612.349182 1112.205322 672.817139 0.608059
frisbee 304 2035.480469 773.578064 2059.286621 787.999573 0.583463
airplane 313 2188.304932 523.998840 2405.040283 618.479248 0.836369
traffic light 276 773.071960 566.364868 798.060730 594.066711 0.657198
