8723307291
frisbee 38 2007.083618 1176.786011 2077.522705 1216.976685 0.440885
bus 40 1793.238281 722.317261 2430.475586 1132.729370 0.358946
airplane 1 2121.117920 1248.890381 2242.645264 1298.789429 0.264634
person 45 1757.682861 483.712097 1776.861694 534.246399 0.352865
person 4 1999.733643 467.192993 2019.712646 515.947510 0.444699
truck 42 1001.781494 573.509888 1581.324341 984.074951 0.372228
person 7 899.236328 592.134644 931.987854 671.581970 0.819572
person 11 1043.801270 558.487000 1074.993042 627.429016 0.881287
bus 24 1056.940796 603.642761 1586.473877 974.865601 0.400873
person 41 1748.081421 482.050354 1782.917603 564.650269 0.326368
traffic light 18 771.530212 569.334229 796.502563 595.900452 0.684924
chair 43 2162.824219 467.348267 2260.643555 525.756836 0.737053
