89100325520
backpack 244 1997.741943 761.212769 2033.121704 816.666809 0.574833
backpack 219 2175.230957 793.697815 2215.152100 860.830933 0.593749
airplane 1 2121.135742 1249.494385 2242.947998 1298.705200 0.266851
airplane 236 1578.159790 850.434509 1646.971802 886.872559 0.286098
airplane 182 2153.329102 678.861938 2268.712402 709.100830 0.376995
person 278 2175.557861 769.652527 2228.943848 927.695374 0.735034
person 297 2056.546631 474.540955 2088.378418 550.984253 0.826790
person 294 1998.613647 738.749451 2064.208984 884.566040 0.869732
kite 183 1540.050415 784.493225 1572.831177 801.271423 0.296274
skis 315 1398.271118 577.176331 1482.009155 612.866211 0.279605
skis 306 1463.357300 552.798035 1571.812744 598.133179 0.285796
motorcycle 296 1078.700073 602.533386 1117.347656 674.627686 0.331451
motorcycle 299 1119.029297 567.881104 1168.487183 635.893250 0.549890
person 11 1075.256836 588.525452 1117.848633 659.101440 0.331225
person 309 1407.855591 546.523010 1450.134766 592.120483 0.356639
skis 311 1350.371582 581.274963 1436.599243 618.476013 0.593579
skis 312 1429.602783 568.103943 1524.805054 604.928101 0.821722
bicycle 291 1080.247559 613.098389 1109.209595 675.954895 0.543210
airplane 316 1578.126709 847.581665 1647.307007 917.903625 1.000000
person 303 1118.143799 550.065308 1160.459106 627.121460 0.533932
frisbee 304 2045.550171 774.482483 2069.356201 788.903992 0.523762
person 188 2003.872803 740.713135 2055.024902 886.554321 0.510769
frisbee 179 2006.741577 1177.019043 2076.985107 1216.981934 0.962364
airplane 313 2188.325928 523.542786 2405.061279 618.023193 0.923855
airplane 314 1582.127075 848.207092 2211.330566 1292.319214 0.385962
traffic light 276 773.115723 566.326538 798.104492 594.028381 0.697453
