89266341145
backpack 244 2015.615356 757.236145 2051.187256 814.313660 0.451708
backpack 219 2186.095947 795.010681 2226.646973 860.477417 0.606007
airplane 236 1578.177856 853.727478 1647.736694 885.493591 0.282295
airplane 316 1578.113037 847.595703 1647.291870 917.902710 0.347970
airplane 182 2153.310791 677.961792 2268.906494 709.294983 0.361579
person 278 2185.702393 770.262024 2241.840820 930.087585 0.795173
person 297 2055.962402 474.960785 2088.198975 550.440430 0.814324
person 294 2009.518555 736.795227 2076.112793 880.812378 0.859719
kite 183 1539.876221 784.454285 1572.730957 801.482849 0.302541
skis 315 1394.858521 577.618835 1481.115112 612.565735 0.430161
motorcycle 299 1119.991821 568.522400 1171.246582 637.449829 0.641998
person 303 1119.952637 549.537109 1167.534668 626.632629 0.271031
person 309 1429.636841 547.203552 1459.234009 592.575500 0.466435
person 11 1075.365845 589.723938 1122.802734 672.387146 0.704024
frisbee 304 2060.330078 773.932068 2084.136230 788.353577 0.744868
airplane 1 2119.187500 1249.185059 2241.734375 1298.676392 0.902600
bicycle 291 1077.365723 609.255188 1118.788452 678.556824 0.612968
person 317 1414.606323 547.026672 1442.250000 587.344360 1.000000
person 188 2017.533936 739.082947 2068.686035 884.924133 0.396960
skis 306 1469.878296 558.131592 1571.749756 597.189758 0.579127
motorcycle 296 1077.713135 611.064758 1120.357178 680.334351 0.557075
frisbee 179 2006.582275 1177.133667 2076.825684 1217.096558 0.961122
airplane 313 2190.175293 523.043152 2406.910645 617.523560 1.067850
airplane 314 1644.934570 858.123413 2274.138428 1302.235596 0.510390
skis 311 1351.055298 580.562561 1436.155518 618.909729 0.710516
skis 312 1439.379150 569.489685 1524.946899 605.044434 0.844661
traffic light 276 773.026489 566.338806 798.015259 594.040649 0.703274
