8756315104
frisbee 38 2007.087036 1176.797852 2077.520020 1216.967285 0.530441
bus 40 1794.903076 728.792297 2431.281006 1139.388062 0.382495
person 4 1999.209351 467.192444 2019.067871 515.882874 0.363969
person 45 1759.357056 483.835297 1778.238159 535.329773 0.433752
truck 42 979.137268 570.242310 1580.851807 983.043823 0.460058
person 11 1043.055054 558.256042 1075.104614 628.865356 0.362545
person 7 899.840759 592.470032 933.085815 671.927185 0.814462
bus 24 1057.575806 603.785889 1587.108887 975.008606 0.363808
airplane 1 2120.724609 1248.922241 2242.251953 1298.821289 0.903632
truck 46 1739.843140 836.407349 2410.000000 1165.284912 1.000000
person 41 1750.004639 482.085449 1784.840820 564.685303 0.340007
traffic light 18 771.592896 569.314392 796.565247 595.880615 0.686369
chair 43 2162.784424 467.435028 2260.603760 525.843628 0.728433
