89400325520
backpack 219 2195.716309 792.437744 2235.579102 856.896790 0.403881
backpack 244 2028.375610 751.417664 2067.569580 809.112549 0.645773
airplane 236 1577.824585 854.170959 1647.444824 885.545532 0.281302
airplane 316 1578.113525 847.598877 1647.291382 917.912476 0.349248
airplane 182 2153.313965 677.813293 2269.163086 709.302490 0.390536
person 297 2055.655762 475.052429 2088.024414 550.632874 0.800763
person 278 2191.260986 767.192444 2249.932129 927.515381 0.834217
person 188 2033.388550 732.768982 2085.873779 875.770874 0.844743
kite 183 1539.851685 784.456177 1572.710815 801.504822 0.322845
skis 306 1471.797363 557.775146 1571.503174 598.058960 0.549090
skis 315 1395.420532 576.237610 1512.231934 613.287170 0.740507
motorcycle 296 1076.601318 612.791443 1118.872437 680.271423 0.328297
motorcycle 299 1119.936890 568.301086 1174.171143 639.280396 0.605794
person 303 1119.535889 549.735718 1169.599487 630.096130 0.250779
person 11 1076.475220 589.229614 1122.275024 674.266113 0.632631
person 317 1417.884277 547.918701 1464.338989 590.578247 0.664450
airplane 1 2118.855713 1249.175415 2241.602295 1298.663818 0.904100
frisbee 179 2006.582520 1177.121094 2076.825928 1217.083984 0.977858
airplane 313 2191.240234 523.193604 2407.975586 617.674011 1.077492
airplane 314 1633.862671 861.739563 2263.066406 1305.851685 0.390652
bicycle 291 1077.787598 611.500122 1114.266724 677.676636 0.618949
skis 311 1350.183838 580.905212 1435.284058 619.252380 0.677766
person 294 2025.949585 732.018616 2090.319092 875.044617 0.760904
skis 312 1439.781616 569.596680 1525.349365 605.151428 0.785928
traffic light 276 772.952454 566.341797 797.941223 594.043640 0.698594
