89533333333
frisbee 179 2006.738770 1176.690552 2076.969971 1216.890503 0.334131
backpack 244 2040.481445 753.011902 2080.832764 807.393494 0.562062
backpack 219 2206.292969 787.721619 2243.407959 849.812561 0.575613
airplane 313 2189.237793 522.961670 2405.372559 618.977417 0.292640
airplane 236 1578.242798 848.891663 1647.298218 886.765564 0.323538
airplane 1 2120.683594 1248.269531 2243.439697 1298.757812 0.350141
airplane 314 1583.743286 838.127625 2220.681641 1294.821777 0.377454
airplane 182 2153.333252 678.308289 2269.375732 709.731934 0.538761
person 278 2206.542236 762.945679 2258.320557 915.547424 0.707688
person 188 2046.048340 729.864624 2097.625732 875.323242 0.756111
person 297 2056.582764 475.498444 2087.270752 551.397461 0.818652
kite 183 1540.366455 784.272339 1572.648071 801.069092 0.316511
skis 311 1351.420898 581.092224 1436.298828 619.104980 0.252535
skis 306 1470.792358 559.581055 1568.906494 597.830933 0.398308
skis 315 1394.291382 575.518005 1526.190186 615.167847 0.714516
motorcycle 299 1131.712402 577.421448 1171.616699 640.495789 0.419042
bicycle 291 1080.383301 614.844482 1112.535522 678.540466 0.347256
person 303 1120.197388 548.845276 1171.800049 626.998596 0.327184
person 11 1075.756104 590.146484 1117.168335 674.798706 0.424383
person 317 1425.300903 547.803711 1475.048828 592.967834 0.568651
person 294 2034.927734 728.232239 2099.297363 871.258240 0.634894
skis 312 1440.526245 569.925720 1526.093994 605.480469 0.757472
motorcycle 296 1077.057861 611.226746 1118.815796 680.563965 0.664494
traffic light 276 773.024292 566.362671 798.013062 594.064514 0.665464
airplane 316 1578.615723 847.460693 1647.793579 917.774292 0.918707
