89632356770
frisbee 179 2006.747192 1176.638306 2076.976807 1216.879272 0.335841
backpack 219 2212.447754 784.280212 2248.897949 845.148193 0.493725
backpack 244 2049.265869 755.049805 2082.500244 807.560913 0.531187
airplane 1 2121.198486 1248.238159 2243.777832 1298.743042 0.300525
airplane 236 1578.330933 848.352234 1647.324707 887.085754 0.320292
airplane 314 1582.122070 836.183350 2218.335693 1293.409058 0.386450
airplane 182 2153.208496 678.429504 2269.569580 709.853943 0.478253
person 278 2213.695312 760.049805 2261.978027 915.845276 0.815919
person 297 2056.474854 475.539825 2087.104492 551.378174 0.825719
person 294 2045.413696 729.635498 2108.177490 873.309509 0.833469
kite 183 1540.429443 784.229553 1572.676880 801.026367 0.299174
skis 306 1473.153931 560.040405 1569.699097 598.578735 0.341975
skis 315 1393.668701 572.755920 1529.359741 614.867981 0.683500
motorcycle 299 1130.856323 574.714355 1174.740967 640.640686 0.675464
bicycle 291 1080.911377 613.845581 1113.185547 678.460327 0.278753
person 303 1121.825562 549.557312 1173.903320 626.582825 0.268583
person 317 1436.075806 547.093445 1478.909912 587.914551 0.610353
person 11 1076.348999 590.093811 1117.447388 674.677673 0.640865
airplane 313 2189.398682 522.950867 2404.985596 619.114441 0.927068
person 188 2050.713135 730.195862 2105.026611 876.119507 0.699569
skis 312 1441.175781 570.071594 1526.743530 605.626343 0.733924
motorcycle 296 1077.962646 611.596619 1119.720581 680.933899 0.632318
traffic light 276 773.013123 566.370056 798.001892 594.071899 0.664466
airplane 316 1579.057739 847.310486 1648.235596 917.624146 0.926308
