89932356770
backpack 244 2074.333984 743.665833 2110.886719 798.178101 0.494225
airplane 236 1578.301636 847.793762 1646.888306 887.132690 0.295505
airplane 182 2153.363770 677.649841 2269.654785 709.464905 0.345046
airplane 1 2120.441406 1248.943115 2243.435547 1298.700806 0.491314
person 188 2082.540283 722.016174 2130.123047 864.378418 0.765121
person 278 2230.071289 759.780212 2293.352539 912.765625 0.784684
person 297 2055.511963 475.673706 2086.561768 551.588013 0.800047
kite 183 1540.299194 784.365173 1572.699829 801.274719 0.262611
skis 312 1435.480225 570.137817 1525.484863 604.800659 0.763138
traffic light 276 770.183350 562.507690 813.570374 596.462524 0.257000
motorcycle 299 1134.147095 580.002014 1174.101318 642.144775 0.395522
person 303 1122.544678 551.863953 1178.399414 625.427490 0.332202
person 317 1454.575439 546.968628 1499.985352 585.129761 0.612037
person 11 1077.570190 591.150513 1122.392456 676.368713 0.718714
backpack 219 2233.255127 786.288330 2266.121338 840.911987 0.620224
motorcycle 296 1077.579102 612.239380 1122.070435 678.605286 0.799723
skis 306 1472.203735 556.046143 1570.477295 598.890564 0.636569
person 294 2071.468994 724.050537 2137.006104 867.373535 0.841262
frisbee 179 2006.481079 1177.032104 2076.732910 1217.274414 0.963874
airplane 316 1581.697510 845.616272 1650.875366 915.929932 0.593137
