89999348958
backpack 244 2078.765869 742.105835 2112.349121 796.701660 0.663912
backpack 219 2239.054688 783.105347 2271.178223 838.190369 0.669759
airplane 236 1578.301758 847.773254 1646.876221 887.128235 0.291446
airplane 182 2153.350830 677.536926 2269.804199 709.473755 0.307561
airplane 1 2120.437256 1248.967773 2243.324463 1298.692383 0.496562
person 297 2055.512451 475.660187 2086.658203 551.670349 0.794944
person 278 2231.539795 759.606445 2297.515137 912.509521 0.820809
person 188 2087.596436 720.921814 2135.989502 863.457886 0.829175
skis 312 1433.876831 569.659485 1524.718262 604.923218 0.723851
traffic light 276 769.940613 562.335449 814.293457 596.620911 0.253500
motorcycle 296 1077.161987 613.524536 1121.626221 679.090088 0.260931
motorcycle 299 1136.557861 583.286987 1173.608032 641.885010 0.441872
person 303 1130.774170 556.684998 1178.263428 626.161255 0.315811
person 317 1456.067383 547.420959 1504.802490 584.940247 0.524021
person 11 1077.582031 591.208191 1122.406616 676.213257 0.704758
skis 306 1471.760376 556.058716 1570.033936 598.903137 0.577355
person 294 2075.056396 723.779480 2140.593506 867.102478 0.741014
kite 183 1540.270996 784.380249 1572.671631 801.289795 0.845638
frisbee 179 2006.459473 1177.036621 2076.711182 1217.278931 0.964295
airplane 316 1582.527710 845.283997 1651.705566 915.597656 0.640276
