90132356770
surfboard 319 2192.794678 809.679199 2262.335449 842.546997 0.677327
frisbee 179 2006.693359 1176.719971 2077.069580 1216.964111 0.469150
backpack 219 2249.380371 779.825439 2279.402832 834.634033 0.406978
backpack 244 2091.248779 743.599243 2125.503418 795.969849 0.730640
airplane 236 1578.228516 847.542053 1646.876465 887.140259 0.388962
airplane 1 2120.487549 1248.990845 2242.964111 1298.727905 0.517374
person 297 2055.853760 475.934052 2086.676514 551.611938 0.798724
person 278 2238.508545 754.838806 2301.887451 909.105591 0.831740
person 294 2088.978027 723.124146 2158.448486 864.484741 0.885058
kite 183 1539.967285 784.660034 1573.201172 801.575195 0.349254
skis 306 1447.981689 554.896118 1574.205078 599.532593 0.369766
skis 312 1434.003540 569.056763 1526.363037 606.485107 0.495718
motorcycle 296 1077.365234 614.642639 1121.976807 679.851440 0.275039
motorcycle 299 1136.011841 578.469360 1175.839844 641.438416 0.547055
person 303 1132.891235 556.754761 1178.042114 627.399231 0.531512
person 317 1463.657227 547.123596 1512.314819 584.777344 0.593391
person 11 1078.277344 591.015747 1122.634399 677.211609 0.771376
surfboard 320 2359.481445 784.714722 2409.369629 808.909241 1.000019
person 188 2093.504150 722.318848 2144.475586 864.796265 0.491666
airplane 316 1577.955444 848.969238 1647.133301 919.282837 0.882298
traffic light 276 769.958679 562.324341 814.643250 596.711121 0.725588
