90432356770
surfboard 320 2359.526611 784.657410 2409.400879 808.946655 0.324894
frisbee 179 2006.841431 1176.609009 2077.041992 1216.738037 0.321419
backpack 219 2266.460693 774.201599 2305.956299 836.524841 0.665044
backpack 244 2120.943604 736.820984 2154.210938 791.115967 0.706077
airplane 236 1578.106567 847.912292 1647.094360 887.110901 0.299622
airplane 1 2120.154785 1249.047241 2242.651123 1298.706421 0.460336
person 297 2056.256592 475.632935 2089.892822 551.338318 0.790931
person 188 2121.835693 716.946167 2175.427490 857.007080 0.797038
person 278 2268.958496 750.873474 2317.492676 906.861816 0.812544
kite 183 1539.864990 784.389404 1573.337891 801.421509 0.286729
skis 312 1433.246216 569.018250 1525.145386 606.924377 0.320968
skis 306 1476.100586 554.149780 1570.381470 598.329224 0.365127
motorcycle 296 1077.888672 604.959290 1122.269409 680.262024 0.267385
motorcycle 299 1127.659668 577.293884 1187.087646 643.183533 0.565126
person 317 1491.492920 546.763611 1526.348755 579.515869 0.337874
person 303 1139.334106 556.742981 1178.997314 627.350464 0.478706
person 11 1078.205078 592.926086 1122.023438 678.382446 0.599909
person 294 2112.407715 717.089600 2178.410400 855.696167 0.648777
airplane 316 1576.261475 849.978882 1645.439331 920.292480 0.782467
traffic light 276 769.390015 562.530823 814.074585 596.917603 0.749535
