8889322916
frisbee 38 2007.339600 1176.882080 2077.237549 1217.079468 0.567095
traffic light 18 771.351501 567.979370 796.375427 595.165833 0.281035
truck 42 1178.749878 597.887573 1592.902222 994.396423 0.379136
person 7 903.615601 594.552185 936.643433 674.040100 0.801189
bus 24 1254.528931 602.077881 1641.149170 990.072998 0.324710
truck 46 1805.519165 852.840149 2447.398438 1172.647583 0.748631
person 11 1043.340332 558.245300 1075.856567 630.192688 0.862210
person 41 1756.637695 483.285095 1794.210938 565.908813 0.664910
chair 43 2162.904297 467.879608 2260.723633 526.288208 0.734777
bus 40 1850.376709 724.524658 2486.754639 1135.120483 0.566041
airplane 1 2119.864990 1249.009888 2241.662598 1298.874634 0.837693
person 45 1765.194458 484.166870 1783.063477 536.098206 0.586970
