90731315104
surfboard 320 2359.299561 784.455933 2409.337402 809.146240 0.320332
frisbee 179 2006.995605 1176.622803 2076.875732 1216.616699 0.294721
backpack 219 2284.903564 773.056580 2323.989990 835.152100 0.383540
backpack 244 2147.064209 736.684265 2182.351807 787.541260 0.584429
airplane 236 1577.971313 848.479553 1647.448608 886.845459 0.308794
airplane 1 2119.700684 1249.238770 2242.279297 1298.698853 0.477547
person 278 2286.116699 748.484070 2339.117920 895.722717 0.674359
person 297 2055.844238 474.638550 2088.824707 551.317139 0.764533
person 294 2143.019531 714.383972 2202.739014 854.173218 0.788258
cup 321 1464.298462 1062.989380 1539.354858 1176.911377 0.302762
skis 306 1475.097778 564.423706 1568.490356 598.725281 0.573883
motorcycle 299 1147.823120 582.561523 1189.478516 643.733337 0.467445
motorcycle 296 1078.506958 608.021118 1122.775635 679.704346 0.500176
person 303 1144.756348 557.400330 1184.704346 629.531555 0.361872
person 317 1503.579590 546.925842 1543.237427 578.001892 0.649580
person 11 1078.523560 593.699158 1122.284546 678.149475 0.705721
kite 183 1539.917969 784.666565 1573.149414 801.797974 0.895014
airplane 316 1576.433105 850.522949 1645.610962 920.836548 0.826787
person 188 2150.625732 714.472534 2199.206299 854.007568 0.706599
traffic light 276 768.486877 562.979858 813.171448 597.366638 0.740357
