90831315104
surfboard 320 2359.466797 784.595825 2409.360352 809.189026 0.445473
frisbee 179 2006.986328 1176.606812 2077.343994 1217.101196 0.323851
backpack 244 2156.188477 735.600830 2188.326416 785.692993 0.622983
airplane 322 1578.200195 848.230896 1623.926025 872.871521 0.264295
airplane 316 1577.898804 848.580566 1647.046387 918.135742 0.304632
airplane 236 1577.994507 854.192749 1647.581177 885.838135 0.348727
person 278 2291.227051 746.928528 2341.794189 894.440247 0.725801
person 297 2055.522949 474.524506 2088.983154 551.376526 0.783136
person 294 2151.467529 712.688416 2210.890381 854.299316 0.839383
kite 183 1540.100098 784.292664 1572.975830 801.162964 0.308052
skis 306 1476.423950 564.841797 1569.751221 599.013733 0.282928
motorcycle 296 1081.046753 616.979309 1121.969727 679.508850 0.413245
motorcycle 299 1149.866943 578.894836 1190.650513 644.093628 0.484059
person 303 1144.514648 557.530579 1188.634399 633.523254 0.421679
person 11 1078.749634 594.410278 1121.810547 675.756653 0.653111
airplane 1 2120.279541 1249.536743 2242.364502 1298.855347 0.948649
person 188 2159.299805 713.118835 2207.880371 852.653870 0.503841
person 317 1511.629395 547.079407 1550.063354 579.699768 0.313501
backpack 219 2287.927490 771.611633 2327.013916 833.707153 0.633412
cup 321 1464.548950 1063.128418 1539.605347 1177.050415 0.959081
traffic light 276 768.418701 563.110901 813.103271 597.497681 0.701535
