90898307291
surfboard 320 2359.475830 784.542175 2409.358154 809.432007 0.555125
frisbee 179 2006.973267 1176.576538 2077.468506 1217.186646 0.296828
backpack 244 2161.297852 731.077332 2197.378174 783.631714 0.511245
airplane 322 1578.208740 848.227051 1623.932861 872.868469 0.261843
airplane 316 1578.082764 848.310181 1647.225342 917.754211 0.305787
airplane 236 1578.109985 854.943909 1647.716431 885.349365 0.345896
person 188 2164.921143 709.883911 2212.339844 846.576599 0.735912
person 278 2295.160889 745.352905 2344.644043 894.791565 0.771325
person 297 2055.366699 474.449280 2089.005615 551.418518 0.777609
kite 183 1540.124146 784.276611 1572.942261 801.106445 0.326210
skis 306 1475.894287 564.588501 1569.269531 598.613953 0.301823
motorcycle 296 1081.682617 618.084473 1121.829590 679.312927 0.479243
motorcycle 299 1148.885010 577.879761 1191.254150 645.100403 0.481262
person 317 1516.754517 547.012451 1548.559326 579.188477 0.345836
person 303 1145.953125 557.641174 1190.649048 635.808289 0.476394
person 11 1078.861938 594.637817 1121.824951 675.739746 0.597149
backpack 219 2292.519775 770.106628 2331.519043 829.427734 0.687797
airplane 1 2120.348145 1249.615967 2242.250488 1298.900879 0.946845
person 294 2156.153320 712.098572 2215.576172 853.709473 0.396338
cup 321 1464.483643 1063.329224 1539.540039 1177.251221 0.941367
traffic light 276 768.358704 563.120483 813.043274 597.507263 0.701043
