91264322916
frisbee 179 2006.550415 1176.405273 2076.974121 1216.794922 0.284693
backpack 244 2189.443604 728.500793 2221.792236 779.256042 0.628002
airplane 236 1578.333252 848.364746 1647.507812 886.627197 0.275145
airplane 1 2119.336182 1249.517212 2242.717773 1298.697998 0.515220
person 278 2310.299072 743.695374 2374.728271 892.927124 0.763994
person 297 2054.679199 475.027954 2087.507568 551.490540 0.784799
person 294 2185.787354 707.494202 2249.497314 843.197144 0.859872
kite 183 1540.028564 783.941711 1572.747070 801.247314 0.259982
motorcycle 296 1081.726440 617.800476 1123.264648 680.353760 0.441234
motorcycle 299 1147.919922 576.986389 1196.849976 646.566650 0.458139
person 317 1535.552002 546.896362 1575.338013 575.486511 0.345260
person 11 1079.197021 594.292175 1122.539062 676.867676 0.588985
cup 321 1463.783691 1063.198975 1538.840088 1177.120972 0.853397
backpack 219 2317.511475 769.337830 2347.822021 822.551697 0.544618
person 303 1150.415405 561.122986 1193.102539 629.986206 0.534761
traffic light 276 767.364929 563.028259 812.049500 597.415039 0.664362
person 188 2192.943115 708.788025 2241.292725 845.877808 0.601512
skis 306 1468.463745 555.105347 1575.172363 596.770752 0.394334
airplane 316 1578.222534 847.860413 1647.369629 917.244995 0.964608
