91397330729
backpack 244 2202.955566 727.395813 2231.006104 778.111694 0.604922
airplane 236 1578.328857 848.068481 1647.488525 886.732605 0.263205
airplane 1 2119.967773 1249.608276 2242.829346 1298.691284 0.503829
person 278 2320.403564 742.125366 2376.722900 885.924683 0.745765
person 297 2054.592285 475.048981 2087.517822 551.468628 0.783859
person 294 2193.476074 706.263489 2258.057129 840.770264 0.836293
kite 183 1540.002930 783.934387 1572.722412 801.259583 0.273841
motorcycle 296 1081.032593 617.721741 1123.035034 680.485168 0.420410
motorcycle 299 1150.024780 578.271301 1198.163818 646.552490 0.517754
person 11 1078.962402 594.179138 1122.221924 676.482056 0.637577
person 323 1536.157104 547.638000 1566.615967 572.862732 0.871984
person 317 1554.959473 546.703003 1586.168701 574.917114 0.319571
backpack 219 2327.983643 767.297729 2358.145996 817.877380 0.489410
person 303 1151.875000 561.636414 1193.879517 630.072266 0.575470
traffic light 276 767.249023 563.087952 811.933594 597.474731 0.674844
skis 324 1578.073364 573.750427 1615.785156 594.007935 1.000000
person 188 2204.634766 709.281189 2252.984375 846.370972 0.517735
skis 306 1468.262451 552.917908 1574.971069 594.583313 0.321460
frisbee 179 2006.415649 1176.464600 2076.864258 1216.862305 1.002428
cup 321 1463.912354 1063.324585 1539.094238 1177.295532 0.910651
airplane 316 1578.699951 847.599426 1647.847046 916.984009 0.925502
