91430338541
backpack 219 2330.598877 766.330566 2360.315186 817.452393 0.493057
backpack 244 2205.594482 725.927368 2232.965332 777.502563 0.571333
airplane 236 1578.319214 848.032227 1647.177002 887.145203 0.332332
airplane 1 2119.835205 1249.588013 2242.629395 1298.698608 0.417450
person 297 2055.266846 474.679382 2087.201660 550.369751 0.793056
person 278 2321.565430 740.702332 2377.875977 885.895203 0.803928
person 294 2196.314209 705.348511 2259.993164 839.665283 0.820677
traffic light 276 768.503113 565.210449 804.220215 596.577515 0.287434
motorcycle 296 1081.081543 617.845398 1122.725098 680.429199 0.364789
motorcycle 299 1149.654907 578.768372 1199.285889 646.419678 0.659011
person 317 1560.286011 546.946716 1586.108765 575.763245 0.358693
person 303 1153.337891 560.920471 1193.515991 631.229919 0.370752
person 323 1536.275024 547.853882 1566.967896 573.444092 0.402863
person 11 1079.429688 594.370789 1122.089600 676.809814 0.609177
skis 324 1577.977417 573.788025 1615.732056 593.859985 0.923992
person 188 2206.134521 709.317505 2254.484131 846.407288 0.790590
surfboard 325 1471.049927 563.149841 1571.841431 598.458313 1.000000
skis 306 1468.212158 552.371033 1574.920776 594.036438 0.330192
kite 183 1539.988647 783.975037 1572.708130 801.300232 0.902373
frisbee 179 2006.321777 1176.541992 2076.770264 1216.939697 0.996810
cup 321 1464.026978 1063.239990 1539.208862 1177.210938 0.880001
airplane 316 1578.814087 847.478699 1647.961182 916.863281 0.877678
