91530338541
skis 324 1577.951050 572.337036 1615.865601 593.429932 0.277356
backpack 219 2337.305176 764.846497 2367.699951 819.106750 0.524006
backpack 244 2214.195312 724.512024 2242.741943 774.422363 0.577615
airplane 236 1578.289917 847.941956 1646.781738 887.607666 0.331855
airplane 1 2119.731934 1249.541870 2242.465576 1298.699951 0.427498
person 294 2211.175781 702.517090 2276.775391 837.446533 0.781669
person 278 2331.653076 739.370605 2383.696289 885.462097 0.788003
person 297 2056.036133 474.329712 2086.756592 549.108704 0.792886
surfboard 325 1467.786621 562.647949 1573.152588 598.310669 0.268712
traffic light 276 769.960266 567.117004 797.739624 595.747070 0.315685
motorcycle 296 1080.051514 618.130005 1122.158691 680.370239 0.356022
motorcycle 299 1149.490234 580.396851 1200.826294 646.413391 0.674503
person 303 1157.445312 560.317749 1195.967773 632.272461 0.509550
person 11 1079.345093 594.437622 1121.856079 676.886597 0.665705
person 323 1540.437256 546.148193 1573.656982 571.964478 0.536503
skis 306 1468.061157 550.730469 1574.769775 592.395874 0.342457
person 326 1578.010864 499.375427 1592.415161 565.758850 1.000000
kite 183 1539.968872 784.099487 1572.688354 801.424683 0.938357
frisbee 179 2006.108276 1176.710327 2076.556885 1217.108032 0.975857
person 188 2215.020996 704.285156 2261.933350 839.954956 0.644838
cup 321 1464.142456 1063.186279 1539.324341 1177.157227 0.829920
airplane 316 1579.543091 847.047791 1648.690186 916.432373 0.814061
