91630338541
skis 324 1578.054443 573.573792 1615.942505 593.851013 0.414588
backpack 244 2221.589600 721.799011 2254.989990 773.407776 0.612528
airplane 236 1578.294800 847.886536 1646.693726 887.671204 0.330838
airplane 1 2119.717041 1249.572998 2242.378418 1298.706421 0.402956
person 278 2342.245605 738.947876 2389.417725 885.721375 0.734958
person 326 1579.350830 499.633240 1597.540283 571.070129 0.760393
person 294 2224.662598 700.577698 2284.795166 837.534302 0.779476
person 297 2056.286133 474.219116 2086.656494 548.839966 0.795932
surfboard 325 1465.295898 553.755310 1577.179932 591.525085 0.301915
traffic light 276 769.980225 566.501282 798.946289 595.999390 0.257440
motorcycle 296 1079.453125 618.395569 1122.017090 680.371643 0.291293
motorcycle 299 1150.207642 581.546814 1204.105103 646.294006 0.615954
person 303 1157.388672 559.175598 1196.152100 632.109802 0.411289
person 323 1546.702637 546.671204 1583.716431 572.060486 0.453134
person 11 1079.237671 594.254395 1121.769653 677.177368 0.702344
backpack 219 2342.186035 764.059204 2374.416260 823.210449 0.600836
skis 306 1465.499390 547.096558 1578.262329 588.591858 0.283691
kite 183 1539.934692 784.132385 1572.654175 801.457581 0.929665
frisbee 179 2006.085327 1176.797363 2076.533936 1217.195068 0.985988
person 188 2224.068848 701.045166 2270.981201 836.714966 0.443914
cup 321 1464.040771 1063.256836 1539.222656 1177.227783 0.850312
airplane 316 1580.615112 846.539368 1649.762207 915.923950 0.661390
