91697330729
skis 324 1577.986816 573.475403 1616.001099 593.866394 0.402483
backpack 219 2345.924805 763.735168 2376.566895 819.704651 0.583057
backpack 244 2226.678467 724.209961 2259.374268 773.503052 0.639080
airplane 236 1578.294800 847.868225 1646.678223 887.675781 0.330788
airplane 1 2119.713135 1249.569214 2242.417480 1298.704102 0.409063
person 326 1579.248291 498.805695 1600.313843 570.324951 0.591037
person 294 2228.476562 700.738342 2289.711670 838.031677 0.707990
person 278 2347.334717 738.516235 2393.438965 885.073120 0.793747
person 297 2056.353760 474.019409 2086.543213 548.755615 0.794769
traffic light 276 770.146545 566.855408 797.233765 595.848145 0.256989
motorcycle 296 1078.865723 618.252075 1122.112793 680.364441 0.290384
motorcycle 299 1150.342529 581.287292 1209.261597 646.216187 0.596262
person 303 1158.480957 559.255493 1195.956299 633.316528 0.451155
person 323 1553.182129 547.360168 1584.730591 571.974731 0.579536
person 11 1079.199341 594.256104 1121.820068 677.368286 0.715103
skis 306 1465.517334 545.602966 1578.280273 587.098267 0.276388
kite 183 1539.941528 784.150635 1572.661011 801.475830 0.926430
frisbee 179 2006.070312 1176.828857 2076.518799 1217.226562 0.992580
person 188 2228.962891 701.297607 2275.875244 836.967407 0.660062
cup 321 1464.026001 1063.271973 1539.207886 1177.242920 0.842002
airplane 316 1581.371582 846.269165 1650.518677 915.653748 0.652295
