92163346354
skis 324 1578.507812 576.369324 1615.924805 593.619019 0.255044
skis 329 1577.767944 560.393677 1657.936035 590.936035 0.618833
frisbee 179 2006.788086 1176.567749 2076.901611 1216.939697 0.383874
backpack 244 2259.787842 719.659546 2289.725342 764.417358 0.611664
airplane 330 1578.351440 821.736694 1647.252808 886.609009 0.316642
airplane 1 2119.336182 1249.492920 2242.278809 1298.681885 0.440043
person 327 1586.450439 486.637390 1611.680420 563.203430 0.506572
person 326 1598.358032 497.120300 1631.281982 568.116699 0.507711
person 278 2373.964355 731.484619 2412.407715 876.277588 0.795694
person 297 2055.906494 475.522980 2088.679688 550.547180 0.813618
person 188 2265.155273 693.130554 2311.954102 827.671082 0.829740
kite 183 1540.299072 784.127136 1572.800537 801.259705 0.277214
bus 328 762.360107 658.183899 977.481812 916.322998 0.687305
motorcycle 296 1077.379272 617.241394 1121.345581 681.006104 0.366914
motorcycle 299 1150.777954 582.242432 1216.123413 647.010254 0.539411
person 303 1159.009399 558.174988 1205.515381 643.906311 0.432741
person 11 1078.191162 594.532166 1121.044434 677.583069 0.643546
person 294 2255.683105 696.550476 2313.479980 829.543701 0.393115
cup 321 1463.932495 1063.467407 1539.114380 1177.438354 0.881482
skis 306 1462.247192 547.663147 1580.278076 593.889648 0.360485
traffic light 276 771.211304 566.826477 797.839844 595.627808 0.705499
airplane 316 1576.588257 849.560547 1645.735352 918.945129 0.880732
airplane 236 1578.207520 848.631836 1646.588379 888.448181 0.797384
