92496354166
skis 331 2253.154053 801.922791 2331.206787 828.350952 0.266576
skis 329 1578.207520 558.661865 1658.783813 592.034607 0.472521
frisbee 179 2007.067749 1176.542114 2077.120117 1217.031128 0.362648
backpack 244 2287.704834 713.987488 2319.142090 763.034180 0.606209
airplane 332 2153.655518 680.134521 2268.632568 710.124878 0.252979
person 326 1623.151855 497.897522 1649.483154 566.376099 0.464219
person 327 1602.539795 486.280762 1632.405273 563.127563 0.561829
person 278 2389.369385 747.316101 2413.990479 875.393738 0.729195
person 297 2055.941406 475.752686 2087.528076 550.556213 0.792036
person 294 2278.790039 692.629517 2342.360107 823.045654 0.837702
cup 321 1464.210571 1063.044922 1538.964233 1177.215820 0.294751
kite 183 1539.914429 784.518372 1572.922852 801.481140 0.488165
bus 328 762.317078 645.937866 1048.392578 932.663940 0.821955
motorcycle 296 1077.338501 620.109070 1122.045532 679.556152 0.305274
motorcycle 299 1149.125732 580.185913 1214.232178 647.526062 0.604889
person 303 1159.255249 558.581604 1206.374023 641.545410 0.397208
person 11 1078.405884 594.472168 1121.177368 677.155396 0.727487
skis 306 1462.193481 549.703247 1580.224365 595.929749 0.337300
skis 333 1621.031250 558.281982 1697.388916 584.050842 1.000000
traffic light 276 771.378235 566.561951 798.006775 595.363281 0.798252
airplane 1 2118.685059 1249.705566 2241.166504 1298.807007 0.929216
person 188 2290.809082 698.154663 2337.607910 832.695190 0.646438
airplane 316 1576.096924 851.215942 1645.244019 920.600525 0.756145
airplane 236 1577.778442 848.733337 1646.159302 888.549683 0.804704
