92629361979
skis 329 1577.941040 557.844299 1658.305054 591.761169 0.405960
skis 333 1605.215820 555.311707 1697.192261 584.265686 0.593963
skis 335 2251.729248 800.222412 2410.089355 874.472412 0.647044
frisbee 179 2007.105225 1176.555298 2077.165527 1217.092529 0.281920
backpack 244 2298.232178 708.550781 2327.541504 759.652405 0.512002
person 334 2393.703125 753.451355 2411.094971 861.643188 0.339157
person 327 1608.529541 486.743256 1641.209229 563.513977 0.448851
person 326 1629.949951 496.472809 1659.753906 564.440369 0.550478
person 294 2298.620361 689.190857 2357.241699 820.752319 0.741638
person 297 2055.872314 475.784668 2087.907227 551.265625 0.798232
cup 321 1464.288208 1062.913452 1539.042236 1177.062256 0.309775
kite 183 1539.877319 784.611633 1573.008789 801.527893 0.469104
motorcycle 296 1077.632202 621.876892 1122.160278 678.922058 0.336290
motorcycle 299 1148.230591 579.966675 1215.570190 647.781738 0.610079
person 303 1158.096680 558.587830 1204.342407 638.510620 0.348090
person 11 1078.263428 594.565247 1121.601074 677.458862 0.699974
bus 328 771.418274 644.380676 1078.622925 948.647400 0.485628
airplane 332 2139.008301 676.414978 2253.985352 706.405334 0.627818
airplane 1 2117.773193 1249.715088 2240.254639 1298.816528 0.868453
person 188 2302.766113 692.324036 2349.564941 826.864563 0.488815
airplane 316 1576.150879 851.355225 1645.297974 920.739807 0.677083
skis 306 1460.367676 549.063477 1578.929077 597.192810 0.358993
airplane 236 1577.631836 848.730713 1646.012695 888.547058 0.811157
traffic light 276 770.872742 566.925110 796.800842 595.303528 0.767327
