9089322916
chair 43 2155.851074 467.456329 2259.279053 526.153503 0.258297
frisbee 38 2007.498291 1176.617065 2076.557861 1216.891479 0.259947
bus 40 1633.414062 689.615845 2272.302734 1150.028564 0.269937
person 41 1775.998047 479.809204 1801.814453 563.388306 0.768174
traffic light 18 771.250305 567.585083 796.351013 595.091187 0.291292
bus 24 1355.312256 605.325256 1596.519165 999.707275 0.856912
person 11 1043.784668 558.953552 1074.307739 620.791077 0.250441
person 7 907.071045 596.187927 937.866516 675.583923 0.836881
truck 46 1796.379883 860.785034 2435.367188 1194.462769 0.582486
truck 42 1206.635864 601.598694 1601.543213 995.971741 0.344752
airplane 1 2118.555908 1249.070068 2240.353516 1298.934814 0.751366
person 45 1777.919312 482.333038 1795.788330 534.264404 0.521181
