92762304687
skis 335 2255.028076 799.979736 2413.181396 869.601685 0.265593
skis 329 1576.265137 556.802185 1656.537109 591.878540 0.326137
skis 333 1595.043823 551.990234 1697.375610 584.839050 0.442651
backpack 244 2309.628662 712.161621 2336.934082 758.784180 0.624605
airplane 316 1577.228516 849.323853 1646.218140 918.804138 0.253423
airplane 1 2119.793701 1249.256836 2241.737793 1298.702881 0.520501
person 326 1630.559204 487.795074 1662.850708 561.878174 0.552608
person 188 2310.676514 688.767395 2356.354980 820.404053 0.696277
person 297 2056.159180 475.805908 2087.948242 551.341125 0.773434
cup 321 1464.210205 1063.136841 1539.223145 1177.164795 0.286431
kite 183 1539.827026 784.471313 1572.833618 801.341003 0.314026
skis 306 1459.119385 548.306091 1578.299194 596.271729 0.290231
bus 328 764.166321 639.889648 1132.863403 944.204224 0.293425
motorcycle 299 1150.242065 579.849609 1215.394897 648.050781 0.323220
motorcycle 296 1078.188599 620.572571 1122.538330 679.326721 0.367898
person 11 1078.508423 595.043152 1122.031372 677.243347 0.631552
person 294 2308.355957 689.170288 2366.865234 821.554565 0.871396
airplane 332 2150.455078 677.747192 2265.569824 707.959106 0.699511
person 327 1619.048828 485.283630 1647.481567 560.964417 0.410750
airplane 236 1577.516235 848.884521 1645.897095 888.700867 0.840646
traffic light 276 771.271057 566.821045 797.199158 595.199463 0.730695
frisbee 179 2007.042969 1176.625000 2077.109863 1217.166382 0.977032
person 303 1158.363892 558.719299 1206.722656 639.033630 0.707798
