93395312500
skis 337 2306.303711 792.758118 2410.005371 836.250244 0.577313
skis 333 1625.625977 548.855286 1743.604248 581.818542 0.656621
backpack 244 2356.308838 710.531250 2380.678711 753.208313 0.662038
airplane 236 1578.266846 847.400513 1646.954224 886.590027 0.256191
airplane 332 2154.098877 679.593140 2269.475342 709.873718 0.464068
airplane 1 2119.684082 1249.649536 2241.803467 1298.691284 0.497272
person 326 1668.218750 478.296722 1685.560791 554.192993 0.445683
person 336 1677.341553 489.334839 1712.601196 559.604126 0.451087
person 297 2056.429688 475.905975 2086.197021 549.443359 0.815188
person 294 2349.606201 686.679749 2410.207275 812.083740 0.869745
kite 183 1540.246704 784.721436 1572.708374 801.535217 0.560210
skis 306 1459.310913 547.355408 1575.265503 596.845093 0.379018
frisbee 179 2006.969360 1177.094604 2077.036133 1217.635986 0.939680
cup 321 1464.541748 1063.540283 1539.727661 1177.589966 0.890493
bus 328 776.395203 612.602661 1320.454102 937.784302 0.643392
person 188 2353.916260 686.597351 2400.225586 816.254395 0.612917
person 327 1654.652466 487.818420 1693.402100 558.869507 0.328797
skis 329 1572.885254 556.542542 1653.118408 590.934631 0.694794
airplane 316 1580.712769 846.447083 1649.527222 916.035767 0.753274
person 303 1152.719482 562.556885 1201.078247 642.871216 0.614722
traffic light 276 770.382324 568.331177 796.105286 594.663757 0.782134
