93428320312
skis 333 1635.189453 547.936340 1745.196777 581.042236 0.650346
skis 337 2306.166016 792.498962 2410.262451 836.593384 0.703398
frisbee 179 2007.084351 1176.649780 2076.993408 1217.183594 0.295597
backpack 244 2359.630371 709.775635 2384.441650 753.212158 0.640863
airplane 236 1578.269165 847.525818 1646.730103 886.879150 0.269517
airplane 1 2119.941895 1249.217896 2242.024170 1298.654663 0.391458
airplane 332 2153.863037 679.371887 2269.586914 710.017334 0.559857
person 326 1669.812866 479.552490 1687.450439 554.818787 0.581931
person 336 1680.055908 489.277039 1715.769775 560.923706 0.635753
person 297 2056.402832 475.442596 2086.172852 549.016296 0.789344
person 294 2350.182373 686.533386 2410.837402 812.325867 0.876552
cup 321 1464.462646 1063.295776 1539.213257 1177.350708 0.312441
bus 328 770.565979 611.516663 1333.623535 936.378967 0.580838
kite 183 1540.195557 784.740051 1572.657227 801.553833 0.986559
airplane 339 2224.474121 717.799133 2279.546387 740.246033 1.000000
person 188 2359.710938 685.777649 2406.020264 815.434692 0.538396
person 327 1656.744629 486.893127 1695.494263 557.944214 0.436640
skis 329 1572.911011 556.494263 1653.144165 590.886353 0.689727
airplane 316 1580.836426 846.295654 1649.650879 915.884338 0.706620
person 303 1152.538452 563.023438 1200.897217 643.337769 0.571632
traffic light 276 770.461426 568.273804 796.184387 594.606384 0.755938
skis 306 1459.278687 547.317139 1575.233276 596.806824 0.788270
