9189322916
truck 46 1775.583252 872.198975 2413.507324 1207.948120 0.297518
bus 40 1591.311401 685.670105 2229.276123 1140.234253 0.273768
person 41 1778.443359 480.904633 1807.692017 563.556030 0.639968
truck 42 1064.539429 581.651917 1584.619873 1088.338867 0.415956
bus 24 1386.512451 610.880493 1594.040283 1002.701965 0.689256
person 11 1043.909546 559.474548 1074.292114 624.851013 0.476712
person 7 907.576538 595.554993 936.192627 675.337952 0.822693
frisbee 38 2007.365967 1176.734619 2076.373535 1216.988281 0.976653
airplane 1 2118.313721 1249.079956 2240.111328 1298.944702 0.769476
person 45 1781.987915 482.081055 1799.856934 534.012390 0.327348
traffic light 18 771.236877 567.838013 796.272278 595.074402 0.739359
