93961328125
skis 333 1635.173828 545.266663 1742.130127 581.742737 0.321838
skis 329 1583.227539 551.880859 1696.413940 587.446838 0.447740
airplane 340 2194.243164 523.602417 2408.124512 619.933838 0.393849
airplane 1 2120.917969 1249.254272 2242.856689 1298.708008 0.447966
airplane 341 2318.985840 709.148438 2412.837646 811.237061 0.457888
airplane 332 2153.384521 678.564697 2270.318359 710.338440 0.538890
person 336 1700.886841 478.686951 1735.248779 555.541809 0.277003
person 297 2055.869141 475.274170 2086.141113 551.742554 0.785552
bus 328 775.163452 580.878601 1384.514526 919.995728 0.460460
airplane 339 2224.386475 719.212952 2280.065186 741.597717 0.858394
person 327 1683.153809 479.689270 1734.208130 559.415344 0.396688
frisbee 179 2007.022705 1176.685425 2076.763184 1217.213379 0.992961
airplane 316 1575.205933 850.479675 1644.020386 920.068359 0.879690
airplane 236 1578.551514 847.741394 1646.663208 887.348083 0.866786
person 303 1153.430176 564.197754 1201.788818 644.512085 0.609641
traffic light 276 771.319885 567.903076 797.042847 594.235657 0.782767
kite 183 1540.289307 784.868408 1572.715332 801.547241 0.954092
skis 306 1456.010254 545.479553 1571.964844 594.969238 0.665373
cup 321 1465.398438 1063.106445 1539.667603 1177.155151 0.848210
person 326 1692.460327 481.258423 1717.195801 556.357788 0.351787
