93994335937
skis 333 1636.133423 546.053467 1742.635498 581.711426 0.315885
skis 329 1586.674072 550.987305 1699.235840 586.292053 0.502281
airplane 339 2224.941650 718.623718 2279.966309 740.908752 0.264598
airplane 340 2194.413330 523.738586 2407.698975 619.962036 0.425484
airplane 1 2120.921875 1249.252930 2242.917725 1298.710571 0.446632
airplane 341 2319.996582 711.013123 2413.791992 809.976990 0.456355
airplane 332 2153.379150 678.553040 2270.358643 710.332336 0.548127
person 336 1701.896973 477.059937 1738.012085 554.982849 0.629385
person 297 2055.885498 475.157257 2086.142090 551.738831 0.783322
bus 328 783.943176 581.835754 1394.972412 910.406006 0.552900
person 327 1683.557495 481.020233 1734.611816 560.746338 0.467612
frisbee 179 2007.002441 1176.679077 2076.742920 1217.207031 0.972092
airplane 316 1575.070679 850.825867 1643.885132 920.414551 0.846582
airplane 236 1578.560669 847.731079 1646.672363 887.337769 0.867549
person 303 1152.624512 563.936890 1200.983276 644.251221 0.590300
traffic light 276 771.328674 567.899597 797.051636 594.232178 0.783521
kite 183 1540.253662 784.874268 1572.679688 801.553101 0.922559
skis 306 1456.133789 545.384521 1572.088379 594.874207 0.660321
cup 321 1465.563232 1062.894287 1539.832397 1176.942993 0.857054
person 326 1693.626221 482.257874 1718.361694 557.357239 0.440228
