94560351562
airplane 1 2119.497559 1248.956299 2242.220459 1298.696533 0.576114
airplane 332 2153.582031 678.997498 2268.943604 709.568054 0.643361
person 327 1734.307129 481.321686 1767.745728 555.244141 0.707786
person 297 2057.102539 475.554932 2086.093262 551.482910 0.793681
person 303 1156.028320 559.186157 1186.904663 601.557312 0.566312
bus 328 789.789917 576.777466 1402.201416 925.136841 0.407416
skis 333 1695.951172 539.186157 1808.368408 573.291504 0.393188
skis 329 1591.807861 553.447510 1704.381348 589.228027 0.446480
frisbee 179 2006.647461 1176.762573 2076.786621 1217.655029 0.935984
person 326 1730.708618 476.511505 1752.590942 552.638062 0.492825
truck 342 935.866943 554.782410 1504.476196 1086.670898 0.504672
airplane 340 2190.026855 524.500793 2410.420654 619.379150 0.704845
airplane 236 1578.213623 851.277344 1648.029663 885.702820 0.812357
