94927343750
frisbee 179 2006.641235 1176.785767 2076.879150 1216.899780 0.257108
airplane 332 2153.418701 679.869324 2268.254639 710.040710 0.443413
airplane 1 2119.925781 1248.832153 2241.736328 1298.720215 0.659292
person 327 1756.145386 489.468414 1787.761230 553.834473 0.515996
person 297 2056.348389 474.938354 2086.542480 551.537598 0.770311
truck 342 797.558044 576.612915 1410.642090 1095.943726 0.282151
person 326 1756.032471 487.771423 1776.355469 553.091553 0.308129
person 303 1156.641357 560.984070 1186.319336 599.492188 0.692161
bus 328 959.258972 537.917175 1592.912842 836.052734 0.298232
skis 333 1719.549683 540.344727 1800.551514 573.646057 0.430987
airplane 340 2184.891113 525.676147 2405.285156 620.554504 0.653562
airplane 236 1578.991455 850.648132 1648.807495 885.073608 0.823473
