9322330729
bus 40 1569.493896 677.004822 2207.542969 1123.176025 0.355923
airplane 1 2119.524170 1249.039551 2241.349609 1298.778564 0.355726
person 41 1782.458008 481.416382 1813.531128 558.439575 0.418984
person 11 1044.076538 559.230225 1074.616455 626.940063 0.472719
person 7 906.688538 595.303101 936.565674 677.160828 0.820567
person 45 1790.178467 480.386597 1808.047485 532.317932 0.570287
traffic light 18 771.275879 567.885132 796.311279 595.121521 0.736102
frisbee 38 2007.201538 1176.785889 2076.280762 1217.160034 0.989533
truck 46 1810.086304 884.959167 2446.459229 1220.666016 0.575876
