95193359375
skis 333 1746.147095 541.296509 1826.019653 572.588074 0.511730
bus 343 1585.665771 584.262878 1663.591553 768.049927 0.535013
airplane 340 2191.744141 522.024597 2406.848145 619.777649 0.299659
airplane 344 1999.624634 635.857483 2111.080811 659.142700 0.310095
airplane 332 2153.139404 678.864624 2268.420898 709.378845 0.525985
airplane 1 2120.190430 1249.347900 2242.233154 1298.779053 0.538047
person 327 1775.427002 486.176880 1808.944824 551.610107 0.319791
person 326 1764.720093 492.406738 1789.800171 549.885315 0.533752
person 297 2056.607666 474.478363 2085.676270 550.568481 0.794875
bus 328 892.309204 553.794250 1555.406250 884.734009 0.514465
frisbee 179 2006.272095 1176.936157 2076.518555 1217.001709 0.946360
truck 342 689.291016 609.111389 1302.375244 1128.442139 0.553167
airplane 236 1579.222290 850.543640 1649.038330 884.969116 0.809124
