95792317708
bus 343 1583.274658 531.087341 1760.399048 768.175659 0.889944
airplane 340 2197.911865 522.724976 2406.815430 619.993408 0.322718
airplane 332 2153.432861 678.997192 2268.925049 709.724365 0.427078
airplane 1 2120.361816 1249.755005 2242.543457 1298.705078 0.558093
person 327 1798.885254 467.420227 1842.795776 546.163452 0.524115
person 297 2056.239014 475.311401 2086.263428 551.038147 0.790416
airplane 346 2316.560303 733.357910 2402.806396 771.753174 0.949031
bus 328 849.904541 562.138123 1589.391357 986.529724 0.314489
person 326 1799.106201 492.666534 1821.752563 550.319336 0.338391
truck 342 1120.605103 515.789429 1775.089478 1022.999451 0.318123
frisbee 179 2006.939575 1176.964478 2076.652100 1216.941772 0.967086
