95892317708
bus 343 1583.269043 535.793762 1766.567993 771.359009 0.757254
airplane 346 2317.090576 733.463135 2403.055176 771.883789 0.334050
airplane 340 2199.647461 522.882507 2406.248291 620.065491 0.347254
airplane 332 2153.348877 679.027710 2268.861572 709.953430 0.422664
airplane 1 2120.243652 1249.773682 2242.710205 1298.716919 0.553821
person 326 1810.334229 500.588684 1832.422241 549.214417 0.352776
person 297 2056.123779 475.246185 2086.053955 550.863342 0.793579
bus 328 799.792419 545.989197 1583.008301 897.966553 0.259204
truck 342 1185.639038 510.350677 1840.123535 1017.560730 0.391024
frisbee 179 2006.349365 1177.034790 2076.062012 1217.012085 0.938408
person 327 1816.331543 476.802307 1848.477539 549.108154 0.364104
