96159309895
bus 343 1585.256348 521.283020 1806.128418 765.661987 0.833987
airplane 332 2153.335205 681.402588 2268.722168 709.293579 0.369868
airplane 340 2189.812012 522.943481 2408.009277 618.599854 0.406005
airplane 1 2121.616211 1249.741943 2242.769043 1298.686279 0.440221
person 327 1827.256104 472.322083 1866.548706 552.107422 0.618760
person 297 2056.733398 474.161133 2086.514648 551.141052 0.795487
truck 342 909.938416 552.232361 1575.718262 1072.765015 0.280054
bus 328 883.446899 519.086365 1606.096436 863.379761 0.297920
frisbee 179 2006.224121 1176.857422 2075.946289 1217.058716 0.897876
person 326 1829.824219 504.032288 1851.912231 552.658020 0.311373
