96558333333
frisbee 179 2007.024292 1176.686157 2077.056152 1216.972290 0.573269
bus 343 1585.969849 512.888855 1845.879395 752.919678 0.922639
airplane 340 2191.091553 522.589539 2405.850830 620.375854 0.317308
airplane 1 2119.739502 1249.387329 2242.173584 1298.704102 0.510123
airplane 332 2153.689941 680.477234 2269.387695 708.520203 0.527565
person 327 1854.127930 478.735077 1885.282349 553.061096 0.357212
person 297 2055.439453 474.531738 2086.657471 551.539307 0.787914
car 347 1627.601440 466.982361 1645.466431 473.370209 0.924967
person 326 1854.786255 514.303284 1876.874268 562.929016 0.386931
truck 342 906.775146 553.623535 1572.830078 1083.049805 0.538582
