96591341145
frisbee 179 2007.025513 1176.683105 2077.083252 1216.982178 0.590396
bus 343 1585.546021 513.264221 1848.881836 752.428467 0.928009
airplane 340 2189.877930 522.488525 2405.655762 620.410950 0.286309
airplane 1 2119.731934 1249.378174 2242.237793 1298.705566 0.494029
airplane 332 2153.769287 680.414856 2269.492676 708.489990 0.525132
car 347 1627.825928 467.017426 1645.448975 473.419464 0.261273
person 327 1853.571655 476.731567 1889.623535 553.590820 0.621347
person 297 2055.382324 474.506744 2086.669922 551.551575 0.785846
person 326 1856.899170 515.069702 1878.987183 563.695435 0.325520
truck 342 905.301453 553.367676 1571.356445 1082.793945 0.547111
