96691341145
frisbee 179 2007.030151 1176.683228 2077.126953 1216.989014 0.562785
bus 343 1583.592651 508.470642 1856.798218 751.580811 0.924599
airplane 340 2191.035400 522.557617 2405.510986 620.492004 0.299464
airplane 1 2119.742676 1249.363770 2242.187012 1298.707520 0.508400
airplane 332 2153.839111 680.350342 2269.594482 708.473389 0.526892
person 327 1857.624390 472.501099 1897.418701 551.801147 0.303140
person 297 2055.556152 474.588135 2086.385254 550.783569 0.795044
car 347 1627.928467 466.992279 1645.393921 473.394806 1.028383
person 326 1863.238159 517.369019 1885.326172 565.994751 0.271407
truck 342 915.964233 553.741516 1582.019287 1083.167725 0.552307
