96958333333
frisbee 179 2006.848022 1176.801636 2076.724365 1216.904297 0.343003
bus 343 1582.242065 500.336487 1881.486572 748.386597 0.935948
airplane 1 2121.170410 1249.343506 2242.941406 1298.696045 0.457603
airplane 332 2153.638428 679.729126 2268.830811 709.514832 0.480462
person 297 2056.670166 474.048737 2085.662109 549.470825 0.793338
bus 348 952.717041 545.713562 1588.470703 833.716919 0.330450
bus 349 1295.440186 547.079163 1582.495728 823.915405 0.382048
person 326 1880.141846 523.500549 1902.229858 572.126282 0.290574
airplane 340 2183.417969 522.249939 2409.225586 618.613464 0.671478
person 327 1880.954468 474.138214 1918.342651 547.852600 0.407953
truck 342 1053.424194 524.931519 1719.479248 1054.357666 0.593197
