97291341145
bus 343 1580.791626 497.457886 1904.644165 746.789307 0.935826
airplane 340 2156.282471 523.885010 2406.432373 617.762939 0.259578
airplane 332 2151.914551 681.215881 2267.164795 708.829163 0.380417
airplane 1 2119.382080 1248.948608 2242.220703 1298.775879 0.537392
person 327 1898.799927 473.449677 1934.739990 556.053589 0.528541
person 297 2056.102783 475.913422 2086.633057 551.513855 0.789178
person 350 1155.368774 560.952026 1184.345947 616.606689 0.313973
person 326 1901.216187 515.742065 1924.033813 565.778870 0.242988
bus 348 966.546692 548.340393 1603.532227 830.260254 0.714551
truck 342 1121.735352 507.610779 1787.790283 1037.036987 0.556891
frisbee 179 2006.624023 1177.146973 2076.489258 1217.245605 0.908030
