97390364583
bus 343 1580.192261 490.612457 1911.575928 746.173828 0.933692
airplane 340 2155.047852 523.718201 2407.136719 617.327698 0.253659
airplane 332 2152.936279 681.865601 2268.427246 709.370972 0.355301
airplane 1 2119.383789 1248.970825 2242.184082 1298.771851 0.545920
person 297 2056.079102 475.808441 2086.622559 551.560974 0.780540
person 327 1904.070190 473.268250 1937.200195 555.242554 0.336151
bus 351 756.565857 567.483704 1351.732178 919.601196 1.000000
bus 348 983.233887 549.607910 1620.219482 831.527832 0.501498
truck 342 1129.479614 506.861359 1795.534424 1036.287598 0.456709
frisbee 179 2006.625488 1177.155762 2076.490723 1217.254395 0.908137
person 350 1155.530029 561.179504 1184.471313 616.323181 0.898240
