97457356770
bus 343 1581.086426 487.415192 1917.371704 745.281860 0.939266
airplane 340 2169.729736 523.296021 2408.231445 618.215942 0.313573
airplane 332 2152.901611 680.259277 2268.492432 709.061523 0.481543
airplane 1 2120.047852 1249.469360 2242.390869 1298.804077 0.493456
person 327 1909.085205 485.541016 1936.131470 555.328003 0.359259
person 297 2056.440918 475.239624 2086.392822 551.020020 0.770321
bus 348 966.462646 547.891724 1603.447998 828.951172 0.256436
bus 351 752.030823 581.126831 1338.734497 915.660706 0.566116
airplane 352 1999.223389 635.940063 2111.528320 659.110962 0.999916
truck 342 1141.595947 505.780243 1807.650757 1035.206543 0.526452
frisbee 179 2006.450073 1177.191895 2076.315430 1217.290527 0.926125
person 350 1155.333130 561.349976 1184.274414 616.493652 0.812197
