97624348958
bus 343 1581.215332 484.748016 1925.429688 743.430908 0.921718
airplane 340 2177.594727 522.441284 2407.612061 618.552307 0.302661
airplane 332 2153.305420 679.045593 2269.458984 709.057739 0.474049
airplane 1 2120.389404 1249.507568 2242.531738 1298.740112 0.498798
person 327 1920.039551 476.091003 1953.619385 549.647583 0.322589
person 297 2056.687988 474.752075 2086.208984 550.891418 0.772758
bus 351 747.613708 581.788208 1322.583740 919.337830 0.497015
frisbee 179 2006.296143 1177.192871 2076.161377 1217.291504 0.917799
person 350 1154.964600 561.637024 1183.905884 616.780701 0.747934
bus 348 977.260437 549.912842 1614.245605 830.972290 0.493176
truck 342 1012.833252 494.865631 1665.382324 902.926392 0.384676
