97956315104
bus 343 1579.868530 481.336365 1936.777344 736.505615 0.919995
airplane 1 2121.152832 1249.463623 2242.572998 1298.662476 0.483641
airplane 332 2147.243896 678.186462 2262.920166 703.534607 0.495485
person 327 1939.417480 475.935516 1968.379517 541.720886 0.557733
person 297 2055.479736 474.704498 2086.941162 551.299927 0.819456
traffic light 353 770.213379 563.778198 814.099182 597.984436 0.290894
bus 351 749.431885 581.082703 1312.819580 927.835999 0.501033
frisbee 179 2006.258057 1177.093628 2076.123291 1217.192261 0.911667
person 350 1154.613525 562.723755 1183.554810 617.867432 0.643279
airplane 340 2177.654541 524.053589 2405.450684 620.123230 0.704105
bus 348 970.069336 552.042358 1607.054688 833.101807 0.339873
truck 342 975.411316 486.340088 1627.960205 894.400940 0.398969
