98023307291
bus 343 1579.590820 479.247711 1937.670776 737.184937 0.931785
airplane 332 2149.496094 678.439880 2265.174316 703.877625 0.490682
airplane 1 2121.168701 1249.469971 2242.672607 1298.672241 0.497130
person 297 2055.430176 474.695068 2086.931152 551.278564 0.816862
traffic light 353 770.219971 563.605652 814.141663 598.121704 0.264036
bus 351 755.177612 574.440063 1340.234375 923.420471 0.466174
frisbee 179 2006.245239 1177.090088 2076.110596 1217.188721 0.908069
person 327 1940.189697 475.225739 1969.151733 541.011108 0.425992
person 350 1154.645630 562.712097 1183.586914 617.855774 0.659684
airplane 340 2176.377686 524.661987 2404.173828 620.731628 0.731934
bus 348 969.907593 552.316040 1606.893066 833.375488 0.326498
truck 342 990.879578 516.277344 1643.428467 924.338135 0.370640
