98056315104
bus 343 1579.977539 476.678833 1938.656494 737.282104 0.926432
airplane 1 2121.185059 1249.468750 2242.694580 1298.675903 0.485986
airplane 332 2150.736084 678.700256 2266.413086 704.244629 0.493672
person 297 2055.409668 474.727356 2086.992432 551.284729 0.813499
bus 351 753.686707 570.659119 1329.617188 918.538330 0.349520
frisbee 179 2006.238892 1177.101196 2076.104248 1217.199829 0.908022
person 327 1940.596436 475.027588 1969.558472 540.812988 0.499941
traffic light 353 770.224548 563.610107 814.146240 598.126160 0.954663
person 350 1154.626831 562.781738 1183.568115 617.925415 0.681198
airplane 340 2175.671387 524.945618 2403.467529 621.015259 0.725710
bus 348 969.826843 552.452942 1606.812256 833.512451 0.333795
truck 342 988.635132 516.967407 1641.184082 925.028259 0.377630
