98156315104
frisbee 179 2006.571655 1176.699463 2076.752441 1217.099854 0.309611
bus 343 1580.174072 472.547363 1942.878296 738.157104 0.914679
airplane 355 1578.195557 848.424377 1647.614136 887.202148 0.252244
airplane 1 2121.247314 1248.973267 2243.206299 1298.626709 0.266895
airplane 354 2317.673340 733.634338 2402.693115 772.139282 0.292896
airplane 332 2153.683350 680.048889 2268.988770 709.395752 0.393953
person 297 2055.592773 474.924652 2087.473389 550.879761 0.792101
bus 351 781.220093 571.104309 1346.059570 910.786316 0.276143
person 327 1945.255005 474.403687 1974.217041 540.189087 0.463203
traffic light 353 770.372864 563.431091 814.294556 597.947144 0.921643
person 350 1154.270020 562.478638 1183.211304 617.622314 0.698211
airplane 340 2173.137451 525.832397 2400.933594 621.902039 0.600885
bus 348 969.584351 552.863464 1606.569580 833.922974 0.394857
truck 342 981.901794 519.037537 1634.450684 927.098389 0.361887
