98356315104
frisbee 179 2006.553101 1176.652588 2076.860840 1217.189331 0.287764
bus 343 1579.785645 469.996490 1950.820312 740.764282 0.934334
airplane 354 2317.756348 733.658386 2402.779297 772.102661 0.278450
airplane 332 2153.556396 679.712952 2268.845703 710.288696 0.414118
person 297 2055.700684 474.837280 2087.458740 550.531006 0.794243
traffic light 353 769.913757 564.703979 805.516907 596.966797 0.325371
bus 351 817.901794 561.924255 1374.391235 903.491577 0.349780
airplane 1 2121.208496 1248.760132 2243.427246 1298.715698 0.979720
person 350 1153.968384 562.500000 1182.909790 617.643677 0.680090
airplane 340 2158.975098 530.598083 2386.771240 626.667725 0.505738
bus 348 969.099426 553.684631 1606.084839 834.744141 0.294488
truck 342 968.435120 523.177734 1620.984009 931.238525 0.289540
airplane 355 1578.365234 848.442810 1647.750000 887.189636 0.963565
