98589322916
frisbee 179 2006.872070 1176.704224 2076.844727 1217.077026 0.411475
bus 343 1576.911743 469.441925 1953.431763 751.495361 0.932247
airplane 332 2153.165527 680.620178 2268.606934 709.961670 0.406085
airplane 1 2121.811279 1249.208252 2242.900391 1298.760132 0.485328
person 297 2056.385498 474.231445 2086.520264 550.145996 0.809132
bus 351 854.519470 558.109131 1491.276611 888.144775 0.721617
person 350 1154.599121 562.288086 1183.106079 613.494690 0.263107
traffic light 353 771.825867 563.541382 809.792419 596.992798 0.855047
airplane 340 2151.376953 530.782410 2379.173096 626.852051 0.602154
bus 348 971.120850 550.705688 1608.106201 831.765137 0.402589
truck 342 961.172424 553.232788 1613.721436 961.293579 0.273645
airplane 355 1578.170654 848.323730 1647.555420 887.070557 0.883214
airplane 354 2316.970459 734.163696 2401.992188 772.601501 0.891313
