9722330729
bus 40 1585.881348 619.237793 2223.002441 1139.440918 0.517067
person 41 1811.425781 479.976715 1844.894165 560.144165 0.473296
traffic light 18 770.285217 568.612549 796.360901 594.939392 0.418856
car 47 781.301453 777.466492 984.841614 895.936768 0.870450
person 11 1043.871948 558.394775 1075.197876 628.638550 0.361427
person 7 906.391479 599.117737 939.386597 680.615723 0.791787
frisbee 38 2007.373291 1176.929077 2076.656250 1217.247681 0.946831
person 45 1813.590942 479.650085 1835.365967 535.857605 0.611370
airplane 1 2118.829590 1249.245605 2241.083008 1298.514038 0.811448
truck 46 1823.742432 908.134399 2460.115234 1243.841309 0.518090
