99288346354
frisbee 179 2006.836182 1176.570312 2077.181641 1217.168823 0.290138
bus 343 1579.989624 467.543091 1957.243530 740.037476 0.911807
airplane 1 2120.457031 1249.094849 2242.313232 1298.704224 0.382976
airplane 340 2191.504639 522.776428 2408.138184 619.000732 0.406198
airplane 354 2318.071045 733.495361 2402.876709 771.918884 0.408960
airplane 332 2154.218994 680.290100 2269.414062 709.614319 0.412633
person 357 2005.315430 467.741058 2038.029663 534.373535 0.372281
person 297 2055.810791 474.970032 2086.930908 551.335693 0.763841
bus 351 976.749634 548.816162 1564.456787 863.823975 0.681540
airplane 355 1577.841675 847.498657 1647.233032 901.258972 0.746609
cell phone 356 1540.589722 784.643799 1572.211426 801.510132 0.978882
truck 342 976.393860 592.260315 1512.266602 944.024902 0.345882
