99488346354
bus 343 1580.544189 466.985046 1956.651855 736.621826 0.930630
airplane 340 2180.500488 522.774658 2406.581055 618.597656 0.301385
airplane 1 2121.608887 1249.344971 2243.027100 1298.737793 0.388120
airplane 332 2153.879639 680.390320 2268.990234 709.650513 0.424968
person 357 2006.747925 467.002167 2043.474243 533.767090 0.473719
person 297 2057.053467 474.119293 2086.767334 549.937012 0.751355
bus 351 1025.830933 546.710388 1575.444946 844.348694 0.777610
person 359 828.398926 601.705994 861.145081 683.545471 0.569852
truck 342 1060.843384 576.002563 1596.716309 927.767212 0.407355
airplane 358 1577.625122 856.440491 1647.377930 885.741211 0.942083
frisbee 179 2006.554932 1176.864258 2076.914307 1217.427856 0.939496
