798307291
airplane 17 2257.615234 715.813904 2414.284668 855.882141 0.292251
airplane 2 2153.484375 679.769775 2269.160645 710.500610 0.556991
airplane 1 2119.476562 1249.646851 2241.888672 1298.673584 0.603792
person 5 2153.960938 467.726501 2191.258057 538.000732 0.353754
person 4 2339.557129 485.499512 2365.142822 555.684814 0.493884
kite 14 1540.037720 784.198547 1572.676025 800.823486 0.354561
motorcycle 16 1025.733276 550.192993 1050.282959 603.779175 0.298059
motorcycle 10 1035.946777 717.269897 1163.819824 815.476440 0.332678
person 7 848.151611 557.882629 865.898376 616.488953 0.602429
person 12 1169.181274 558.799500 1221.348022 654.426697 1.129347
person 8 1047.407959 697.209656 1093.658691 766.044006 0.538865
person 11 1022.936951 549.141968 1047.175171 587.927429 0.494440
airplane 9 1578.291992 849.536316 1647.291626 894.268250 0.683101
skis 15 1450.990356 544.877136 1570.332153 583.447083 0.778533
