99921354166
bus 343 1579.509277 466.851166 1945.594727 727.517700 0.887127
airplane 332 2153.391113 676.976807 2269.497070 709.710571 0.480340
airplane 1 2120.582031 1248.997314 2241.812256 1298.676270 0.514435
person 357 2027.793091 466.901184 2049.493408 523.751099 0.555120
person 297 2056.768311 475.235779 2086.963623 551.019104 0.762137
bus 351 1106.179932 545.115479 1587.113403 809.586060 0.892533
person 360 826.361877 604.462341 846.912598 673.064575 0.336775
person 359 847.197632 595.668945 883.902527 676.986938 0.828438
truck 342 1150.973633 542.233582 1650.683105 838.186279 0.506693
frisbee 179 2006.284058 1177.069702 2076.643555 1217.633301 0.968610
airplane 358 1577.084961 857.852600 1646.697876 885.861389 0.905609
airplane 340 2180.903320 523.058044 2408.881348 619.018127 0.837564
