99954361979
bus 343 1579.368652 466.563324 1944.052979 724.821350 0.896724
airplane 332 2153.300537 676.896240 2269.439209 709.645264 0.481505
airplane 1 2120.566650 1249.000732 2241.817871 1298.681274 0.506167
person 357 2028.642700 467.068115 2050.434326 522.393799 0.540578
person 297 2057.419678 475.418091 2087.076660 551.009094 0.750550
truck 342 1143.521851 544.349976 1627.559814 828.009399 0.443573
bus 351 1110.884766 545.370544 1586.117920 809.277100 0.733396
person 360 828.056213 604.780945 849.234131 672.693726 0.338387
person 359 848.235168 594.991272 883.842224 676.462952 0.711264
frisbee 179 2006.302612 1177.069824 2076.662109 1217.633423 0.959676
airplane 358 1576.888062 857.737671 1646.500977 885.746460 0.931251
airplane 340 2181.411377 522.978088 2409.389404 618.938171 0.823996
