100187304687
frisbee 179 2007.102295 1176.805054 2077.155518 1217.132324 0.384741
bus 343 1578.497681 467.293854 1932.353882 722.514954 0.880939
airplane 332 2153.983154 680.304565 2269.009521 710.000610 0.323799
airplane 1 2119.835938 1249.371704 2241.817627 1298.728271 0.538699
person 361 1928.997192 467.985443 1951.868652 529.979614 0.723989
person 297 2057.423584 475.081482 2086.857910 551.385742 0.762720
bus 351 1150.238892 545.627197 1586.202271 801.608276 0.674933
person 360 825.870178 599.145142 849.763916 672.085999 0.426272
person 359 850.596863 596.539673 880.430542 674.701843 0.648246
truck 342 1202.503296 539.573120 1664.775269 812.211060 0.611757
airplane 358 1576.850342 857.469849 1646.463257 885.478638 0.947805
airplane 340 2186.482178 523.086487 2414.460205 619.046570 0.671357
person 357 2036.230591 466.045807 2071.382568 522.244385 0.255992
