100221354166
frisbee 179 2007.115967 1176.807007 2077.153076 1217.120483 0.373820
bus 343 1578.368652 467.468597 1930.879150 726.137451 0.892563
airplane 332 2153.744385 680.617310 2268.720947 710.052002 0.340374
airplane 1 2119.816650 1249.374634 2241.854980 1298.723145 0.562472
person 361 1929.855957 468.548340 1952.502563 527.055298 0.673927
person 297 2058.000732 475.360718 2086.897705 551.202454 0.731117
bus 351 1160.895752 545.380981 1587.848999 801.144836 0.601286
person 359 850.643494 595.996460 880.162476 674.527466 0.470639
truck 342 1212.869995 539.346619 1675.141968 811.984497 0.602359
airplane 358 1576.941162 857.453003 1646.554077 885.461792 0.935037
person 360 826.478027 598.883118 850.371765 671.823975 0.564148
airplane 340 2186.208008 523.351440 2414.186035 619.311523 0.643758
person 357 2037.655396 465.760468 2072.807373 521.959045 0.245932
