100720312500
frisbee 179 2007.190063 1176.729980 2076.784668 1216.793701 0.535369
bus 343 1578.915649 465.873566 1910.271484 721.816650 0.894410
airplane 340 2189.500000 522.705078 2408.125000 618.640808 0.252156
airplane 358 1578.414673 849.091248 1647.291748 886.479187 0.275840
airplane 332 2153.614014 678.516296 2269.829102 709.763794 0.498315
airplane 1 2121.103516 1249.338989 2242.507324 1298.728149 0.598311
person 365 2080.890381 467.592896 2115.356201 525.981323 0.375816
person 297 2056.143066 474.739563 2087.307129 549.674438 0.728553
person 361 1925.899658 467.781464 1951.757690 536.515259 0.836716
bus 351 1293.997925 540.687683 1591.342651 773.113647 0.658828
motorcycle 362 1148.593262 575.722900 1202.217163 647.165344 0.429755
person 360 826.515869 590.009583 852.872986 669.198853 0.785006
person 359 858.540649 589.015015 890.856445 666.013672 0.822844
person 363 1152.061035 563.558167 1185.150635 638.276489 0.900294
truck 342 1206.208496 547.638428 1596.741943 786.739014 0.467953
handbag 364 846.198242 625.579163 860.988770 643.712036 0.525972
person 357 2059.029053 461.480347 2094.180908 517.678955 0.229048
