100753320312
frisbee 179 2007.289795 1176.859253 2076.814209 1216.718750 0.391326
bus 343 1579.092285 466.147583 1908.251953 724.212341 0.879841
airplane 1 2121.445557 1248.995605 2243.216064 1298.727905 0.299646
airplane 332 2153.745850 678.949768 2269.651855 709.635620 0.473975
person 365 2084.429443 467.515839 2116.806396 525.804688 0.615048
person 297 2055.998535 474.703125 2087.546387 550.361938 0.763109
person 361 1925.445435 467.774323 1952.094482 536.447144 0.851821
bus 351 1296.969604 541.271362 1590.393677 771.389221 0.775527
motorcycle 362 1148.467896 572.288513 1202.770142 647.442505 0.572915
person 363 1153.736328 564.270081 1193.097534 642.173828 0.266824
person 360 827.153748 590.240234 854.821960 669.157593 0.739992
person 359 858.406677 588.006348 891.243713 665.857178 0.759339
truck 342 1207.049927 546.894409 1597.583252 785.994995 0.386720
traffic light 366 770.483765 561.741577 815.473755 596.800781 1.000000
handbag 364 847.154541 624.976501 861.945068 643.109375 0.499637
person 357 2060.454102 461.195007 2095.605957 517.393616 0.229270
airplane 340 2189.646973 522.725220 2408.271973 618.660950 0.920545
airplane 358 1578.608276 849.439880 1647.485352 886.827820 0.725972
