100887304687
frisbee 179 2007.406372 1177.020386 2076.835938 1216.607666 0.364100
bus 343 1577.435547 468.058746 1896.223389 739.837891 0.819760
airplane 1 2121.846680 1248.605591 2244.176270 1298.756836 0.295452
airplane 332 2153.601074 678.842163 2269.381592 709.739075 0.462911
person 365 2091.218750 466.720306 2117.895752 521.601501 0.369124
person 297 2055.850098 474.701782 2087.606201 551.319519 0.755316
person 361 1922.745728 469.099030 1949.593506 537.306763 0.830388
bus 351 1300.288208 544.776123 1587.064453 767.394653 0.831935
motorcycle 362 1148.219116 569.557922 1203.490234 649.357910 0.580830
person 363 1152.845093 564.921326 1198.353760 645.862061 0.282780
person 360 827.005432 590.728516 855.738403 667.983521 0.712809
person 359 858.808289 586.439392 888.916321 664.734436 0.837662
person 357 2066.153809 460.053650 2101.305664 516.252258 0.208480
handbag 364 849.699219 622.882019 862.985535 641.525208 0.454326
airplane 340 2189.418945 522.935974 2408.043945 618.871704 0.909957
airplane 358 1578.385376 850.417053 1647.262451 887.804993 0.766001
traffic light 366 770.767822 561.746155 815.852051 596.810303 0.928887
