100953320312
frisbee 179 2007.425659 1177.035889 2076.850342 1216.588257 0.357667
bus 343 1577.163452 467.903717 1890.553345 740.018555 0.835850
airplane 1 2121.840332 1248.562378 2244.153076 1298.769897 0.300456
airplane 332 2153.570557 678.841736 2269.334229 709.743103 0.481457
person 357 2080.356201 465.215454 2103.866455 515.011902 0.298943
person 365 2099.008789 466.803986 2122.052734 522.397766 0.582134
person 297 2055.916748 474.660522 2087.888184 551.310669 0.772472
person 361 1922.428101 470.233704 1948.144287 537.268372 0.778964
bus 351 1302.081909 544.644592 1586.825684 762.252808 0.799132
motorcycle 362 1148.163086 569.304810 1203.516113 649.202271 0.559827
person 363 1153.344849 564.599487 1199.174561 645.750061 0.287566
person 360 827.073059 590.752502 853.273804 666.972656 0.706353
person 359 858.811951 586.106628 886.275146 664.147583 0.832666
handbag 364 849.605713 622.062317 862.892029 640.705505 0.501556
airplane 340 2189.463867 523.093811 2408.088867 619.029541 0.892200
airplane 358 1578.008301 850.767151 1646.885376 888.155090 0.770322
traffic light 366 770.922241 561.788940 816.006470 596.853088 0.887066
