101186328125
frisbee 179 2007.148560 1176.961304 2076.736328 1216.881104 0.285117
bus 343 1576.177734 467.247894 1874.643799 732.247498 0.911869
airplane 368 1743.447021 813.756470 2411.732422 1098.825439 0.252030
airplane 1 2120.726807 1249.596924 2242.122559 1298.743164 0.279986
airplane 332 2153.588135 680.356750 2268.653809 709.743164 0.467167
person 361 1918.811768 474.035431 1941.201294 536.569580 0.613642
person 365 2105.649170 467.208557 2142.327881 523.465881 0.677836
person 297 2056.949951 475.409912 2089.279297 551.368225 0.786531
cup 369 1464.359253 1063.167480 1539.384155 1177.254028 0.299257
handbag 364 852.280029 620.767212 863.388672 639.707153 0.284074
bus 351 1334.405029 546.581482 1584.964478 751.311768 0.834794
motorcycle 362 1148.811646 570.945801 1202.637451 647.876526 0.470437
car 367 784.318176 798.703430 908.394409 925.978760 0.735419
person 360 827.480774 586.988342 851.876038 664.130859 0.799633
person 359 858.602356 584.694641 883.944031 661.468201 0.803972
airplane 340 2173.294678 522.002930 2408.191895 619.040588 0.778703
person 357 2090.749756 466.178101 2114.389160 514.596558 0.294531
airplane 358 1577.203979 849.465759 1646.141968 902.158569 0.757186
traffic light 366 770.653137 561.721008 815.737366 596.785156 0.876324
