101519335937
bus 343 1576.677856 466.492859 1854.509766 723.408447 0.932710
airplane 1 2121.061768 1249.530396 2242.522461 1298.701416 0.558088
airplane 332 2153.648682 679.335327 2268.917236 709.753235 0.558790
person 365 2131.903076 467.270721 2149.289062 520.687378 0.320977
person 357 2114.768066 467.035095 2134.723389 512.562744 0.332502
person 361 1904.858154 476.722900 1932.365234 541.119629 0.753598
person 297 2056.044678 475.443939 2087.052246 551.540710 0.822091
bus 351 1391.663208 546.564453 1586.091064 732.110352 0.852091
motorcycle 362 1148.496948 568.131348 1205.380615 648.161804 0.548865
car 367 779.482300 775.327209 1014.421143 908.290527 0.874909
person 359 860.747742 587.317139 887.262390 659.511963 0.642081
person 360 828.224976 585.005615 852.422302 661.369019 0.817907
airplane 358 1577.044678 847.156616 1645.560913 893.729248 0.657985
airplane 340 2163.566406 522.989197 2409.397217 619.924683 0.654987
frisbee 179 2006.930298 1177.087036 2076.537354 1217.083374 0.941821
traffic light 366 770.403564 561.653381 815.487793 596.717529 0.909195
airplane 368 1742.645996 815.564819 2410.900391 1100.591675 0.940056
