101719335937
bus 343 1576.953979 466.867188 1840.074219 719.765625 0.896947
airplane 1 2121.079346 1249.515503 2242.578125 1298.722046 0.554521
airplane 332 2153.611084 679.124756 2269.272217 709.775635 0.565208
person 361 1899.461548 480.170593 1925.406128 547.361877 0.749328
person 297 2056.028564 475.609741 2086.952637 551.836182 0.818786
bus 351 1423.588257 546.194275 1585.737305 717.395020 0.866171
motorcycle 362 1148.316406 567.515564 1206.118164 648.234741 0.553768
car 367 786.669556 766.453369 1080.718750 924.239136 0.843184
person 359 863.344543 579.779358 890.969116 656.544189 0.744155
person 360 828.626831 583.077271 853.757446 660.529236 0.799115
airplane 340 2161.879150 527.098816 2407.710205 624.034302 0.619920
frisbee 179 2006.642334 1177.128296 2076.249268 1217.124634 0.968100
traffic light 366 770.335632 561.612305 815.419861 596.676453 0.917851
airplane 358 1578.697144 847.452148 1646.843628 887.630798 0.730486
airplane 368 1735.817017 839.919373 2404.071777 1124.946167 0.637823
