101885351562
frisbee 179 2007.286865 1176.754639 2076.984863 1217.144897 0.550176
bus 343 1578.838257 467.520355 1826.140137 712.085205 0.942408
airplane 340 2187.633301 522.579529 2408.616211 619.287720 0.253785
airplane 1 2121.018066 1248.784424 2243.504150 1298.813110 0.258182
airplane 370 1999.741821 635.821838 2110.991455 658.786377 0.264167
airplane 332 2153.907471 678.366211 2268.889893 709.773254 0.541749
person 361 1895.351685 480.241302 1916.303467 548.434814 0.323962
person 297 2057.017578 475.322540 2087.545654 550.192261 0.792900
traffic light 366 771.154663 568.543518 796.951294 594.850891 0.275054
bus 351 1450.639526 546.685364 1585.497803 709.565186 0.789131
motorcycle 362 1149.555298 567.336853 1202.357422 647.976318 0.468793
car 367 829.915527 755.821899 1136.780273 917.521851 0.783425
person 359 862.486938 575.958862 890.764954 654.461792 0.714777
person 360 828.313049 582.828918 851.400452 658.742981 0.787235
airplane 358 1579.653564 848.049438 1647.800049 888.228088 0.751438
airplane 368 1760.157593 822.421326 2428.412354 1107.448120 0.899410
