101952343750
frisbee 179 2007.284546 1176.747925 2076.986572 1217.158325 0.549198
bus 343 1580.096924 466.882935 1829.062622 708.270020 0.953803
airplane 1 2121.009033 1248.744629 2243.548584 1298.821777 0.258300
airplane 370 1999.634644 635.983521 2110.919922 658.971924 0.266063
airplane 340 2190.982910 522.460388 2408.442383 619.193481 0.292390
airplane 332 2153.933105 678.177612 2268.896484 709.747192 0.543445
person 361 1890.073364 480.854462 1915.123657 550.471802 0.705510
person 297 2056.991211 475.274109 2087.543945 550.072571 0.795842
traffic light 366 771.347229 568.924988 796.193359 594.771057 0.282717
bus 351 1460.682739 546.676758 1585.357788 706.318970 0.354454
motorcycle 362 1149.480957 567.622375 1202.088745 648.004639 0.481853
car 367 851.566833 752.106689 1173.596191 914.198181 0.887115
person 359 862.421021 575.800720 890.803223 653.889893 0.735302
person 360 828.028259 583.136414 851.065063 658.083008 0.789435
airplane 358 1579.664917 848.039368 1647.811401 888.218018 0.730979
airplane 368 1767.755005 823.620056 2436.009521 1108.646851 0.856675
