102218359375
frisbee 179 2007.068604 1176.606812 2076.839600 1217.003784 0.306292
bus 343 1582.949341 465.899139 1835.586304 692.471436 0.961266
airplane 332 2154.042969 678.877747 2269.393066 709.727173 0.405931
airplane 340 2192.252441 523.916443 2407.167236 618.830994 0.486555
airplane 1 2119.715820 1248.973022 2242.475586 1298.729980 0.591289
person 361 1882.353027 482.753265 1909.428833 551.920654 0.732450
person 297 2057.138916 474.752441 2086.242188 548.722595 0.786069
traffic light 366 771.138550 563.679321 811.145386 595.137695 0.276822
bus 351 1498.725586 546.517883 1585.463013 689.422363 0.860420
motorcycle 362 1149.427246 565.898071 1217.072021 648.008911 0.567866
car 367 939.628235 737.727112 1252.013794 899.434937 0.828068
person 359 863.365967 581.293640 885.697144 651.505127 0.551053
person 360 827.157471 580.534546 848.406982 654.945374 0.736650
airplane 358 1579.398315 848.696533 1647.544800 888.875183 0.730774
airplane 368 1702.153687 837.829529 2370.408447 1122.856323 0.491917
