102518359375
frisbee 179 2007.110352 1176.801025 2076.666748 1216.858887 0.455766
bus 343 1580.485962 465.284729 1833.449829 675.322266 0.952791
airplane 371 1578.043823 848.369080 1647.302246 917.790466 0.306080
airplane 340 2191.861572 522.129517 2407.110107 617.719788 0.311241
airplane 332 2154.237305 680.502747 2268.687012 710.816406 0.446476
airplane 1 2119.999268 1248.713135 2242.907227 1298.718140 0.607227
person 361 1876.075806 481.998383 1904.468506 551.129822 0.776683
person 297 2055.723389 473.573639 2086.854004 550.769409 0.807003
bus 351 1538.864868 546.731323 1585.163086 673.825256 0.628833
motorcycle 362 1148.086792 571.898376 1204.238647 647.735107 0.417503
car 367 1035.196655 721.035889 1319.452881 881.505432 0.770200
person 359 863.371094 579.871277 887.820618 647.921143 0.724558
person 360 826.390320 579.397461 850.604614 653.302307 0.771500
airplane 358 1577.620605 854.849915 1647.229980 885.609192 0.798458
airplane 368 1338.520874 911.923340 2006.775635 1196.950195 0.557144
