102551302083
frisbee 179 2007.117065 1176.811279 2076.656006 1216.844604 0.463536
bus 343 1579.940918 465.169861 1833.079956 673.302124 0.954199
airplane 371 1578.044312 848.400696 1647.181396 917.776123 0.290916
airplane 340 2188.413086 522.084167 2406.838867 617.573242 0.337199
airplane 332 2154.089844 680.674438 2268.474121 710.904297 0.442742
airplane 1 2120.022949 1248.694458 2242.938721 1298.717285 0.609653
person 361 1876.205811 482.023529 1904.425659 551.154968 0.774328
person 297 2055.676270 473.486359 2086.939209 550.881836 0.804727
bus 351 1543.110352 546.736877 1585.130371 671.906860 0.372475
motorcycle 362 1148.075439 572.243042 1204.013062 647.874390 0.451526
car 367 1047.713257 719.291687 1344.258301 879.605286 0.902414
person 359 863.702454 580.290100 888.089661 647.259827 0.721624
person 360 826.596619 579.440613 850.861023 653.414490 0.758282
airplane 358 1577.294434 854.458618 1646.903809 885.217896 0.870876
airplane 368 1284.558105 923.302490 1952.812744 1208.329346 0.636378
