102718359375
frisbee 179 2007.134766 1176.833618 2076.659668 1216.836426 0.460365
bus 343 1579.794922 465.575653 1832.884888 664.225769 0.956742
airplane 358 1577.719971 856.497314 1647.609375 885.383911 0.253356
airplane 371 1578.078857 848.468018 1647.318359 917.764282 0.293505
airplane 340 2172.357910 522.005493 2406.632324 617.382996 0.302753
airplane 332 2154.072021 680.458069 2268.336426 710.495850 0.436871
airplane 1 2120.057129 1248.657349 2242.958740 1298.731079 0.604974
person 361 1878.001831 482.098358 1903.520386 551.191223 0.784528
person 297 2055.561768 473.480682 2087.018555 551.163513 0.805376
bus 351 1561.677979 545.427002 1587.480347 663.007812 0.382977
motorcycle 362 1149.964478 574.279785 1202.410889 646.926147 0.451571
car 367 1104.451904 710.474915 1419.442627 870.572144 0.750438
person 360 827.158752 577.493713 850.560486 650.860779 0.761283
person 359 863.746826 579.294312 888.115540 643.724426 0.781786
person 372 2188.787598 466.754028 2221.268066 512.033813 0.458467
airplane 368 1218.473267 950.822388 1886.728027 1235.849243 0.511480
