102818359375
frisbee 179 2007.072510 1176.423950 2077.313477 1216.825195 0.349995
bus 343 1578.472046 466.020721 1829.336548 657.625427 0.955393
airplane 368 1483.550659 877.057373 2126.759033 1269.856445 0.299528
airplane 371 1578.078735 848.434204 1646.859619 918.139282 0.313913
airplane 358 1577.703369 856.591125 1647.316162 885.191101 0.336146
airplane 340 2192.518066 523.389648 2406.962158 618.621460 0.345947
airplane 332 2153.829590 677.093079 2268.999512 710.013855 0.537959
airplane 1 2120.763916 1249.004639 2243.088135 1298.737915 0.567657
person 372 2195.755615 467.023468 2223.797852 512.350403 0.301785
person 361 1882.214233 480.942841 1910.946411 550.899048 0.714221
person 297 2056.490967 474.865509 2088.381104 551.529968 0.779153
motorcycle 362 1149.283936 566.332092 1202.177979 647.738647 0.291316
car 367 1137.171143 704.304321 1453.862061 864.236511 0.756461
person 359 863.700439 575.331177 886.678223 643.421875 0.703945
person 360 827.501770 575.692322 850.031982 648.683228 0.787266
