102918359375
frisbee 179 2007.102661 1176.520386 2077.135498 1216.871826 0.345799
bus 343 1584.879517 465.934204 1831.122070 653.185242 0.955197
airplane 340 2194.139648 523.494690 2405.631836 618.695618 0.310179
airplane 368 1565.982178 850.042114 2200.208252 1281.399780 0.321090
airplane 371 1578.036987 848.000488 1646.742554 918.022644 0.340047
airplane 358 1577.744507 856.430725 1647.305908 885.195740 0.349509
airplane 332 2153.580078 675.962769 2269.288818 709.536987 0.531656
airplane 1 2121.013672 1249.115356 2243.085938 1298.722534 0.562678
person 372 2202.640625 466.957336 2227.156982 511.957520 0.524632
person 361 1883.311523 480.798798 1912.157104 550.791565 0.696638
person 297 2056.646729 474.903839 2088.665527 551.549377 0.784986
motorcycle 362 1149.208130 565.037659 1202.216309 648.157227 0.337925
car 367 1170.257446 700.608765 1498.849243 850.613586 0.648986
person 359 863.169800 574.130371 886.372192 643.572815 0.713200
person 360 827.684937 575.486877 849.375244 648.409790 0.734730
