103017317708
frisbee 179 2007.107788 1176.523438 2077.094238 1216.870972 0.339772
bus 343 1590.943359 465.820129 1830.094360 648.265625 0.926615
airplane 368 1573.249512 853.309753 2205.286621 1294.253296 0.301748
airplane 358 1577.770386 856.460266 1647.290894 885.246216 0.330578
airplane 340 2195.576904 523.513367 2405.583252 618.717285 0.349134
airplane 371 1578.160767 848.312988 1646.783325 918.189026 0.357596
airplane 332 2149.848389 675.161926 2265.747559 708.937744 0.537691
airplane 1 2120.554932 1249.007812 2243.031738 1298.723999 0.567136
person 372 2207.048096 466.620605 2236.663818 511.419067 0.462071
person 361 1882.766357 481.238281 1911.626587 550.999268 0.688510
person 297 2056.618408 474.649414 2088.670654 551.526306 0.775314
car 367 1208.493530 695.016479 1534.558716 836.157532 0.610740
person 360 827.575806 576.260864 848.469788 647.592773 0.680048
person 359 861.454468 571.842896 885.324219 643.313232 0.741934
motorcycle 362 1149.387939 564.523621 1202.495972 648.464783 0.660801
