103051302083
frisbee 179 2007.141724 1176.594604 2076.947754 1216.858154 0.318463
bus 343 1592.402710 465.911285 1829.558228 646.742004 0.919502
airplane 340 2195.504395 523.557190 2405.772949 618.603943 0.294003
airplane 368 1587.555054 846.982544 2219.321777 1289.395630 0.296295
airplane 358 1577.780640 856.535767 1647.311157 885.270081 0.333809
airplane 371 1578.129395 848.212585 1646.763794 918.227417 0.368424
airplane 332 2150.141602 675.042725 2266.066406 708.895630 0.540584
airplane 1 2120.224854 1248.948364 2243.002930 1298.736084 0.567892
person 372 2207.628906 466.841461 2240.781982 511.282257 0.342910
person 361 1883.060303 481.222015 1911.732910 550.875488 0.669029
person 297 2056.609619 474.720520 2088.667725 551.534058 0.782027
car 367 1218.296875 691.840759 1541.423584 830.696289 0.386283
person 360 827.762146 576.390869 848.541748 647.362976 0.730817
person 359 860.516541 570.699097 884.750366 643.260376 0.765349
motorcycle 362 1149.449463 564.849976 1202.557495 648.791138 0.653363
