103084309895
bus 343 1597.296021 465.863983 1828.381592 645.427368 0.930545
airplane 358 1577.910400 852.934753 1647.078857 885.484131 0.260616
airplane 1 2120.524658 1249.139282 2242.915771 1298.738770 0.409154
airplane 332 2148.817383 676.428955 2264.365479 708.724854 0.600314
person 361 1883.176025 481.051971 1908.554443 550.801147 0.667935
person 297 2056.506592 474.584442 2087.604004 550.921997 0.797746
motorcycle 362 1149.095703 566.612793 1202.150879 648.849060 0.584637
car 367 1222.427124 686.305237 1548.569946 833.084106 0.709201
person 359 860.262756 575.917114 883.075378 642.368225 0.734073
person 360 827.542786 576.334351 848.521545 647.394653 0.746639
person 372 2209.551025 466.766815 2242.704102 511.207611 0.292192
airplane 340 2194.787598 523.682068 2405.056152 618.728760 0.769550
frisbee 179 2007.057861 1176.657959 2076.864014 1216.921509 1.004731
airplane 371 1578.089722 848.212891 1646.724121 918.227783 0.937062
