103151302083
bus 343 1604.078979 465.771606 1826.285400 643.008301 0.907781
airplane 358 1578.057617 854.733215 1647.460449 885.864807 0.267528
airplane 1 2120.812012 1249.302368 2242.843750 1298.719849 0.406965
airplane 332 2152.319336 678.592041 2267.514404 709.338867 0.585643
person 361 1883.548706 480.612244 1906.165894 550.506470 0.629445
person 297 2056.198975 474.854553 2086.770996 551.104187 0.796042
motorcycle 362 1148.943481 567.789917 1201.970215 648.636292 0.596879
car 367 1245.505615 685.062927 1570.165161 835.302002 0.790967
person 360 827.505493 575.939697 848.406799 647.309937 0.734767
person 359 860.246765 578.800903 882.515625 640.250549 0.764449
person 372 2209.688232 466.863647 2247.036377 510.880280 0.386245
airplane 340 2193.714844 523.890503 2403.983398 618.937195 0.825258
frisbee 179 2006.892700 1176.760132 2076.698730 1217.023682 1.034186
airplane 371 1578.079590 848.216675 1646.713989 918.231567 0.901616
