103184309895
bus 343 1607.469849 465.834137 1824.937622 641.684753 0.929861
airplane 1 2120.881592 1249.331787 2242.834229 1298.711548 0.408686
airplane 332 2153.127441 679.286621 2268.245605 709.683228 0.585181
person 372 2206.652344 467.056915 2237.922852 510.946777 0.269387
person 361 1883.057617 480.555511 1905.615234 550.306091 0.569800
person 297 2056.152588 474.894073 2086.629883 551.113831 0.798383
motorcycle 362 1148.981201 568.026245 1201.953979 648.554871 0.585569
car 367 1273.151001 683.135376 1580.703857 836.714905 0.760183
person 360 827.585876 575.965149 848.413269 647.296448 0.741801
person 359 860.005798 578.457275 882.335815 639.519470 0.748932
airplane 340 2193.096436 523.943909 2403.365234 618.990601 0.814475
frisbee 179 2006.839478 1176.808594 2076.645508 1217.072144 1.008564
airplane 358 1578.066284 854.727783 1647.469116 885.859375 0.910283
airplane 371 1578.002930 848.242737 1646.637329 918.257568 0.922729
