103251302083
bus 343 1613.930420 465.648560 1823.767456 638.308228 0.898848
airplane 1 2120.957275 1249.205933 2242.795410 1298.703857 0.405205
airplane 332 2153.478760 679.791931 2268.526123 709.948364 0.604595
person 361 1883.001587 480.428864 1904.715942 550.202148 0.622028
person 297 2056.428467 474.609283 2086.385498 550.446106 0.798786
motorcycle 362 1148.916992 567.767029 1201.999512 648.392334 0.572182
car 367 1300.499878 679.221863 1588.782959 835.943481 0.871023
person 360 826.566406 576.038696 847.555054 645.825989 0.710968
person 359 859.726135 578.325012 881.858276 638.961548 0.745978
airplane 340 2192.237549 523.959473 2402.506348 619.006165 0.801202
frisbee 179 2006.771729 1176.848022 2076.577881 1217.111572 1.027361
person 372 2207.985107 466.970367 2239.255615 510.860291 0.339212
airplane 358 1577.964355 854.685852 1647.367188 885.817444 0.932351
airplane 371 1577.794556 848.324036 1646.428955 918.338867 0.893760
