103450325520
bus 343 1622.478394 465.975098 1817.709961 628.481323 0.888439
airplane 332 2154.182617 680.224365 2269.669434 710.006897 0.332976
airplane 340 2184.816895 523.443298 2405.332520 619.663574 0.358680
airplane 1 2121.286621 1249.389038 2242.829102 1298.755859 0.434012
car 373 1589.559814 693.271790 1671.563843 792.507507 0.820965
person 361 1883.159180 479.519928 1908.483765 550.735718 0.570110
person 297 2056.150635 475.242157 2086.747070 551.121704 0.790225
motorcycle 362 1148.839111 567.339478 1202.200806 647.931213 0.555747
car 367 1354.481201 669.440857 1594.245239 824.473633 0.925806
person 360 826.782715 574.201721 848.540222 644.190735 0.685347
person 359 860.073303 569.698303 882.572815 638.453613 0.697328
frisbee 179 2006.553955 1176.924072 2076.360107 1217.187622 0.979476
person 372 2211.983887 466.710693 2243.254395 510.600586 0.367129
airplane 358 1577.933350 854.511841 1647.336182 885.643433 0.926648
airplane 371 1576.240479 849.036560 1644.874878 919.051392 0.779549
