103650325520
bus 343 1608.580688 466.402954 1810.483765 620.599915 0.796478
airplane 332 2154.098389 679.617615 2270.154785 709.968933 0.340898
airplane 1 2121.057617 1249.410522 2242.740234 1298.757690 0.424302
airplane 340 2183.449707 523.395325 2407.435547 620.384277 0.428932
car 373 1584.712036 662.421814 1739.439941 779.976196 0.923030
person 361 1882.651123 481.058411 1909.454102 551.444824 0.623400
person 297 2056.158203 475.368042 2086.940430 551.076904 0.795645
motorcycle 362 1148.568726 566.388245 1202.122803 647.788391 0.516937
car 367 1430.943848 657.393494 1598.956543 810.480225 0.901998
person 360 827.995178 572.960693 849.250183 642.563477 0.674912
person 359 860.761169 566.963074 883.246155 635.537842 0.707158
person 372 2215.982422 466.451019 2247.252930 510.340942 0.390735
frisbee 179 2006.742798 1176.856445 2076.575684 1217.012817 0.981977
airplane 358 1577.921265 854.315857 1647.324097 885.447449 0.914743
airplane 371 1576.480591 851.112366 1645.114990 921.127197 0.786655
