103783333333
frisbee 179 2006.802002 1176.693726 2076.635010 1216.648560 0.390187
bus 343 1599.721313 466.527191 1805.082031 615.160706 0.923163
airplane 340 2178.941895 522.938843 2407.316162 619.004395 0.317164
airplane 332 2153.281250 679.387634 2269.208252 709.833801 0.441199
airplane 1 2121.373047 1248.871948 2242.812500 1298.648193 0.480579
car 373 1584.709839 651.809814 1787.355225 788.636475 0.943048
person 361 1882.600952 481.457764 1906.369263 550.219910 0.452698
person 297 2055.914307 475.465302 2086.810059 551.628418 0.771728
motorcycle 362 1148.942261 566.873535 1201.997192 647.877197 0.562711
car 367 1480.004272 655.875122 1598.802002 802.224670 0.885069
person 360 829.043091 570.739990 848.813904 640.437805 0.551310
person 359 859.861328 563.693298 881.018677 636.036621 0.721782
car 374 777.957825 824.271362 872.864990 919.567810 1.000000
airplane 358 1577.935913 854.233521 1647.338745 885.365112 0.838107
airplane 371 1576.093994 851.077332 1644.728394 921.092163 0.638777
