104216341145
frisbee 179 2006.886963 1176.825684 2077.145264 1216.759644 0.349086
bus 343 1585.244629 467.038300 1812.084961 599.832153 0.878280
airplane 340 2189.843262 521.598267 2408.296631 619.650269 0.318613
airplane 1 2121.674072 1248.627197 2243.025146 1298.714844 0.417653
airplane 332 2153.355713 676.842957 2269.586670 709.394287 0.439072
car 373 1646.329590 628.406372 1947.216797 774.092102 0.927183
person 361 1882.461792 482.518188 1908.788086 550.458679 0.640006
person 297 2056.032227 475.459625 2086.770508 550.787842 0.806118
kite 376 1540.646973 784.126038 1572.614990 801.161011 0.357967
skis 377 1461.958618 547.212830 1574.906616 595.773438 0.468366
car 374 781.899658 784.858032 1005.182373 902.162292 0.867255
person 360 830.722473 570.779480 849.345642 636.958801 0.637216
person 359 859.862244 561.225342 879.988770 632.391357 0.778106
person 375 2260.502441 467.230835 2291.672852 505.457123 0.438631
person 378 832.546570 809.643982 861.128052 837.771118 1.000000
airplane 358 1578.095581 854.356628 1647.498413 885.488220 0.911271
motorcycle 362 1149.290527 567.475586 1202.198242 648.693665 0.719761
airplane 371 1577.352051 850.688171 1645.986450 920.703003 0.753146
