104549348958
frisbee 179 2006.839844 1176.702148 2076.989746 1216.781494 0.302221
bus 343 1578.491821 465.979065 1812.269653 587.550598 0.924750
airplane 340 2197.859131 522.683594 2407.239990 621.157410 0.295489
airplane 332 2153.563721 679.766418 2269.240479 709.445740 0.303786
airplane 358 1578.074585 848.671143 1647.326172 887.405029 0.379508
airplane 1 2120.541992 1249.150757 2242.469727 1298.794434 0.479257
car 373 1779.819824 618.358032 2071.409180 753.224426 0.931517
person 375 2278.559082 466.688904 2305.469482 502.992798 0.393398
person 361 1883.292969 482.467987 1904.145142 551.284058 0.627028
person 297 2056.917236 474.327789 2086.103027 549.080505 0.792513
traffic light 379 771.159973 568.026672 796.459473 595.044678 0.336569
motorcycle 362 1148.147583 564.817871 1202.117065 648.583313 0.518358
car 374 801.835266 769.469421 1109.894287 906.131470 0.934414
person 360 830.794128 569.308655 852.643005 634.523499 0.679650
person 359 861.181519 561.206177 886.295654 629.514587 0.728901
kite 376 1540.620117 784.402344 1572.618164 801.463501 0.838375
skis 377 1457.337280 546.820557 1570.243774 595.419983 0.652143
airplane 371 1576.780029 851.078979 1645.414429 921.093872 0.675779
