104649348958
frisbee 179 2006.873657 1176.691528 2076.995361 1216.791260 0.308666
bus 343 1578.394043 466.042145 1811.923218 584.829712 0.933292
airplane 332 2153.321045 676.875305 2269.620850 709.378784 0.250397
airplane 340 2198.522461 522.762695 2406.977783 622.063110 0.313249
airplane 358 1578.449097 848.290527 1647.666748 887.457825 0.367810
airplane 1 2120.531250 1249.152832 2242.468262 1298.793945 0.479220
car 373 1819.744751 610.197632 2109.773193 746.781006 0.937907
person 361 1883.492554 482.240417 1904.545166 551.234131 0.587641
person 297 2056.959961 474.338745 2085.994385 548.990662 0.794737
traffic light 379 771.084656 568.423584 796.366455 595.096924 0.360889
motorcycle 362 1148.075439 564.308777 1201.335815 648.356262 0.430092
car 374 829.170105 762.496033 1177.605469 899.334961 0.856450
person 359 862.951355 560.280640 886.688354 627.669861 0.700935
person 360 832.206055 567.767944 853.202271 633.405029 0.702005
kite 376 1540.619141 784.454224 1572.617188 801.515381 0.877448
skis 377 1454.759888 545.824280 1567.666382 594.423706 0.568360
airplane 371 1576.775024 851.089783 1645.409424 921.104614 0.678595
person 375 2281.338379 466.622070 2309.171631 502.853699 0.444320
