104749348958
frisbee 179 2006.799805 1176.636841 2076.958496 1216.830322 0.370405
bus 343 1578.543945 466.172241 1812.702148 582.200989 0.933340
airplane 371 1577.584595 849.315369 1646.637207 919.061096 0.344488
airplane 1 2120.253174 1249.242188 2242.213379 1298.749390 0.425665
car 373 1860.600708 603.237671 2144.553711 741.405029 0.952252
person 361 1882.503662 483.667725 1902.462524 551.477051 0.698938
person 297 2056.939453 474.706635 2086.385986 549.604370 0.774873
kite 376 1540.480103 784.186890 1572.776123 801.283203 0.372331
skis 377 1456.223145 545.735168 1573.173706 592.636536 0.360288
motorcycle 362 1148.400391 563.993530 1202.518799 648.610229 0.338791
car 374 856.365173 758.478821 1184.521973 892.939819 0.936710
person 359 863.356995 559.871582 885.518250 626.947266 0.656683
person 360 832.714294 567.731384 853.642822 631.939148 0.743065
person 375 2286.582031 466.871826 2314.415283 503.103455 0.431514
airplane 358 1578.726074 848.378723 1647.930176 887.624878 0.742479
traffic light 379 771.199463 568.237000 796.445129 595.021973 0.854708
airplane 340 2199.384521 523.003906 2405.664307 622.864502 0.690203
