104782356770
frisbee 179 2006.756104 1176.605347 2076.943604 1216.848999 0.351210
bus 343 1578.443481 466.190643 1812.357788 581.435303 0.945220
airplane 371 1577.877686 848.548401 1647.064209 918.159607 0.343757
airplane 1 2120.117432 1249.281738 2242.077148 1298.740845 0.428061
car 373 1874.938721 603.475037 2157.633057 740.261963 0.894259
person 361 1882.610718 483.933014 1902.608887 551.622498 0.688567
person 297 2056.906494 474.886139 2086.655762 549.944336 0.778239
kite 376 1540.466431 784.113159 1572.899536 801.225830 0.367864
skis 377 1457.659546 546.380920 1576.500610 592.409912 0.348391
motorcycle 362 1148.307495 563.730591 1202.465820 648.661377 0.404079
car 374 864.475647 755.977356 1190.778320 891.806946 0.914833
person 359 863.344971 558.864929 884.999573 626.671509 0.655364
person 360 832.471313 567.125610 853.490845 631.255737 0.760170
person 375 2288.035400 466.841003 2315.868652 503.072632 0.388894
airplane 358 1579.029541 848.639832 1648.233643 887.885986 0.727618
traffic light 379 771.241638 568.256042 796.487305 595.041016 0.847347
airplane 340 2197.407227 523.459351 2403.687012 623.319946 0.682110
