105049348958
frisbee 179 2006.800049 1176.596436 2076.929688 1216.875610 0.405248
bus 343 1578.565796 466.643707 1807.506470 576.290955 0.918353
airplane 371 1578.511719 847.677795 1647.910767 917.131470 0.344716
airplane 1 2120.004395 1249.239502 2241.870605 1298.720947 0.439905
car 373 1983.198730 592.636169 2253.057617 725.210388 0.921079
person 375 2300.303223 469.337860 2325.468994 512.966064 0.295974
person 361 1878.081177 484.913910 1900.073730 550.350586 0.539765
person 297 2056.801025 475.178009 2086.997070 550.668213 0.772200
kite 376 1540.390259 784.013794 1573.025024 801.147339 0.349698
skis 377 1458.222778 547.108643 1579.673096 591.794434 0.346446
motorcycle 362 1148.702881 562.867065 1202.671997 648.688110 0.409743
car 374 941.028442 737.986511 1268.236816 873.037292 0.886126
person 360 833.463318 566.509827 853.821777 630.778992 0.641201
person 359 864.378601 562.396423 884.502930 624.270874 0.664177
airplane 358 1579.420532 849.313904 1648.624634 888.560059 0.689647
traffic light 379 771.364319 568.237427 796.609985 595.022400 0.843125
airplane 340 2188.666748 523.986755 2394.946533 623.847290 0.510753
