105282356770
bus 343 1578.790527 466.623962 1801.639648 567.074524 0.862552
airplane 371 1578.117310 847.546997 1647.311768 918.224121 0.263831
airplane 380 1595.848999 825.854980 2233.711914 1246.992676 0.323905
airplane 1 2120.124023 1248.412598 2241.677246 1298.700928 0.372560
car 373 2076.299561 588.437927 2339.120117 713.332642 0.921340
person 361 1870.484497 487.708160 1898.885254 551.903687 0.606607
person 297 2056.110840 475.064392 2086.785889 550.827820 0.795565
kite 376 1539.936035 784.106506 1573.139526 801.456177 0.308705
skis 377 1459.651123 547.320618 1578.326660 596.563965 0.307544
motorcycle 362 1148.598755 571.424438 1201.552734 647.717651 0.510744
car 374 1007.135681 720.027954 1303.305542 856.173096 0.902838
person 360 833.726562 566.390198 852.933777 627.221680 0.605791
person 359 863.536743 553.338989 885.504333 623.898926 0.659619
airplane 358 1579.115356 849.529602 1648.319458 888.775757 0.721930
frisbee 179 2006.117188 1176.849121 2076.246826 1217.128296 0.955210
traffic light 379 771.450500 568.180359 796.696167 594.965332 0.895770
airplane 340 2189.641846 523.560913 2395.921631 623.421509 0.496129
