105315364583
bus 343 1578.626831 466.683319 1800.802124 566.487000 0.893858
airplane 371 1578.095337 847.567444 1647.285278 918.245789 0.264508
airplane 380 1598.133911 826.272888 2235.972900 1246.631226 0.327098
airplane 1 2120.134766 1248.412598 2241.698242 1298.696899 0.376003
car 373 2090.243896 588.104736 2349.741943 711.307434 0.925137
person 361 1869.976318 487.656647 1898.750977 551.700806 0.580241
person 297 2056.129395 474.981445 2086.849365 550.889832 0.798192
kite 376 1539.923828 784.109070 1573.128174 801.453247 0.310284
skis 377 1459.632324 547.296936 1578.275269 596.524292 0.321126
motorcycle 362 1150.073364 571.141174 1201.249756 647.490967 0.455297
car 374 1016.904968 717.377747 1303.429932 853.591187 0.853419
person 360 834.082520 566.378967 853.162598 627.552673 0.594683
person 359 863.373291 552.296082 885.653625 623.697998 0.702411
airplane 358 1579.079712 849.535400 1648.283813 888.781555 0.722253
frisbee 179 2006.045898 1176.856201 2076.175537 1217.135376 0.948532
traffic light 379 771.452209 568.173706 796.697876 594.958679 0.903773
airplane 340 2189.343506 523.569092 2395.623291 623.429688 0.488005
