10354361979
frisbee 38 2006.563110 1176.493530 2076.699463 1216.671265 0.544989
bus 40 1695.485840 656.152649 2364.080566 1178.956543 0.266749
airplane 49 1578.157837 856.461304 1647.640503 885.366272 0.328314
airplane 50 1578.182495 848.057556 1623.710815 872.431030 0.341331
airplane 52 1577.983398 847.718140 1646.890869 917.137512 0.344290
person 48 1946.424805 467.086792 1964.597900 507.691284 0.597112
person 41 1843.100098 477.750763 1874.329102 558.364929 0.774476
airplane 51 1439.822998 783.608826 1531.495117 810.721252 0.271060
car 47 818.024109 743.367676 1162.586060 892.247437 0.922632
person 7 913.665527 601.491821 941.628357 684.960632 0.802339
truck 46 1567.476074 653.990234 2213.032471 1179.371460 0.225055
skateboard 53 1944.216919 496.687347 1963.290649 508.313141 1.000000
traffic light 18 770.732727 568.610352 796.748535 595.145813 0.793922
person 11 1043.153198 559.261780 1074.327026 627.392883 0.938937
airplane 1 2118.743408 1249.661621 2239.450684 1297.972656 0.820283
person 45 1848.169678 477.626129 1868.574097 537.207153 0.927477
