105448307291
frisbee 179 2006.757690 1176.734131 2076.871582 1217.003784 0.431007
bus 343 1578.755859 466.659576 1798.336792 564.523560 0.688078
airplane 358 1578.136719 853.561035 1647.660278 886.707520 0.262332
airplane 371 1578.067871 847.513306 1647.280762 918.275208 0.281566
airplane 1 2119.659668 1249.145264 2241.749756 1298.725586 0.592484
car 373 2143.170898 587.009460 2397.080078 704.373230 0.893528
person 361 1869.123535 485.859344 1894.535278 551.053101 0.639785
person 297 2056.050537 474.942719 2086.905762 550.748840 0.792706
kite 376 1539.908691 784.263672 1572.863159 801.576477 0.252751
skis 377 1458.849731 547.093018 1578.587158 594.939697 0.257676
motorcycle 362 1148.186890 566.305786 1202.734863 649.064209 0.313331
car 374 1053.375366 707.601807 1355.150146 844.354126 0.739455
person 360 833.552979 562.529236 854.878052 625.985107 0.705087
person 359 864.830322 554.537598 888.099060 622.473633 0.754270
airplane 381 1436.684937 785.804565 1533.633789 823.360718 1.000000
person 382 925.333923 547.204346 945.587646 602.870178 0.989778
traffic light 379 771.487549 568.149780 796.733215 594.934753 0.924194
airplane 380 1616.861450 826.945068 2254.682617 1250.096558 0.610343
airplane 340 2190.523926 523.171265 2396.803467 623.031860 0.571039
