105615364583
frisbee 179 2006.923218 1176.735352 2077.032959 1216.997070 0.421799
bus 343 1579.884644 466.851746 1795.062256 561.942200 0.821595
airplane 358 1577.800293 855.216675 1647.457275 885.753906 0.263886
airplane 371 1578.127319 847.486084 1647.347534 918.306396 0.279343
airplane 1 2119.865967 1249.614624 2241.903320 1298.716309 0.563684
car 373 2208.045898 582.858704 2421.769531 697.390320 0.895829
person 361 1864.054932 484.859528 1885.996094 550.931763 0.730937
person 297 2055.980469 474.931427 2086.894775 550.739502 0.789511
airplane 381 1436.486206 785.597717 1533.519531 823.536011 0.419399
motorcycle 362 1148.023682 564.033569 1203.460449 649.950378 0.299598
car 374 1101.570801 696.388611 1426.389771 833.511902 0.771775
person 382 925.276367 547.187683 945.667603 602.813965 0.275972
person 360 832.622559 561.696594 855.809021 626.828796 0.673825
person 359 867.316467 556.633240 888.878235 618.969543 0.714345
traffic light 379 771.572083 568.146057 796.817749 594.931030 0.914356
airplane 380 1642.603149 841.968811 2280.424561 1265.120361 0.794476
airplane 340 2191.024170 522.996216 2397.303711 622.856812 0.563706
