105781315104
frisbee 179 2006.887939 1176.639648 2076.846680 1217.189453 0.283167
bus 343 1584.437500 466.568634 1792.014648 555.990967 0.818571
airplane 1 2120.002197 1249.015381 2242.163086 1298.677734 0.409159
car 373 2272.087891 573.953735 2426.652100 689.011353 0.827071
person 361 1857.667236 485.931702 1881.867554 549.488708 0.728024
person 297 2056.407715 474.613190 2087.069092 550.759399 0.783945
motorcycle 362 1148.037354 570.849670 1203.049561 649.439514 0.520850
car 374 1143.841675 684.569824 1455.354370 807.473572 0.767912
person 359 869.441589 553.673706 887.699951 618.503845 0.444673
person 360 833.483582 562.951660 856.602905 623.680664 0.750325
airplane 383 2153.370117 678.933105 2269.072021 709.718201 0.988563
traffic light 379 771.300049 567.437073 796.451294 594.795532 0.854163
airplane 358 1577.462891 855.202393 1647.126099 885.516174 0.973891
airplane 380 1592.567749 857.881836 2230.389160 1281.033325 0.620514
airplane 340 2190.583740 523.221375 2396.863281 623.081909 0.553303
