106147330729
bus 343 1579.922729 466.846497 1781.753662 548.256042 0.907078
airplane 358 1577.956421 852.514526 1647.489624 885.543640 0.253667
airplane 380 1558.526978 895.725952 1955.197632 1297.641602 0.261950
airplane 340 2178.412109 520.761230 2407.241455 619.225830 0.356989
airplane 1 2121.316895 1249.202026 2242.800049 1298.744263 0.384038
airplane 383 2154.032715 680.593811 2269.525879 709.516357 0.410291
person 361 1849.893066 488.483093 1875.718018 555.804138 0.743682
person 297 2056.001465 474.385193 2087.413574 551.309509 0.815750
motorcycle 362 1148.096191 566.579529 1202.599487 648.019165 0.550692
car 374 1232.616089 665.842590 1521.531494 793.043030 0.889027
person 359 869.935547 549.369141 889.883118 614.914307 0.563030
person 360 836.321106 560.238586 856.317749 621.268433 0.663930
frisbee 179 2006.535156 1176.778687 2076.408936 1217.465088 0.984270
person 384 1150.794922 565.172668 1200.254395 644.115356 0.651849
