106247330729
bus 343 1586.517456 466.388306 1778.921997 546.117615 0.870613
airplane 358 1578.056641 852.117676 1647.573364 885.720215 0.254338
airplane 340 2175.512451 519.607178 2411.112793 617.922424 0.313937
airplane 1 2121.466309 1249.287476 2242.854736 1298.722900 0.370748
airplane 383 2153.766602 681.146606 2268.993164 709.575562 0.385715
person 361 1846.827881 488.178070 1870.107056 555.059326 0.724748
person 297 2055.773926 474.344849 2087.458984 551.522095 0.814173
motorcycle 362 1148.122925 565.155762 1202.846069 648.365662 0.568563
car 374 1256.118164 659.104980 1539.447021 785.482422 0.920357
person 360 836.860107 559.373108 856.135925 620.402954 0.665652
person 359 868.883972 547.967041 891.854980 614.194702 0.735768
frisbee 179 2006.332764 1176.791748 2076.206543 1217.478149 0.976500
person 384 1150.512939 565.048340 1199.972534 643.991028 0.602171
