106314322916
bus 343 1584.615479 465.011230 1776.035889 542.982849 0.900509
airplane 340 2171.287354 519.625366 2410.959717 618.203064 0.291855
airplane 1 2121.467773 1249.297852 2242.865967 1298.719727 0.371711
airplane 383 2153.804199 681.230896 2268.966064 709.537903 0.392229
person 361 1845.591431 488.407013 1867.799316 553.336975 0.696544
person 297 2055.755859 474.364868 2087.461914 551.588806 0.812643
motorcycle 362 1148.296265 565.207397 1202.877808 648.369873 0.582199
car 374 1282.797729 654.019409 1550.253906 781.046875 0.895948
person 360 837.795349 559.509277 856.082153 619.408508 0.577774
person 359 869.181213 547.854248 892.535095 613.962036 0.604837
airplane 358 1578.119019 852.106323 1647.631958 885.819397 0.807467
frisbee 179 2006.299438 1176.800171 2076.173096 1217.486572 0.977576
person 384 1150.750000 565.149719 1200.209473 644.092407 0.645437
