106380338541
bus 343 1580.737549 465.774933 1773.440308 542.224548 0.858739
airplane 1 2121.514404 1249.302490 2242.859619 1298.719727 0.360312
airplane 340 2173.382568 520.260864 2410.415771 618.322449 0.367105
airplane 383 2153.953613 681.195068 2269.283936 709.449402 0.390953
person 361 1843.052856 488.126068 1864.692627 551.069824 0.715497
person 297 2055.738770 474.349487 2087.465088 551.599487 0.812920
motorcycle 362 1148.293701 565.137451 1202.770142 648.324585 0.594135
car 374 1300.200195 649.567627 1559.752319 775.199219 0.915238
person 359 868.807556 547.767395 892.902344 613.647156 0.596288
person 360 837.075684 558.974670 856.194763 619.416077 0.619164
airplane 358 1578.159546 852.221191 1647.672485 885.934265 0.868767
frisbee 179 2006.223755 1176.798828 2076.097412 1217.485229 0.972221
person 384 1150.741699 565.146851 1200.201172 644.089539 0.645421
