106514322916
bus 343 1582.059937 466.293915 1768.634399 538.812134 0.866814
airplane 340 2187.834229 522.908325 2405.102539 618.949219 0.332239
airplane 358 1578.360962 848.171875 1647.931519 887.133606 0.334061
airplane 1 2121.438721 1248.662109 2243.332764 1298.699341 0.344307
airplane 383 2153.670898 678.820679 2268.918945 710.336670 0.557608
person 361 1836.944702 488.333008 1859.684204 551.535217 0.653470
person 297 2056.373535 474.547729 2087.644531 551.084717 0.764389
motorcycle 362 1148.565674 564.486267 1202.767456 648.301147 0.465666
car 374 1317.897827 643.097717 1580.280273 765.358398 0.930075
person 360 833.063538 552.845337 855.395386 619.034058 0.577634
person 359 870.850830 547.110535 894.507202 611.466064 0.672519
frisbee 179 2006.385620 1176.791504 2076.259277 1217.477905 0.954864
person 384 1150.652466 565.099487 1200.112061 644.042175 0.638391
