107280338541
frisbee 179 2006.652588 1176.579956 2076.797852 1216.931152 0.256777
bus 343 1577.759399 466.724243 1743.218506 524.749817 0.836657
airplane 340 2177.835449 521.280945 2406.827881 619.849792 0.295293
airplane 1 2120.390381 1248.627197 2242.042480 1298.721191 0.411059
airplane 383 2154.109619 679.945801 2269.032471 709.613220 0.527825
car 385 1579.761475 603.188477 1662.808105 700.961731 0.871680
person 361 1787.881592 491.962341 1823.146118 556.807068 0.656064
person 297 2056.314453 475.578766 2086.905762 550.725708 0.758445
motorcycle 362 1148.264038 571.634888 1204.230469 649.519958 0.370192
car 374 1456.775635 602.299133 1590.680420 711.014709 0.836828
person 360 838.906067 547.480652 857.123535 612.538574 0.535102
person 359 868.725464 547.296326 893.228760 606.284485 0.734443
car 386 781.355530 827.190308 885.923828 941.038147 1.000000
airplane 358 1578.871826 848.138245 1648.103760 887.337952 0.788212
