107313346354
frisbee 179 2006.662231 1176.560303 2076.828613 1216.896362 0.257602
bus 343 1577.769287 466.724701 1742.048950 524.264099 0.728311
airplane 1 2120.395020 1248.573364 2242.078613 1298.716675 0.423541
airplane 383 2154.090088 680.037170 2268.982666 709.628052 0.527153
car 385 1579.696411 601.651672 1664.833740 703.366760 0.820484
person 361 1785.993286 492.452606 1817.890137 557.570557 0.510306
person 297 2056.322021 475.607635 2086.902100 550.721252 0.756674
motorcycle 362 1148.610962 573.309875 1203.539185 649.063232 0.403331
car 374 1462.314087 599.909119 1590.871216 707.963013 0.762321
person 360 838.901428 547.584839 857.012390 612.186890 0.536711
person 359 868.676208 547.352478 893.453491 606.296509 0.738820
airplane 340 2178.418945 521.416016 2407.411377 619.984863 0.728221
car 386 778.637573 818.516846 894.376953 939.756592 0.764965
airplane 358 1578.908081 848.054749 1648.140015 887.254456 0.794922
