107479361979
airplane 358 1578.508057 847.777161 1647.317139 887.042786 0.263149
airplane 1 2121.226807 1249.424438 2242.368652 1298.754150 0.412020
airplane 383 2154.357666 680.614197 2268.739502 709.277893 0.485668
car 385 1580.351562 590.701538 1676.393433 697.882812 0.758015
person 361 1779.889771 491.083984 1802.876465 549.423950 0.406958
person 297 2055.955566 474.717773 2086.557861 551.020508 0.790633
car 386 784.094177 798.759155 942.651184 935.352783 0.803442
car 374 1485.149902 593.369629 1588.214478 696.164062 0.875733
person 360 839.765747 555.356079 857.220459 611.267212 0.499897
person 359 871.234070 547.965820 895.749207 604.862366 0.535887
motorcycle 362 1146.580078 576.645630 1201.653931 648.870300 0.562131
airplane 340 2182.547852 521.931824 2407.397949 620.503784 0.794249
frisbee 179 2006.486572 1176.770508 2076.662842 1217.110840 0.986697
bus 343 1577.275513 465.949219 1738.959351 521.959290 0.777286
