10587304687
truck 46 1626.426880 664.418457 2337.432129 1229.998779 0.343374
airplane 49 1577.758667 855.937805 1647.444092 885.584717 0.278948
person 54 2034.302856 467.140289 2061.289307 505.004883 0.302976
person 41 1858.983154 477.539856 1890.331665 555.141541 0.587364
person 48 1935.878418 467.416321 1959.637085 507.727295 0.653852
kite 55 1540.699097 784.075378 1573.289429 801.243225 0.331546
traffic light 18 771.699219 568.653381 796.254639 595.090149 0.285594
car 47 875.747253 728.295044 1219.434814 877.422974 0.932551
person 7 909.600098 604.204773 941.336792 687.797363 0.812573
person 11 1043.146484 560.093140 1074.320312 628.224243 0.816762
bus 40 1852.898560 682.939575 2479.891113 1216.048340 0.659120
airplane 50 1578.771118 847.741333 1624.299683 872.129761 0.736427
airplane 51 1438.465332 785.311340 1531.158569 811.081848 0.954434
airplane 52 1577.743774 847.801514 1646.607544 917.253174 0.890620
airplane 1 2118.259521 1249.480713 2238.966797 1297.791748 0.713952
person 45 1862.236694 477.078796 1882.641113 536.659790 0.693578
frisbee 38 2006.326050 1176.774414 2076.423828 1216.987427 0.904189
