108112304687
truck 387 1577.197021 466.943604 1715.630859 513.379028 0.519605
bus 343 1572.601440 463.119690 1717.524170 511.834839 0.407530
airplane 358 1578.250488 849.166626 1647.323608 901.188843 0.251311
airplane 1 2121.524902 1249.016113 2242.997803 1298.700073 0.311332
airplane 383 2153.664307 678.177734 2269.145508 709.946228 0.508052
car 385 1583.092407 554.493347 1693.133667 660.228760 0.402321
person 361 1735.909424 490.404327 1756.822266 551.321533 0.752059
person 297 2057.193359 474.892426 2086.479004 550.247986 0.758454
motorcycle 362 1148.205566 563.501038 1213.592773 649.824646 0.279372
car 386 801.367920 770.055237 1141.649170 935.805725 0.917360
person 359 870.451782 547.314880 889.747375 600.278687 0.575820
person 360 841.735535 547.771484 861.179565 606.016235 0.579391
car 374 1550.012451 569.812866 1586.205811 661.381592 0.291449
airplane 340 2192.499268 524.640564 2405.234375 619.933167 0.681573
frisbee 179 2005.863892 1176.865723 2076.153320 1217.024048 0.965965
