108178320312
truck 387 1577.247803 466.857056 1713.549561 512.443787 0.627224
airplane 358 1577.902222 847.592712 1646.934082 907.843567 0.259151
airplane 1 2121.517090 1248.931519 2242.983643 1298.700562 0.326470
airplane 383 2153.615234 677.841797 2269.237061 709.838684 0.504379
car 385 1582.110840 553.091003 1693.617432 655.505371 0.477930
person 297 2057.341309 475.001587 2086.612793 550.837402 0.757963
person 361 1730.242920 489.830383 1754.740479 555.716187 0.771612
car 374 1554.828613 568.387695 1586.133911 657.558960 0.502157
car 386 818.047913 767.303284 1161.250732 934.958862 0.874502
person 360 842.221619 547.687561 860.774841 605.830261 0.556968
person 359 869.902649 546.960876 890.361084 599.821960 0.589226
truck 388 1557.452515 570.778809 1583.522827 656.813721 0.650778
motorcycle 362 1148.912354 564.101501 1214.299561 650.425110 0.621279
airplane 340 2190.514404 525.146729 2403.249512 620.439331 0.646932
frisbee 179 2005.677979 1176.843140 2075.967529 1217.001465 0.976658
bus 343 1571.320801 463.118073 1716.243530 511.833221 0.297670
