108445312500
frisbee 179 2006.579956 1176.652222 2076.558838 1216.687500 0.600812
truck 387 1577.546387 466.812927 1704.786743 508.783691 0.794005
airplane 358 1577.794189 849.404724 1646.958740 908.988708 0.262959
airplane 340 2191.705322 523.675598 2405.465576 618.135010 0.270848
airplane 1 2121.512451 1249.321411 2242.517578 1298.813110 0.313808
airplane 383 2152.101562 675.628479 2268.051025 707.854431 0.572712
car 385 1580.090088 546.311523 1688.765625 640.549988 0.567125
person 361 1712.487305 491.885437 1742.446411 557.587463 0.755694
person 297 2056.459473 475.125061 2086.548584 551.186218 0.797151
car 386 892.180542 758.183228 1244.373535 925.479370 0.908634
person 360 841.205322 551.449036 858.672363 603.898438 0.474768
person 359 871.011169 546.889221 890.553650 598.624634 0.513217
kite 389 1540.473145 783.744202 1572.695679 801.140198 1.000000
bus 343 1559.392334 457.133026 1704.315063 505.848175 0.686670
motorcycle 362 1147.195801 566.649353 1206.655029 653.263306 0.711377
truck 388 1565.179443 571.356873 1584.598389 646.924866 0.335093
