108545312500
frisbee 179 2006.758911 1176.645508 2076.616699 1216.622559 0.598428
truck 387 1577.648682 466.814789 1702.978027 506.413300 0.744539
airplane 340 2193.720459 523.434509 2406.928955 617.848206 0.279081
airplane 358 1577.849487 855.355347 1647.422607 890.247559 0.309831
airplane 1 2121.654297 1249.525879 2242.425537 1298.834106 0.312102
airplane 383 2150.421143 675.644104 2266.477539 707.954285 0.576673
car 385 1579.140625 543.080750 1681.414917 630.407227 0.729867
person 361 1711.203125 491.907837 1738.613281 557.091431 0.577186
person 297 2056.251465 475.050415 2086.550293 551.232544 0.797311
kite 389 1540.492676 783.760071 1572.689575 801.127258 0.290090
car 386 919.548096 755.474609 1271.987427 922.885315 0.911303
person 360 840.324280 548.327026 858.045715 603.389282 0.387120
person 359 872.773682 546.806030 890.476013 597.477478 0.514585
airplane 390 1578.191772 848.502686 1647.231323 917.533752 1.000000
bus 343 1557.492310 454.360382 1702.415039 503.075531 0.499512
motorcycle 362 1145.476440 568.514282 1204.935669 655.128235 0.571881
truck 388 1566.887207 569.764954 1586.306152 645.332947 0.369202
