108578320312
frisbee 179 2006.770874 1176.646851 2076.613525 1216.614380 0.600190
truck 387 1577.714600 466.760010 1702.664062 505.845520 0.732598
airplane 340 2194.034912 523.437256 2406.972412 617.949341 0.291915
airplane 1 2121.679932 1249.542236 2242.413818 1298.828491 0.313736
airplane 358 1577.914307 856.220581 1647.534058 888.225830 0.317309
airplane 383 2148.379395 675.026245 2264.458008 707.413147 0.586000
car 385 1579.720337 542.486450 1680.515137 629.904785 0.774020
person 361 1710.656128 491.593994 1737.698608 556.632935 0.627223
person 297 2056.226318 475.156311 2086.558594 551.262146 0.805775
kite 389 1540.505127 783.765381 1572.688965 801.123779 0.314342
car 386 927.557251 755.202942 1280.607910 921.366272 0.905383
person 360 840.143372 547.992981 858.039246 603.354370 0.455812
person 359 873.648987 546.680664 890.489685 596.968506 0.521246
airplane 390 1578.166138 848.526062 1647.206421 917.521484 1.000000
bus 343 1556.424194 453.535980 1701.346924 502.251129 0.508603
motorcycle 362 1145.993896 568.630066 1205.453125 655.244019 0.556926
truck 388 1567.456299 569.234314 1586.875244 644.802307 0.368491
