108744335937
truck 387 1577.068237 466.881744 1694.820557 504.777435 0.435660
airplane 383 2152.159912 677.273743 2267.833496 707.674072 0.397537
airplane 1 2121.521240 1249.514893 2242.684570 1298.795044 0.407545
car 385 1578.632324 533.626953 1676.588501 622.386047 0.794884
person 361 1708.335938 491.914764 1729.780151 555.936218 0.670197
person 297 2056.501953 475.380127 2086.421875 550.622986 0.820288
kite 389 1540.212524 783.920166 1572.906738 801.162048 0.255015
car 386 973.308350 749.087830 1309.390015 915.354614 0.905182
person 359 874.428406 546.615173 890.388489 596.176819 0.389462
bus 343 1551.685303 450.564697 1696.608032 499.279846 0.562320
motorcycle 362 1145.854736 568.967468 1205.313965 655.581421 0.558306
airplane 390 1578.015259 848.368958 1647.053345 917.379578 1.047591
person 360 839.514526 547.846741 858.587769 603.417786 0.655334
airplane 358 1577.981079 857.307129 1647.684204 885.440552 0.845033
airplane 340 2194.092773 523.620056 2406.879639 618.222534 0.882794
frisbee 179 2006.621704 1176.683594 2076.446045 1216.648315 0.976691
truck 388 1570.302368 566.581177 1589.721313 642.149170 0.388988
