108944335937
airplane 1 2121.230469 1249.428955 2243.071289 1298.726929 0.382166
airplane 383 2153.684326 680.895264 2269.362305 708.759949 0.411801
car 385 1578.392456 525.380798 1672.748901 616.232727 0.669605
person 361 1701.708740 491.535522 1727.459717 559.085083 0.761781
person 297 2056.966064 474.777863 2086.191406 549.590576 0.817395
motorcycle 362 1147.403809 565.462952 1202.964233 653.171448 0.255094
motorcycle 391 1553.420898 547.050842 1581.771362 619.038696 0.511609
car 386 1025.457642 744.963440 1383.445068 909.117188 0.873937
person 359 873.003479 546.901001 890.510254 595.259338 0.503569
truck 387 1575.117310 466.105896 1687.722046 501.624878 0.480714
bus 343 1564.656982 460.274628 1684.774902 499.014648 0.428067
airplane 390 1578.671509 847.634460 1647.709595 916.645081 0.939790
person 360 839.857361 548.677856 858.930603 604.248901 0.693809
airplane 358 1578.326050 856.425781 1648.029175 884.559204 0.871685
airplane 340 2189.912354 525.289124 2402.699463 619.891602 0.732943
frisbee 179 2006.053833 1176.899414 2075.878174 1216.864136 0.983824
truck 388 1573.366089 553.608765 1592.785034 629.176758 0.483315
