108977343750
truck 387 1575.849976 466.301910 1685.441528 501.057465 0.293390
airplane 1 2121.227051 1249.428955 2243.076172 1298.726440 0.381128
airplane 383 2153.629639 680.852539 2269.326416 708.685181 0.401296
car 385 1577.961548 523.205688 1672.123291 614.046326 0.614493
person 361 1699.954590 491.588104 1726.718994 559.457458 0.789328
person 297 2056.997559 474.762573 2086.177734 549.576904 0.822345
motorcycle 391 1553.279175 546.936707 1581.910767 617.836365 0.351011
car 386 1035.459106 744.151245 1394.696777 908.984009 0.788689
person 359 873.277954 546.940796 890.552917 594.946289 0.431075
bus 343 1564.106934 460.359772 1684.224854 499.099792 0.361791
motorcycle 362 1146.904541 565.815552 1202.464844 653.524048 0.648586
airplane 390 1579.153564 847.515076 1648.191650 916.525696 0.878758
person 360 839.810974 548.652161 858.884216 604.223206 0.688101
airplane 358 1578.404663 856.286499 1648.107788 884.419922 0.869103
airplane 340 2188.835693 525.501831 2401.622803 620.104309 0.727762
frisbee 179 2006.010864 1176.889038 2075.835205 1216.853760 0.990927
truck 388 1573.895630 552.069519 1593.314575 627.637512 0.363492
