109111328125
bus 343 1576.810181 466.586334 1679.529785 497.637329 0.452527
airplane 390 1578.935059 847.360474 1647.977051 917.115845 0.288740
airplane 383 2153.395264 679.547119 2268.848145 709.421692 0.424855
airplane 1 2119.935547 1249.066162 2242.618164 1298.716064 0.512735
car 385 1578.109375 518.857300 1667.606567 605.714661 0.709205
person 361 1695.113892 491.662750 1725.049561 559.165955 0.646867
person 297 2056.212402 474.795502 2086.339355 550.217224 0.778625
motorcycle 362 1148.655762 561.917358 1199.055786 649.756653 0.284125
car 386 1066.971924 740.495789 1326.621338 907.712219 0.568088
person 360 841.886597 547.334167 861.552002 599.977966 0.586169
person 359 870.760010 546.883545 890.719360 592.634155 0.724349
motorcycle 391 1550.676147 546.961426 1579.676392 615.329285 0.534295
truck 392 1072.527954 740.593628 1439.078613 909.155762 0.902610
airplane 358 1578.708740 855.989380 1648.411865 884.122803 0.877333
airplane 340 2186.138184 525.613525 2398.925293 620.216003 0.736588
frisbee 179 2005.987549 1176.940186 2075.811768 1216.904907 0.934308
truck 388 1576.013550 545.912415 1595.432495 621.480408 0.296087
