10754361979
truck 46 1730.916382 688.343384 2414.277832 1263.303589 0.567728
airplane 49 1577.848389 855.609436 1647.587036 885.730530 0.291817
person 48 1932.592896 467.348785 1954.762695 506.626984 0.591746
kite 55 1540.697998 784.087524 1573.290405 801.253784 0.309334
car 47 917.345093 720.112671 1261.594727 867.676453 0.647711
person 7 909.579651 606.377747 943.080505 690.264832 0.823816
person 11 1043.796387 558.786743 1073.991211 629.452332 0.809831
traffic light 18 771.872314 568.598083 796.146729 595.075012 0.924209
person 54 2034.099365 467.226105 2061.233154 505.105927 0.927328
person 41 1869.144409 477.869202 1894.012573 554.111145 0.555451
airplane 50 1578.874390 847.563599 1624.402954 871.952026 0.723432
airplane 51 1437.548950 785.420593 1530.242188 811.191101 0.949381
airplane 52 1575.684082 848.604736 1644.547852 918.056396 0.769063
airplane 1 2118.354248 1249.267090 2239.061523 1297.578125 0.763475
person 45 1868.243896 476.591675 1888.648315 536.172668 0.550354
frisbee 38 2006.212036 1176.801147 2076.309814 1217.014160 0.900831
