109377343750
scissors 393 2005.089844 1145.824707 2185.235840 1261.558960 0.268257
bus 343 1577.797974 466.995026 1669.973511 492.793549 0.309774
airplane 390 1578.089111 847.720276 1647.136353 917.794861 0.335574
airplane 383 2153.629150 679.312439 2268.824463 709.388367 0.451428
airplane 1 2119.360596 1248.903931 2242.500488 1298.748901 0.554520
car 385 1575.894165 514.965271 1656.928711 595.177856 0.511365
person 361 1689.905151 492.861053 1710.204956 559.892639 0.644972
person 297 2055.993164 475.076721 2086.635254 550.332336 0.780944
motorcycle 362 1149.497314 560.663452 1198.132690 649.087585 0.368257
car 386 1147.292236 737.994751 1529.212891 904.371094 0.748364
person 360 842.882874 547.329773 862.273010 597.483521 0.553374
person 359 870.668640 547.084534 890.104187 592.012207 0.630732
airplane 358 1579.148560 855.341125 1648.851685 883.474548 0.869643
airplane 340 2185.097900 525.886414 2397.884766 620.488892 0.758735
frisbee 179 2006.013794 1176.961182 2075.838135 1216.925903 0.945126
truck 392 1109.723755 742.706848 1477.198730 909.638062 0.368835
truck 388 1580.249390 533.598267 1599.668335 609.166260 0.344062
