109410351562
frisbee 179 2006.609253 1176.953613 2076.629639 1216.934326 0.255026
airplane 358 1578.576050 856.645508 1648.304321 884.639099 0.302655
airplane 340 2185.646484 524.123840 2403.022705 619.016602 0.303284
airplane 1 2118.924561 1249.207886 2241.949707 1298.755737 0.397606
airplane 383 2153.732178 679.409119 2269.026855 709.868469 0.411806
car 385 1576.062988 513.566284 1656.537109 593.170959 0.820436
person 361 1688.004639 492.894012 1709.027588 561.311890 0.673940
person 297 2056.331787 475.039520 2086.670410 550.355774 0.771948
car 386 1155.644897 737.768066 1531.971069 903.487427 0.869623
person 360 842.238098 547.287537 860.454346 596.769592 0.309694
person 359 871.539673 547.042786 890.044006 592.124268 0.594143
motorcycle 362 1149.633057 560.865601 1198.268433 649.289734 0.701320
bus 343 1577.451050 466.897400 1669.626587 492.695923 0.244114
truck 392 1112.906372 742.351807 1480.381348 909.283020 0.561047
truck 388 1580.778931 532.059021 1600.197876 607.627014 0.329774
