109544335937
airplane 340 2189.406250 522.772095 2408.749512 618.199463 0.329904
airplane 358 1577.939941 853.659180 1647.399170 885.688721 0.347927
airplane 1 2118.645508 1249.532227 2241.386719 1298.671265 0.380721
airplane 383 2153.720703 679.529114 2269.216553 710.463562 0.432877
car 385 1576.238647 509.324554 1647.426636 588.242310 0.746293
person 361 1678.593506 493.470856 1706.234253 561.257874 0.670859
person 297 2057.298584 474.949158 2087.601074 551.051208 0.782524
car 386 1185.916626 734.539124 1563.562622 903.718079 0.741306
person 359 872.980591 546.979736 889.756653 592.039368 0.553791
frisbee 179 2006.838501 1177.040527 2077.017090 1216.984253 0.964435
person 360 842.335449 547.324463 859.135254 596.300293 0.733715
truck 392 1118.945435 743.293152 1486.420410 910.224365 0.394940
bus 343 1576.886597 466.845337 1660.667725 491.477966 0.290138
truck 388 1582.896729 525.901917 1602.315674 601.469910 0.328539
motorcycle 362 1136.748413 562.752136 1204.069702 650.834656 0.687791
