109976302083
frisbee 179 2007.307373 1176.671143 2076.943115 1217.061646 0.316816
truck 388 1580.148438 495.910156 1622.258057 566.644287 0.422400
airplane 1 2121.607910 1249.919189 2243.663086 1298.727905 0.277250
airplane 383 2153.674072 680.505066 2267.944824 710.762573 0.431787
car 385 1574.131226 498.287720 1619.858276 567.641724 0.400186
person 361 1653.455444 495.120270 1690.120728 562.910217 0.564774
person 297 2063.437500 477.839905 2097.166260 551.684509 0.741131
car 386 1306.624512 735.774048 1587.072998 913.452209 0.912139
person 359 869.739197 546.975220 889.366333 589.579590 0.702510
car 395 1578.797607 768.070618 1682.004028 915.963135 0.733372
motorcycle 362 1137.736572 564.837158 1205.057861 652.919678 0.666451
airplane 340 2188.061523 524.067383 2406.598389 619.736206 0.742129
