110076302083
frisbee 179 2006.996216 1176.704346 2076.814941 1217.007446 0.296090
airplane 383 2153.513184 679.925293 2268.125732 710.492126 0.405283
airplane 1 2121.159180 1249.679688 2243.097412 1298.711548 0.427135
car 385 1573.872925 495.953430 1611.189697 565.166443 0.646160
car 395 1583.404663 759.619690 1705.340698 917.607666 0.907131
person 361 1661.397583 496.823273 1686.375122 561.180725 0.551859
person 297 2069.271240 478.815155 2099.860352 552.036133 0.696046
motorcycle 362 1143.210205 563.355103 1202.182983 650.128784 0.491943
car 386 1318.318604 738.087036 1584.160522 914.173889 0.926274
person 359 870.155518 546.801025 888.278503 587.296021 0.635498
truck 388 1581.870361 488.033447 1623.979980 558.767578 0.178216
airplane 340 2187.331055 523.824341 2405.867920 619.493164 0.773349
