110110351562
frisbee 179 2006.820435 1176.718872 2076.755859 1216.959839 0.334857
airplane 383 2153.581787 679.550842 2268.633301 710.330872 0.403722
airplane 1 2120.999756 1249.473022 2242.919678 1298.710205 0.431722
car 385 1574.075073 494.881653 1609.259644 564.071350 0.617016
car 395 1583.909668 756.907776 1713.785278 918.893738 0.909479
person 361 1659.330322 496.547638 1685.483643 564.586487 0.600363
person 297 2070.790527 478.417664 2101.371582 551.780334 0.699993
motorcycle 362 1145.772339 562.816772 1201.005737 649.101501 0.484423
car 386 1327.226196 738.588318 1586.401245 913.314819 0.930469
person 359 869.948792 546.809570 887.985107 587.023193 0.612171
truck 388 1582.444336 485.407898 1624.553955 556.141968 0.181507
airplane 340 2187.142334 523.728088 2405.679199 619.396851 0.771863
