10854361979
truck 46 1782.331055 691.167908 2431.629883 1288.942383 0.573091
airplane 50 1578.478027 847.855164 1624.143555 872.323242 0.380495
airplane 52 1576.590088 848.666016 1645.440430 918.522705 0.405276
airplane 49 1577.880249 855.792969 1647.519165 885.690674 0.421420
person 41 1871.615601 476.795715 1905.867676 554.480225 0.290810
person 48 1931.326782 467.224792 1951.522339 506.649719 0.622096
airplane 51 1437.593750 786.633606 1532.046997 817.409668 0.281749
car 47 937.996582 711.381226 1280.944580 860.917297 0.900744
person 11 1043.518188 558.410278 1074.017334 628.325378 0.459950
person 7 909.952637 607.058472 945.000366 692.301208 0.790822
motorcycle 56 1047.956787 583.060913 1075.343506 642.714111 1.000000
airplane 1 2118.269775 1249.335449 2238.977051 1297.646484 0.754601
person 45 1875.126221 475.763519 1895.530640 535.344543 0.555399
traffic light 18 771.933228 568.751038 796.148132 595.127747 0.888326
frisbee 38 2006.140015 1176.713623 2076.237793 1216.926636 0.912575
kite 55 1540.727905 784.125244 1573.317139 801.292664 0.967436
