110509309895
frisbee 179 2006.668579 1176.944336 2077.287109 1217.283081 0.335517
airplane 383 2153.875000 679.667297 2269.385010 708.746399 0.442472
airplane 1 2119.503174 1249.212769 2242.197754 1298.731079 0.599852
car 395 1583.172974 748.269348 1823.108032 939.521362 0.900932
person 361 1640.541382 500.596985 1660.738770 557.787781 0.495193
person 297 2084.460449 479.628662 2117.838867 553.986877 0.753853
car 386 1435.795776 745.750488 1594.687500 914.999878 0.841948
person 359 867.349121 547.072327 889.275696 585.948425 0.557219
airplane 340 2188.495361 523.755981 2407.032471 619.424805 0.813906
skis 398 1458.792114 547.173096 1575.543823 597.822327 1.000000
motorcycle 362 1150.342651 563.039795 1199.726685 647.858521 0.768311
handbag 397 2082.371338 519.839111 2095.734863 547.604248 0.847259
airplane 396 1581.384277 754.608032 2214.520508 1168.807251 0.708350
