110609309895
frisbee 179 2006.660522 1176.949097 2077.320312 1217.272949 0.291505
airplane 383 2153.803467 679.917664 2269.305908 708.594543 0.440276
airplane 1 2119.402100 1249.229004 2242.203369 1298.739136 0.594311
car 395 1583.306396 749.254395 1849.180908 943.853516 0.946274
person 361 1634.126587 500.512299 1655.055908 559.439575 0.528531
person 297 2088.201172 482.652405 2118.418457 556.288818 0.673566
skis 398 1460.338379 546.805054 1574.474243 597.480042 0.306829
car 386 1460.138550 748.594543 1595.531738 918.280212 0.859194
person 359 868.498840 546.940796 889.238403 584.507690 0.305984
motorcycle 362 1150.688599 563.115173 1200.072754 647.933960 0.669599
airplane 340 2190.565674 523.748474 2407.620361 618.733704 0.902310
handbag 397 2085.635254 520.793457 2098.998779 548.558594 0.790570
airplane 396 1551.245728 772.444153 2184.382080 1186.643433 0.482709
