110642317708
frisbee 179 2006.650269 1176.961670 2077.326660 1217.275391 0.288842
airplane 383 2153.829102 679.942078 2269.334961 708.548279 0.437445
airplane 1 2119.385986 1249.218140 2242.216553 1298.736084 0.596241
car 395 1583.425415 750.048340 1858.068970 945.185730 0.925305
person 361 1632.467773 500.800629 1654.784668 561.855347 0.556481
person 297 2089.592041 481.940247 2120.618652 557.070740 0.750724
skis 398 1459.993164 546.588745 1576.104248 596.555725 0.259947
car 386 1471.116821 750.316162 1597.020996 919.651855 0.884040
motorcycle 362 1150.647949 563.094971 1200.032104 647.913696 0.668775
person 359 868.592590 546.874207 889.332153 584.441101 0.906628
airplane 340 2190.406738 523.965210 2407.461426 618.950439 0.877907
handbag 397 2086.182373 521.185791 2099.545898 548.950928 0.625235
airplane 396 1545.179321 776.334900 2178.315674 1190.534180 0.393946
