10887304687
truck 46 1790.920898 690.154236 2432.917236 1290.332642 0.575170
airplane 50 1578.350098 847.926819 1624.079590 872.434753 0.373580
airplane 52 1577.198853 848.213989 1646.041626 918.252136 0.399862
airplane 49 1577.893311 855.882141 1647.468994 885.653931 0.419309
person 48 1930.663452 467.098755 1951.831909 506.477570 0.547027
airplane 51 1437.590210 786.603149 1532.844238 819.614746 0.282371
car 47 947.958557 706.975098 1290.935303 858.770874 0.889185
person 11 1043.496826 558.371033 1074.626221 626.673462 0.315926
person 7 910.183838 607.478638 945.834412 692.785461 0.785782
motorcycle 56 1048.211426 583.376343 1075.504517 642.618164 0.931905
airplane 1 2118.265381 1249.297485 2238.972656 1297.608521 0.762821
person 45 1876.644287 475.379700 1897.048706 534.960693 0.671509
person 41 1873.056274 476.585754 1907.308350 554.270264 0.687906
traffic light 18 771.903625 568.749817 796.118530 595.126526 0.894850
frisbee 38 2006.141479 1176.711060 2076.239258 1216.924072 0.921338
kite 55 1540.765991 784.170898 1573.355225 801.338318 0.955493
