110875325520
frisbee 179 2007.045044 1176.919312 2076.982910 1216.742920 0.338369
airplane 1 2120.836670 1249.268677 2242.710205 1298.711060 0.447669
airplane 383 2149.942871 677.318298 2266.212891 706.119995 0.584415
car 395 1585.675293 758.405640 1917.594971 968.455139 0.937585
person 297 2099.711182 482.503967 2131.167236 556.570190 0.546273
skis 398 1462.440918 546.795227 1580.072266 590.018616 0.457460
traffic light 399 771.503967 570.575745 795.124878 595.176270 0.414550
motorcycle 362 1148.453003 563.611023 1199.060791 647.478699 0.621816
car 386 1525.112427 770.103271 1587.373413 932.153076 0.738377
person 361 1611.863525 505.579773 1643.958374 574.178650 0.358419
backpack 400 2107.324219 492.979523 2126.048828 523.816223 1.000000
person 359 868.316833 546.539062 889.056396 584.105957 0.794643
airplane 340 2185.876465 524.736816 2402.931152 619.722046 0.761340
handbag 397 2099.253662 522.364807 2112.617188 550.129944 0.854535
airplane 396 1601.158447 762.517700 2234.294678 1176.716919 0.450502
