111275325520
frisbee 179 2007.143677 1176.741089 2076.809326 1216.728149 0.406256
airplane 383 2154.252686 680.136292 2269.407471 710.295959 0.570387
airplane 1 2119.445068 1248.855347 2242.058594 1298.681641 0.634818
car 395 1631.929077 775.554321 2035.756470 1003.103516 0.876562
person 361 1586.736206 504.842041 1617.491699 572.805725 0.573891
person 297 2121.472900 485.545563 2148.065674 558.908264 0.706243
kite 402 1540.043701 784.116638 1572.718262 801.518799 0.256380
skis 398 1462.672729 547.016479 1577.805542 592.030640 0.340016
traffic light 399 772.000671 570.428711 795.730164 594.390076 0.264727
motorcycle 362 1147.763794 562.126831 1199.296265 647.972046 0.375110
handbag 397 2117.306641 525.193665 2132.694580 553.630615 0.894996
backpack 400 2124.310303 496.035339 2142.317627 526.359924 0.500500
airplane 340 2187.759277 523.729431 2405.602539 619.784668 0.780122
airplane 396 1708.121704 741.019592 2341.258057 1155.218872 0.326131
person 359 867.088928 546.673157 886.458130 581.596985 0.690011
airplane 401 1439.565430 783.650940 1533.407104 813.677368 0.799649
