111308333333
frisbee 179 2007.148560 1176.743530 2076.810791 1216.733032 0.407215
handbag 397 2118.552246 524.916809 2134.018311 553.205139 0.309302
airplane 383 2154.239990 680.015747 2269.454834 710.254272 0.554272
airplane 1 2119.422363 1248.845459 2242.065674 1298.686279 0.632753
car 395 1639.134033 777.598938 2044.838379 1006.344482 0.821519
person 361 1583.057373 505.536621 1615.905884 573.298462 0.634533
person 297 2122.883301 485.434479 2148.601562 559.016113 0.679953
kite 402 1540.185547 783.986206 1572.722290 801.344788 0.250946
skis 398 1462.574463 547.036743 1577.396240 592.461426 0.354789
traffic light 399 771.989746 570.398376 795.726501 594.394165 0.257805
motorcycle 362 1147.776733 562.101013 1199.370483 647.968689 0.395874
backpack 400 2125.312256 496.090332 2143.319580 526.414917 0.445984
airplane 340 2187.653076 523.742493 2405.496094 619.797729 0.792265
airplane 396 1713.369263 740.657410 2346.505615 1154.856689 0.345103
person 359 867.157837 546.597046 886.527039 581.520874 0.689517
airplane 401 1439.760742 783.567078 1533.602417 813.593506 0.796563
