111342317708
frisbee 179 2007.155518 1176.748901 2076.817627 1216.730469 0.380984
airplane 383 2154.311279 680.004456 2269.288086 710.191223 0.541720
airplane 1 2119.409668 1248.873535 2242.044434 1298.692139 0.618732
car 395 1650.814087 779.614502 2055.622314 1009.975220 0.924224
person 361 1580.761230 506.931274 1615.044189 572.776611 0.684252
person 297 2124.391846 484.948639 2149.555420 559.152954 0.706511
kite 402 1540.125854 784.071655 1572.713989 801.432373 0.287742
skis 398 1462.429321 547.128296 1576.788818 593.267334 0.340236
traffic light 399 771.999634 570.382996 795.723511 594.380127 0.261889
motorcycle 362 1147.787842 562.102356 1199.538208 648.057495 0.427925
backpack 400 2126.795654 496.335358 2144.802979 526.659973 0.392274
airplane 340 2187.445557 523.732788 2405.288574 619.788025 0.798767
airplane 396 1718.616943 740.295227 2351.753174 1154.494507 0.309793
person 359 867.251526 546.554138 886.620728 581.477966 0.700070
airplane 401 1439.915771 783.484070 1533.757446 813.510498 0.836182
