111441341145
frisbee 179 2007.170044 1176.616577 2076.833740 1216.783936 0.322715
airplane 396 1854.134155 765.577698 2379.733398 1113.165283 0.309949
airplane 340 2193.345215 523.161560 2407.010986 619.303162 0.363338
airplane 1 2121.135010 1249.339478 2242.549316 1298.766235 0.383117
airplane 383 2153.973145 679.656006 2269.597656 709.898743 0.507068
car 395 1676.489624 783.280518 2086.007324 1018.172791 0.855025
person 361 1576.945435 509.076721 1611.550171 576.016174 0.537192
person 297 2126.485352 483.414917 2154.012451 556.137695 0.606149
skis 398 1462.620605 547.249634 1576.656494 594.335449 0.324446
traffic light 399 770.920898 569.062134 795.431885 594.851074 0.440936
bicycle 403 2000.247803 467.010925 2055.429932 505.221832 0.993725
person 404 2055.087158 467.101562 2073.189941 497.235596 1.000000
motorcycle 362 1148.182373 562.221924 1200.015747 648.242859 0.853732
kite 402 1539.907715 784.126526 1572.529663 801.489807 0.916443
person 359 867.184875 546.098328 886.554077 581.022156 0.738075
airplane 401 1440.144043 783.317200 1533.985718 813.343628 0.808164
