111575325520
airplane 405 1578.084351 853.830505 1647.797241 885.577759 0.348605
airplane 1 2122.046387 1249.270996 2242.847656 1298.784912 0.357839
airplane 396 2018.037598 789.953857 2424.577148 1068.166992 0.516598
airplane 383 2153.890137 679.514404 2269.998047 709.712036 0.542675
car 395 1710.535034 792.020386 2139.838135 1035.463501 0.818487
bicycle 403 1999.949829 467.030884 2054.826904 505.273773 0.365297
person 361 1573.773315 509.951141 1598.286743 578.165039 0.257511
person 404 2055.278809 467.078400 2073.524170 496.786377 0.294463
person 297 2131.563477 485.037231 2159.500488 558.460022 0.682710
traffic light 399 770.462646 568.548584 795.409424 595.217041 0.429868
airplane 340 2191.984863 523.806885 2403.026855 620.092896 0.745018
motorcycle 362 1148.656982 562.161865 1200.081055 648.670715 0.836777
kite 402 1539.818359 784.158081 1572.440308 801.521362 0.927118
skis 398 1463.723877 547.391846 1577.339111 594.531799 0.579454
person 359 867.094482 545.973572 886.463684 580.897400 0.747153
frisbee 179 2007.052002 1176.760864 2076.713867 1216.980591 0.989446
airplane 401 1440.339600 783.191345 1534.181274 813.217773 0.826737
