111641341145
airplane 405 1577.717163 854.854187 1647.419556 885.653320 0.377337
airplane 1 2122.027100 1249.358032 2242.786621 1298.751587 0.395851
airplane 396 2052.654297 789.937073 2424.763672 1065.840332 0.425022
airplane 383 2153.816406 679.506409 2269.974121 709.656372 0.513723
car 395 1727.598877 796.499146 2155.635986 1042.157593 0.853309
bicycle 403 2000.169556 467.020325 2054.880615 505.242523 0.445740
person 404 2055.258057 467.091888 2073.678711 496.792084 0.261273
person 297 2134.250000 485.895996 2162.038818 558.703979 0.756477
traffic light 399 770.425720 568.526917 795.410339 595.237244 0.404694
airplane 340 2189.639404 524.032043 2400.681396 620.318054 0.744381
airplane 406 1578.058716 848.248413 1624.327881 873.017029 1.000000
motorcycle 362 1148.707886 562.164246 1200.131958 648.673096 0.801194
kite 402 1539.744141 784.158081 1572.366089 801.521362 0.918203
skis 398 1464.843140 547.422546 1578.458374 594.562500 0.540789
person 359 866.980347 546.219666 886.349548 581.143494 0.731974
frisbee 179 2006.923828 1176.905884 2076.585693 1217.125610 0.983720
airplane 401 1440.457275 783.068909 1534.298950 813.095337 0.830258
