111774348958
airplane 405 1577.713135 856.218750 1647.667725 885.737976 0.412606
airplane 383 2154.066406 679.700562 2269.508301 709.666565 0.480585
airplane 1 2120.520508 1249.178711 2242.181396 1298.687256 0.515049
airplane 396 2078.794922 787.523438 2419.868408 1065.362915 0.534851
car 395 1769.326050 806.329102 2195.033936 1059.405273 0.880852
person 297 2139.045654 489.076080 2168.864746 559.801331 0.690632
kite 402 1539.904297 784.159241 1572.596191 801.461914 0.293774
skis 398 1463.226318 547.513184 1571.880737 595.510681 0.368617
traffic light 399 770.764587 569.169067 795.643860 595.291565 0.503123
motorcycle 362 1148.587769 561.364807 1199.058716 647.071045 0.599669
surfboard 407 1635.059570 917.949341 1924.895508 1100.849976 0.763889
airplane 340 2194.788330 523.591003 2404.029053 619.801147 0.755304
airplane 406 1578.668213 848.095032 1624.872925 872.779968 0.819608
person 359 866.650085 546.753418 886.019287 581.677246 0.645046
frisbee 179 2006.828003 1177.007812 2076.489990 1217.227539 0.956429
airplane 401 1440.830200 782.907288 1534.671875 812.933716 0.861828
