111908333333
surfboard 407 1636.756226 917.502563 1924.210571 1099.279175 0.374247
airplane 396 2078.436279 792.367371 2416.364258 1066.760986 0.377783
airplane 405 1577.774658 856.407349 1647.895508 885.768127 0.423891
airplane 383 2154.136230 679.798645 2269.380127 709.590881 0.428622
airplane 1 2119.933350 1249.090576 2242.196289 1298.679932 0.507878
car 395 1811.714966 816.897888 2241.177734 1080.621704 0.886682
person 297 2144.761475 489.020721 2174.925781 560.618286 0.638469
kite 402 1539.909424 784.109802 1572.681396 801.358032 0.309583
skis 398 1461.906006 547.103638 1570.692505 596.488770 0.405457
traffic light 399 770.835205 569.183533 795.753113 595.289917 0.482733
motorcycle 362 1148.461060 561.308899 1198.650146 646.755249 0.592751
airplane 340 2193.242920 523.860901 2402.026611 621.252075 0.672582
airplane 408 1578.123169 848.817810 1647.318848 917.803101 1.000000
airplane 406 1578.607056 848.044617 1624.690796 872.540161 0.808920
person 359 866.110962 547.659180 885.480164 582.583008 0.638394
airplane 409 1578.655640 905.642578 1924.997803 1296.116699 1.000000
frisbee 179 2006.803467 1176.986450 2076.465332 1217.206177 0.959221
airplane 401 1440.921387 782.896484 1534.763062 812.922913 0.830042
