111974348958
airplane 406 1578.432617 848.134216 1624.438110 872.552551 0.252105
airplane 408 1578.116211 848.873596 1647.302612 917.789429 0.289330
airplane 409 1579.217529 907.242920 1925.665039 1296.496338 0.331304
airplane 1 2119.866943 1249.122437 2242.218506 1298.690430 0.411576
airplane 405 1577.833862 856.393555 1648.032104 885.789490 0.431076
airplane 383 2154.094727 679.739990 2269.309570 709.604797 0.525156
car 395 1831.802002 822.862610 2264.744141 1086.723877 0.741078
person 297 2147.399170 487.841919 2177.586426 560.594727 0.731995
kite 402 1539.923096 783.972412 1572.656860 801.221558 0.291094
traffic light 399 770.856079 569.208923 795.760559 595.277527 0.489036
motorcycle 362 1148.436401 561.290588 1198.632690 646.744812 0.581994
person 359 866.886047 547.733704 884.635010 579.725769 0.254750
surfboard 407 1638.760864 918.705566 1926.215210 1100.482178 0.551993
skis 398 1461.417969 546.851624 1570.204468 596.236755 0.658335
airplane 340 2192.016602 523.789124 2402.226318 621.462341 0.734176
frisbee 179 2006.853760 1176.996338 2076.515625 1217.216064 0.955272
airplane 396 2083.479004 791.996582 2421.406982 1066.390259 0.439709
airplane 401 1440.851440 782.913757 1534.693115 812.940186 0.840812
