11054361979
truck 46 1812.176880 735.006226 2436.430664 1297.909912 0.301783
airplane 50 1578.190918 848.047791 1624.002197 872.604919 0.379689
airplane 52 1578.093628 847.578735 1646.927490 917.868408 0.404747
airplane 49 1577.897461 856.004211 1647.386230 885.597717 0.421621
person 48 1927.631226 467.034698 1950.477051 506.300934 0.667865
airplane 51 1435.950562 787.695679 1532.207642 823.459717 0.284355
motorcycle 56 1047.940063 583.329407 1075.296387 641.435730 0.310633
car 47 988.439819 696.114929 1302.708740 844.310547 0.854704
person 11 1043.458008 558.528564 1075.080688 625.254272 0.404865
person 7 911.281006 608.424438 946.694702 694.611572 0.819374
airplane 57 2153.396973 679.102722 2269.299561 709.044434 0.999816
airplane 1 2118.212158 1249.190308 2238.919434 1297.501343 0.734164
person 45 1883.748779 474.017914 1904.153198 533.598938 0.841393
person 41 1878.325928 475.874939 1912.578003 553.559448 0.707944
traffic light 18 771.847595 568.749451 796.062500 595.126160 0.892220
frisbee 38 2006.154175 1176.622437 2076.251953 1216.835449 0.911684
kite 55 1540.806885 784.276184 1573.396118 801.443604 0.983707
