112340364583
airplane 409 1587.424927 864.664429 2007.168335 1298.933350 0.256019
airplane 408 1578.233521 847.849060 1647.480713 916.854370 0.390844
airplane 405 1577.859619 856.907593 1647.844971 885.776794 0.402619
airplane 383 2154.255127 679.723694 2268.889160 708.820862 0.535247
car 395 1935.956909 844.072571 2408.645508 1152.114868 0.804274
person 297 2164.093262 490.208740 2195.594238 561.937378 0.605242
traffic light 399 770.988586 570.056213 795.209595 594.883728 0.377457
motorcycle 362 1148.908936 565.016113 1196.369751 646.513672 0.561123
skis 398 1473.476929 558.740662 1571.820312 597.233887 0.407427
surfboard 407 1638.877930 917.779663 1924.349609 1098.254150 0.253690
surfboard 410 2075.699463 820.820007 2399.659668 972.241211 1.000000
frisbee 179 2006.451416 1176.922241 2076.113281 1217.141968 0.921370
airplane 396 2140.408447 789.194214 2478.336426 1063.587891 0.387636
airplane 1 2119.155518 1249.918213 2240.630859 1298.841675 0.858698
kite 402 1540.052734 784.274292 1572.746338 801.497986 0.899795
airplane 401 1440.390381 783.133667 1534.232056 813.160095 0.814928
airplane 340 2195.165283 523.276489 2401.421875 620.984253 0.791611
