112374348958
airplane 409 1586.600708 866.486206 2017.841553 1307.144043 0.280004
airplane 408 1578.210083 847.866760 1647.463257 916.871704 0.392413
airplane 405 1577.871948 856.874695 1647.858643 885.782715 0.400795
airplane 383 2154.161133 679.609558 2268.886719 708.940369 0.523405
car 395 1912.428467 844.319275 2412.082520 1160.194824 0.813358
person 297 2164.549072 489.828949 2196.373291 561.635925 0.598543
skis 398 1470.774658 553.024780 1575.733154 596.512878 0.319302
traffic light 399 770.975952 570.050964 795.198792 594.877869 0.353784
motorcycle 362 1148.902100 565.104431 1196.362427 646.559753 0.562530
surfboard 407 1638.911133 917.704834 1924.382812 1098.179321 0.256662
surfboard 410 2076.339844 819.705688 2402.152588 973.335571 0.846785
frisbee 179 2006.426636 1176.921753 2076.088623 1217.141479 0.909986
airplane 396 2145.583740 788.939392 2483.511719 1063.333008 0.365739
airplane 1 2118.891846 1249.833374 2240.367188 1298.756836 0.835330
kite 402 1540.051514 784.271423 1572.745117 801.495117 0.900278
airplane 401 1440.332031 783.177307 1534.173706 813.203735 0.810847
airplane 340 2193.780762 523.511902 2400.037354 621.219604 0.767241
