112507356770
airplane 405 1578.034302 849.590759 1647.477905 889.503845 0.275714
airplane 383 2153.430908 679.948730 2268.689941 709.060242 0.491439
car 395 1842.015869 838.828247 2408.802490 1201.484009 0.526665
person 297 2171.188477 488.514374 2199.579590 562.004333 0.623297
traffic light 399 770.633728 568.865051 795.710327 595.082397 0.284120
motorcycle 362 1148.104980 562.829224 1197.001343 646.983765 0.540688
frisbee 179 2006.465454 1177.096558 2076.127441 1217.316284 0.949281
surfboard 410 2072.132080 830.075562 2390.470459 1011.206482 0.525455
airplane 396 2162.145264 785.847107 2500.073242 1060.240723 0.371692
airplane 1 2118.669922 1249.633301 2240.145264 1298.556763 0.888914
kite 402 1539.993408 784.219055 1572.687012 801.442749 0.885974
airplane 401 1440.318970 783.055298 1534.160645 813.081726 0.842416
skis 398 1468.701904 551.150330 1570.901367 598.344421 0.476878
airplane 409 1608.051758 862.840027 2039.292603 1303.497925 0.398118
airplane 340 2192.078613 523.900085 2398.335205 621.607788 0.669453
airplane 408 1578.242920 848.322876 1647.496094 917.327820 0.934993
