112673307291
surfboard 410 2144.868652 823.225342 2432.428223 992.104309 0.260022
airplane 405 1578.487183 848.250793 1647.796631 887.597473 0.270232
airplane 396 2150.583740 782.354919 2451.952881 1006.635315 0.271268
airplane 383 2153.348633 679.873962 2269.089600 708.930542 0.478190
car 395 1862.437256 847.421509 2410.909424 1209.224609 0.381332
person 297 2175.711182 490.731201 2207.652588 565.164612 0.685907
motorcycle 362 1148.197510 562.807068 1197.242920 647.345093 0.556051
airplane 1 2118.779541 1249.637085 2240.254883 1298.560547 0.845599
kite 402 1540.017578 784.227234 1572.711182 801.450928 0.886643
airplane 401 1440.648438 782.967163 1534.490112 812.993591 0.836531
skis 398 1458.219116 546.828430 1560.418579 594.022522 0.479046
airplane 409 1642.748169 882.925598 2073.989014 1323.583496 0.443034
airplane 340 2191.718750 524.022888 2397.975342 621.730591 0.663162
airplane 408 1576.894165 848.977600 1646.147339 917.982544 0.901132
traffic light 399 770.768188 568.910461 795.924683 595.234375 0.883493
frisbee 179 2006.796387 1176.975952 2076.408203 1217.434814 0.935417
