113040364583
airplane 1 2119.387939 1249.617798 2241.505859 1298.677124 0.348122
airplane 405 1577.822632 856.583374 1647.337646 885.650085 0.367529
airplane 383 2153.754150 678.567871 2269.491699 709.875183 0.405577
car 395 2221.286621 959.145081 2422.004150 1215.801025 0.830145
person 297 2191.635742 490.252838 2223.322021 566.096436 0.722659
kite 402 1540.188721 784.190552 1572.625732 801.171936 0.319670
airplane 401 1437.476318 782.713562 1533.179077 818.617371 0.267323
motorcycle 362 1147.311279 563.872009 1197.843384 647.166870 0.379575
airplane 340 2192.833984 523.729797 2399.090576 621.437500 0.696783
airplane 408 1575.969604 851.506287 1645.222778 920.511230 0.724918
traffic light 399 770.794250 569.196289 795.950745 595.520203 0.928235
airplane 409 1815.603638 815.815613 2449.849609 1278.352905 0.327612
skis 398 1478.682373 550.370544 1580.871582 598.569946 0.422201
skis 411 1430.137085 568.344543 1522.348022 606.360657 0.755688
frisbee 179 2007.024902 1177.171387 2076.636719 1217.630249 0.954801
