113073307291
airplane 408 1577.105591 849.133362 1646.247803 918.987549 0.270351
airplane 1 2120.317383 1250.060181 2241.744873 1298.769043 0.315262
airplane 405 1577.838867 855.418945 1647.366211 885.498108 0.336647
airplane 340 2200.102051 523.627502 2403.880371 621.635376 0.471796
airplane 383 2153.814941 678.766724 2269.313477 709.909851 0.615757
car 395 2236.021729 964.633545 2420.995605 1214.870239 0.780744
person 297 2192.461426 490.281677 2224.527588 566.775146 0.805507
kite 402 1540.120605 784.143616 1572.698120 801.206177 0.277988
traffic light 399 770.905212 569.725891 795.965027 595.399109 0.262143
motorcycle 362 1147.605469 564.689575 1198.014160 647.320923 0.526190
airplane 409 1833.875610 812.803589 2468.121582 1275.340942 0.357320
skis 398 1472.279907 549.298706 1574.469116 597.498108 0.437233
skis 411 1429.086670 568.386230 1521.297607 606.402344 0.559447
frisbee 179 2007.066162 1177.090210 2076.677979 1217.549072 0.932887
