113273307291
airplane 405 1578.029419 853.662903 1647.611206 885.559692 0.338590
airplane 409 1799.505127 793.774902 2429.549316 1292.319702 0.366526
airplane 340 2205.205322 523.621521 2407.145752 621.639099 0.462631
airplane 1 2120.904053 1250.618286 2242.232666 1298.785889 0.558286
airplane 383 2153.729004 679.115173 2268.917236 709.919312 0.589235
car 395 2314.229248 1017.431274 2418.516357 1243.393921 0.282223
person 297 2201.484131 492.914154 2234.833008 569.457275 0.708996
kite 402 1539.998535 784.081116 1572.809814 801.270630 0.270983
traffic light 399 771.032532 570.168152 795.982666 595.172119 0.269719
motorcycle 362 1148.054077 564.061340 1198.184937 647.501892 0.403344
airplane 408 1578.787354 847.029297 1647.824829 917.737305 0.834700
person 412 1447.520996 546.999939 1474.127075 600.733398 1.000000
skis 398 1454.337524 547.232666 1570.147461 600.249817 0.548946
skis 411 1423.207764 566.178345 1515.418701 604.194458 0.485529
frisbee 179 2006.891235 1176.915771 2076.502930 1217.374634 0.935599
