11154361979
airplane 50 1578.172241 848.067810 1623.990845 872.625793 0.378917
airplane 57 2153.641602 679.486694 2269.210205 709.096985 0.382736
airplane 52 1578.147827 847.585144 1646.983032 917.930725 0.423109
airplane 49 1577.913330 855.991638 1647.398193 885.593262 0.426541
airplane 1 2119.642090 1250.828613 2240.430908 1298.562134 0.501882
person 45 1892.466919 476.810303 1911.843506 532.656006 0.375695
person 48 1923.603638 467.053192 1946.866577 505.444733 0.486818
airplane 51 1436.547363 787.315796 1533.025757 823.616638 0.356753
motorcycle 56 1047.855591 583.091736 1075.217407 639.861938 0.319655
car 47 1009.255554 689.995667 1333.914062 839.630371 0.851600
person 11 1043.459106 558.705322 1074.844971 625.241638 0.429335
person 7 911.529602 609.307617 945.168274 695.924561 0.812737
person 41 1882.014771 475.459595 1916.266846 553.144043 0.267587
traffic light 18 771.850586 568.728271 796.065491 595.104980 0.884041
frisbee 38 2006.164917 1176.557129 2076.262695 1216.770142 0.924495
kite 55 1540.760010 784.277527 1573.349243 801.444946 0.986532
