113706315104
airplane 340 2200.797852 523.246094 2404.354492 623.212952 0.405844
airplane 1 2120.910156 1249.454224 2242.861816 1298.647461 0.569436
airplane 383 2152.805664 678.948608 2269.798584 709.904175 0.599005
person 297 2222.585938 496.412842 2252.239746 569.460876 0.343047
kite 402 1539.830688 784.186523 1572.705078 801.421143 0.296341
skis 398 1453.883911 548.120178 1572.857666 597.135681 0.297790
motorcycle 362 1147.752075 568.014465 1198.394165 646.740662 0.452298
motorcycle 413 1049.412476 547.691162 1069.849487 564.304443 0.485557
person 412 1414.004761 548.281677 1443.723022 608.236938 0.293385
frisbee 179 2006.669434 1176.955811 2076.281250 1217.414673 0.938945
airplane 408 1580.814941 846.278625 1649.830933 916.968689 0.711908
skis 411 1401.939087 585.100464 1468.969971 618.434204 0.372758
airplane 405 1578.556274 850.031738 1648.295532 887.638489 0.733672
traffic light 399 771.070251 569.423401 796.198303 595.422363 0.968525
