113939322916
frisbee 179 2007.313232 1176.834961 2077.236572 1217.503906 0.347097
backpack 414 2239.545410 509.164917 2260.775879 545.005371 0.407286
airplane 408 1577.875366 848.768127 1646.851196 917.433044 0.264222
airplane 383 2153.871338 679.462097 2269.063477 709.682617 0.516152
airplane 1 2120.081055 1249.404907 2241.875977 1298.670654 0.531610
person 297 2234.766113 497.897491 2272.693604 574.215027 0.565003
kite 402 1539.828491 783.956909 1572.833496 801.093933 0.374277
skis 398 1459.922119 554.908447 1568.860596 597.164978 0.422579
motorcycle 362 1148.692993 570.921143 1197.464600 646.546021 0.361722
bicycle 415 1058.014038 546.652283 1080.034668 569.296753 0.339285
person 412 1393.352905 547.871643 1433.500732 613.967529 0.674863
motorcycle 413 1055.202759 549.747559 1075.639771 566.360840 0.497258
airplane 405 1577.796265 850.634216 1647.535522 888.240967 0.768729
traffic light 399 771.253418 569.501404 796.381470 595.500366 0.955089
