11220312500
airplane 49 1578.107300 850.540405 1647.472046 886.095398 0.271566
airplane 57 2153.925049 680.129822 2268.920410 707.410889 0.337720
airplane 1 2121.165527 1250.114624 2241.255371 1298.645752 0.411512
person 48 1920.029175 467.295197 1942.771606 504.688385 0.488545
car 47 1025.496460 686.075928 1359.653198 834.775696 0.786449
person 11 1043.881836 558.641785 1074.160522 629.543457 0.281363
person 7 912.906738 610.690369 945.264587 696.237122 0.801255
person 41 1884.911743 475.198730 1919.163818 552.883179 0.391099
airplane 51 1434.863647 787.847961 1531.342041 824.148804 0.906525
motorcycle 56 1048.482910 582.971680 1075.844727 639.741882 0.809226
traffic light 18 771.792419 568.689453 796.007324 595.066162 0.862177
frisbee 38 2006.202148 1176.548828 2076.299805 1216.761841 0.901917
airplane 52 1578.074585 847.660583 1646.909790 918.006165 0.914690
person 45 1895.664307 475.987091 1915.040894 531.832825 0.506213
airplane 50 1578.418823 847.763245 1624.237427 872.321228 0.747172
kite 55 1540.832520 784.250305 1573.421753 801.417725 0.872107
