114005338541
frisbee 179 2007.310913 1176.832886 2077.238281 1217.501709 0.344504
airplane 408 1577.781982 848.836975 1646.782715 917.462341 0.281876
airplane 1 2120.088623 1249.411987 2241.861328 1298.680054 0.526055
airplane 383 2153.900391 679.335815 2269.145264 709.629028 0.545524
person 297 2239.483154 502.057983 2272.748779 574.459656 0.513108
kite 402 1539.826782 783.945984 1572.831787 801.075562 0.362953
skis 398 1465.001221 554.318542 1569.531006 595.830139 0.341638
motorcycle 362 1148.908936 571.815125 1197.490845 646.468384 0.365929
bicycle 415 1060.622803 547.880005 1082.854004 571.271667 0.310291
person 412 1387.057495 547.805908 1434.823242 616.903992 0.565889
backpack 414 2241.317383 509.662689 2262.195312 544.801453 0.661085
airplane 405 1577.541016 850.707214 1647.280273 888.313965 0.728224
motorcycle 413 1059.916260 548.897400 1081.228394 567.806763 0.616026
traffic light 399 771.268616 569.489746 796.396667 595.488708 0.913288
