114072330729
backpack 414 2245.212402 509.958618 2266.202148 544.891113 0.371307
airplane 405 1577.586060 853.649170 1647.297974 887.330261 0.252732
airplane 1 2119.989014 1249.226929 2241.958740 1298.690918 0.525741
airplane 383 2153.920410 679.194580 2269.102539 709.749695 0.604074
person 297 2240.249512 500.586304 2273.897461 575.241028 0.683504
kite 402 1539.906982 784.018799 1572.891602 801.294434 0.422241
skis 398 1466.940063 554.921936 1569.675781 595.754333 0.285432
motorcycle 362 1148.976196 571.734497 1198.030884 646.766296 0.419664
person 412 1383.253174 547.579468 1434.976562 617.903931 0.606212
person 416 1065.836670 547.072998 1086.919067 570.155945 1.000000
motorcycle 413 1060.504761 549.560486 1081.816895 568.469849 0.593493
frisbee 179 2007.201904 1176.907837 2077.132324 1217.578247 0.927743
airplane 408 1577.642334 848.825806 1646.652588 917.458374 0.923921
traffic light 399 771.179749 569.499695 796.307800 595.498657 0.902273
