114105338541
backpack 414 2247.096436 510.150116 2268.136719 544.839539 0.480073
airplane 405 1577.670288 854.877258 1647.372192 886.701782 0.256213
airplane 1 2119.923584 1249.112793 2242.020752 1298.708740 0.522988
airplane 383 2153.834473 678.985535 2268.930664 709.790771 0.593636
person 297 2242.562988 500.025116 2276.081543 574.692566 0.544099
kite 402 1539.936401 784.020203 1572.903442 801.409302 0.447002
skis 398 1467.054199 554.685364 1569.562378 595.455933 0.337986
motorcycle 362 1148.847534 570.205933 1198.391479 647.197083 0.395627
person 412 1382.114746 547.527222 1435.205444 618.224365 0.454454
person 416 1065.813721 546.819580 1086.497925 570.025146 0.727399
motorcycle 413 1061.521729 550.083740 1082.833862 568.993103 0.644664
frisbee 179 2007.078979 1176.954468 2077.009277 1217.624878 0.931500
airplane 408 1577.385132 848.868835 1646.395386 917.501404 0.895915
traffic light 399 771.122253 569.491211 796.250305 595.490173 0.929035
