114205338541
airplane 1 2119.855469 1249.014648 2242.111084 1298.751587 0.525655
airplane 383 2153.981934 678.990479 2269.021973 709.965576 0.547933
person 297 2246.111328 499.404053 2279.583496 574.536743 0.664160
kite 402 1540.113525 783.905701 1572.842529 801.407959 0.369701
skis 398 1463.815552 549.954895 1570.583496 594.526917 0.315266
motorcycle 362 1148.782104 564.831787 1198.949463 647.578613 0.396921
person 416 1072.052124 547.843628 1090.920410 571.761658 0.367910
motorcycle 413 1068.151489 549.042664 1089.239990 570.553223 0.603126
airplane 405 1577.356079 855.788025 1647.056641 885.949585 0.835973
backpack 414 2251.795410 508.759125 2273.684570 542.794312 0.630719
person 412 1376.561523 547.915222 1416.676514 618.062073 0.367623
frisbee 179 2007.088745 1177.082764 2077.019043 1217.753174 0.951591
airplane 408 1576.470947 848.976807 1645.481201 917.609375 0.857844
traffic light 399 770.993591 569.535767 796.121643 595.534729 0.947444
