114238346354
airplane 405 1577.511475 856.025269 1647.216187 885.841736 0.265522
airplane 1 2119.867188 1248.999390 2242.130127 1298.762573 0.525219
airplane 383 2153.931152 679.053955 2268.855469 710.003296 0.554586
person 297 2247.130371 500.563477 2280.713867 575.225464 0.693554
kite 402 1540.199341 783.886047 1572.838501 801.314087 0.301964
skis 398 1463.606689 549.089661 1571.229736 594.437256 0.251804
motorcycle 413 1069.751221 548.757507 1090.709106 572.697388 0.416653
motorcycle 362 1148.549805 564.585327 1199.088745 648.137878 0.421877
person 416 1071.998901 547.862610 1091.253052 572.529175 0.347867
backpack 414 2252.527344 509.671387 2274.416504 543.706543 0.446535
person 412 1374.972900 548.209351 1415.087891 618.356201 0.402910
frisbee 179 2007.076294 1177.090698 2077.006592 1217.761108 0.937841
airplane 408 1576.107788 849.061523 1645.118042 917.694092 0.845174
traffic light 399 770.986206 569.558350 796.114258 595.557312 0.939442
