114272330729
backpack 414 2255.536621 510.363342 2276.425781 545.343262 0.552978
airplane 1 2119.884277 1248.995850 2242.134766 1298.769409 0.545189
airplane 383 2153.944092 679.065430 2269.037598 710.014404 0.564491
person 297 2248.702393 502.133087 2282.297119 575.450256 0.594334
kite 402 1540.219727 783.843262 1572.753052 801.284424 0.286518
motorcycle 362 1148.459351 564.523193 1199.063110 648.210938 0.433148
motorcycle 413 1071.503296 548.304016 1092.627197 573.491516 0.479711
person 416 1072.567993 547.248535 1092.065063 572.809326 0.382487
person 412 1373.999878 548.725281 1414.114868 618.872131 0.409748
airplane 405 1577.315186 855.930664 1647.019897 885.747131 0.882551
frisbee 179 2007.093140 1177.091431 2077.023438 1217.761841 0.937876
airplane 408 1575.808838 849.196350 1644.819092 917.828918 0.821979
traffic light 399 770.950623 569.582581 796.078674 595.581543 0.920377
skis 398 1463.160522 549.302307 1570.783569 594.649902 0.629459
