114305338541
backpack 414 2257.239746 511.295441 2277.563721 545.164062 0.275572
airplane 1 2119.901611 1248.961304 2242.166504 1298.773438 0.550888
airplane 383 2153.928711 679.093628 2269.130615 710.038330 0.563184
person 297 2252.461670 501.332581 2285.077393 577.339233 0.639745
kite 402 1540.116699 783.951904 1572.812378 801.407898 0.301173
motorcycle 362 1148.461914 564.122986 1199.287720 648.270264 0.409980
motorcycle 413 1073.355347 547.992981 1094.468872 574.066528 0.463964
person 416 1074.167725 547.940369 1093.920776 574.305115 0.362607
person 412 1371.548706 547.959106 1406.081299 619.707153 0.392450
airplane 405 1576.989868 855.788757 1646.694580 885.605225 0.902130
frisbee 179 2007.111084 1177.090820 2077.041504 1217.761230 0.937874
airplane 408 1575.473389 849.394104 1644.483643 918.026672 0.791191
traffic light 399 770.973328 569.580811 796.101379 595.579773 0.943537
skis 398 1462.424316 549.566040 1570.047363 594.913635 0.614473
