114804361979
airplane 408 1578.177979 847.800537 1647.157593 917.587036 0.262976
airplane 1 2121.065918 1249.343018 2243.022705 1298.718262 0.331717
airplane 405 1577.929932 855.475342 1647.397095 885.338928 0.380963
airplane 383 2153.410400 679.181152 2269.543701 710.044800 0.414756
person 297 2276.869629 502.996826 2312.608643 580.963989 0.582119
motorcycle 362 1147.208740 572.042969 1197.685181 646.929871 0.561567
motorcycle 413 1089.784424 548.209961 1114.358521 583.754089 0.715680
person 416 1089.486206 548.245544 1113.644043 579.607056 0.261829
person 412 1343.606689 548.281250 1368.958740 621.825562 0.571427
frisbee 179 2006.516357 1177.062622 2076.866943 1217.062744 1.000140
kite 402 1539.986938 784.090698 1572.734985 801.180115 0.898122
backpack 414 2276.901367 517.163147 2298.875244 551.375000 0.425627
skis 398 1460.029785 548.936646 1575.388794 593.722351 0.676495
