114838346354
airplane 408 1578.123169 847.762024 1647.046997 917.547302 0.264104
airplane 1 2121.126465 1249.301880 2243.053955 1298.710693 0.326819
airplane 405 1577.927979 855.418335 1647.371582 885.412537 0.381468
airplane 383 2153.357666 679.303894 2269.559814 710.102661 0.399670
person 297 2279.253418 505.610474 2311.242188 582.142639 0.458750
motorcycle 362 1147.032104 571.852783 1197.547119 646.844971 0.611840
motorcycle 413 1091.167847 548.195129 1115.377075 584.159790 0.722231
person 416 1091.023804 548.228210 1115.175659 579.600342 0.280312
person 412 1341.223633 548.444458 1366.751465 623.176147 0.628210
frisbee 179 2006.474609 1177.109985 2076.825195 1217.110107 0.995600
kite 402 1539.943604 784.113586 1572.691650 801.203003 0.897566
backpack 414 2277.815918 517.308594 2299.789795 551.520447 0.540893
skis 398 1459.884155 549.215637 1575.243164 594.001343 0.660087
