115171354166
frisbee 179 2007.078857 1176.647461 2076.903320 1216.653809 0.691388
airplane 405 1577.928467 854.899475 1647.711670 885.776184 0.271915
airplane 1 2120.570801 1249.569702 2242.768555 1298.807373 0.331607
airplane 383 2153.439209 680.570068 2268.783936 709.888489 0.414027
person 297 2293.036865 502.243195 2329.962158 587.265991 0.630790
kite 402 1540.028809 784.471558 1573.125000 801.382446 0.416610
motorcycle 413 1103.855103 548.267395 1132.840088 589.754761 0.561085
motorcycle 362 1144.595581 567.099304 1197.901367 647.246948 0.579304
person 416 1103.683594 547.592651 1125.890381 581.902100 0.257540
person 412 1316.336426 554.725403 1351.779175 631.892151 0.483569
backpack 414 2294.645752 515.854309 2316.619629 550.066162 0.531915
skis 398 1454.140381 548.447571 1569.499390 593.233276 0.505463
airplane 408 1578.098877 848.216370 1647.098877 917.648315 0.925205
