115470312500
frisbee 179 2007.013062 1176.885498 2076.875000 1217.042969 0.264814
handbag 419 2304.587402 556.480591 2323.362061 584.738770 0.271747
airplane 1 2119.835205 1248.987671 2242.360107 1298.694214 0.338454
airplane 405 1578.046631 853.728394 1647.718872 886.200623 0.398864
airplane 383 2153.828857 680.358276 2269.737793 710.093201 0.558751
person 297 2311.690918 508.214691 2345.128418 590.170288 0.622176
skis 398 1461.010498 547.616028 1577.319214 595.036682 0.289153
motorcycle 362 1147.262329 571.916382 1197.291260 648.452515 0.329658
kite 402 1539.722046 784.358276 1573.006592 801.491089 0.928711
airplane 408 1577.813843 848.253052 1646.813843 917.685059 0.906820
backpack 414 2314.472656 522.831360 2335.866455 557.724548 0.429952
person 416 1116.426025 553.772705 1138.632812 588.082153 0.606278
person 412 1299.255493 551.095276 1342.848145 636.833740 0.403652
