115670312500
airplane 1 2120.576904 1248.771851 2242.790771 1298.733032 0.312567
airplane 405 1577.978394 854.128174 1647.702148 886.076050 0.395815
airplane 383 2153.787354 680.738220 2269.846191 710.211060 0.490316
person 297 2323.163086 506.109833 2355.680420 590.085327 0.528722
skis 398 1462.699829 547.484131 1579.313599 594.955872 0.336261
motorcycle 362 1147.203979 580.055664 1195.791016 646.980835 0.418463
handbag 419 2314.305664 554.983948 2332.569336 583.146118 0.702055
frisbee 179 2006.757935 1177.020142 2076.620117 1217.177612 0.953522
airplane 408 1577.871826 847.941162 1646.815796 917.832825 0.939657
kite 402 1539.786133 784.296143 1572.875122 801.364990 0.913300
person 416 1126.673462 557.104492 1148.880249 591.413940 0.582993
person 412 1289.615601 555.272644 1333.208252 641.011108 0.355565
