116203320312
frisbee 179 2006.829712 1176.674316 2077.127930 1217.218018 0.354323
airplane 405 1577.769165 856.719727 1647.501953 885.789917 0.317407
airplane 1 2120.466309 1249.388550 2242.750244 1298.746582 0.478908
airplane 383 2153.800781 679.362122 2269.182373 709.698547 0.508204
bicycle 421 1998.769531 468.127991 2054.137207 505.625366 0.544625
person 297 2353.051270 508.905029 2385.015381 589.473755 0.670807
skis 398 1460.994263 547.274170 1575.474243 594.351562 0.333773
handbag 419 2347.960205 560.764832 2365.944092 590.684082 0.567001
motorcycle 362 1146.810547 555.925720 1199.637085 648.293518 0.471228
person 412 1263.737061 562.639404 1307.329712 648.377808 0.250024
airplane 408 1578.572754 847.509521 1647.555054 917.568481 0.828698
kite 402 1539.745239 784.287598 1572.463379 801.324707 0.913467
person 416 1158.412109 549.256042 1181.135864 588.292725 0.529543
airplane 420 1674.108521 806.727844 2306.815430 1266.690308 0.651407
