116303320312
frisbee 179 2006.821289 1176.666382 2077.168213 1217.295654 0.358540
handbag 419 2356.652344 563.238098 2376.038818 590.786682 0.505014
airplane 405 1577.765625 856.710999 1647.509033 885.766907 0.318088
airplane 1 2120.456787 1249.441284 2242.710205 1298.748291 0.489357
airplane 383 2153.836182 679.407227 2269.132568 709.708191 0.502523
bicycle 421 1999.477417 467.460022 2056.417969 505.355591 0.488784
person 297 2358.912842 509.998352 2391.819092 592.686340 0.780636
skis 398 1461.148804 547.301025 1575.666748 594.376160 0.343059
motorcycle 362 1148.997681 560.725037 1200.033447 649.679749 0.275430
person 412 1258.884766 564.020691 1302.477417 649.759155 0.219605
airplane 408 1578.691528 847.374817 1647.673828 917.433838 0.875558
kite 402 1539.735107 784.263977 1572.453247 801.301086 0.950799
person 416 1163.249023 548.367920 1185.972778 587.404602 0.504959
airplane 420 1608.541992 837.742737 2241.249023 1297.705200 0.666958
