11453320312
airplane 49 1578.318970 848.169312 1647.617065 887.206909 0.273037
airplane 58 2196.821289 523.650330 2408.601074 617.291260 0.276566
airplane 57 2153.959717 680.640930 2268.813232 706.682312 0.406828
airplane 1 2121.708252 1249.224731 2242.416260 1298.664185 0.580115
person 41 1903.115967 474.583099 1941.106812 551.874573 0.736729
traffic light 18 771.522339 568.334229 795.793274 595.222351 0.254897
car 47 1076.403564 670.092224 1446.762695 821.571472 0.405021
person 11 1044.152466 558.184753 1074.020020 630.633118 0.308508
person 7 914.462952 611.631165 946.743347 698.042419 0.784155
frisbee 38 2006.192505 1176.557861 2076.290283 1216.770874 0.895130
airplane 52 1576.420044 848.259949 1645.255249 918.605530 0.866199
airplane 51 1438.883789 782.661438 1526.831787 814.552124 0.561210
person 45 1909.732788 473.557251 1929.109375 529.402954 0.417702
airplane 50 1578.957520 846.997986 1624.776123 871.555969 0.752033
kite 55 1540.854736 784.222412 1573.443970 801.389832 0.877937
person 48 1916.001465 465.849945 1935.267456 503.076813 0.531275
