116536328125
airplane 405 1578.050415 854.212463 1647.971802 885.630676 0.348558
airplane 1 2120.398193 1249.713501 2242.239014 1298.734497 0.453342
airplane 408 1577.964600 847.893311 1647.165771 918.513855 0.474284
airplane 383 2154.476562 679.737915 2269.218262 709.323914 0.571665
person 297 2375.103760 515.230957 2406.527100 598.056030 0.688674
motorcycle 362 1148.555298 582.508301 1196.611816 644.549011 0.397675
person 412 1237.236328 573.327271 1271.635986 651.808411 0.239666
kite 402 1540.272949 784.413879 1572.762329 801.342651 0.925176
bicycle 421 1998.165039 467.440857 2055.224365 505.368835 0.686485
person 416 1176.443848 552.646362 1199.167603 591.683044 0.583684
airplane 420 1667.847534 814.335754 2300.554443 1274.298218 0.772146
skis 398 1460.042969 547.490906 1574.487549 594.591797 0.827920
frisbee 179 2006.539185 1176.912964 2076.855469 1217.490845 0.944330
