116602343750
airplane 405 1578.088013 854.065796 1648.014526 885.631714 0.335300
airplane 408 1577.919434 847.890381 1647.137939 918.518555 0.446071
airplane 1 2120.322021 1249.721313 2242.116455 1298.722900 0.482861
airplane 383 2154.472412 679.787720 2268.976318 709.332825 0.563700
person 297 2380.197021 514.875061 2409.704346 597.420532 0.594294
motorcycle 362 1148.481812 584.046204 1195.866943 644.220642 0.507335
person 412 1228.079102 575.169556 1265.400269 656.137573 0.263731
kite 402 1540.344604 784.449707 1572.833984 801.378479 0.970386
bicycle 421 1997.663696 467.402710 2054.723145 505.330688 0.653944
person 416 1178.443115 554.140320 1201.166992 593.177002 0.652528
airplane 420 1717.623413 800.439148 2350.330322 1260.401611 0.693579
skis 398 1459.099854 547.518311 1573.544434 594.619263 0.791293
frisbee 179 2006.546875 1176.949463 2076.863037 1217.527344 0.946230
