116735351562
airplane 1 2120.188965 1249.066528 2260.581787 1298.620605 0.263996
airplane 405 1578.070923 851.321716 1647.655518 885.659912 0.265694
airplane 383 2154.174072 679.493225 2269.063232 709.797607 0.407814
person 297 2384.247803 513.720520 2411.468262 596.963013 0.553191
kite 402 1540.067139 784.183960 1572.919189 801.407227 0.273867
motorcycle 362 1148.679321 578.551453 1195.333130 644.011414 0.389069
person 412 1223.125732 576.908081 1258.668213 656.602600 0.599585
bicycle 421 1996.858765 467.450745 2053.917969 505.378723 0.753299
person 416 1186.142822 556.594360 1208.866577 595.631042 0.514415
person 422 1145.403809 559.838806 1194.017212 643.553650 1.000000
airplane 420 1825.024536 790.896729 2457.731689 1250.859253 0.682188
skis 398 1456.282715 547.124817 1570.727295 594.225708 0.627775
airplane 408 1577.833862 847.856995 1647.050537 918.505432 0.934243
frisbee 179 2006.649902 1177.002563 2076.966064 1217.580444 0.965637
