116935351562
airplane 405 1577.967041 848.555969 1647.016846 886.859070 0.258617
airplane 1 2114.476074 1249.749146 2282.880615 1300.050781 0.302837
airplane 383 2153.756592 679.115723 2269.450195 710.512451 0.391997
bicycle 421 2002.933472 466.881622 2042.733887 499.678955 0.258511
kite 402 1539.722290 783.927368 1573.088013 801.576904 0.295487
motorcycle 362 1147.877930 576.967529 1195.076660 645.911438 0.488427
person 412 1212.760864 579.879333 1243.363159 660.678223 0.453232
person 422 1146.404907 561.010925 1193.529785 643.699524 0.895238
airplane 420 1722.621582 812.981079 2355.328613 1272.943604 0.661131
skis 398 1456.808350 546.648804 1571.252930 593.749756 0.655619
person 416 1195.823364 551.075562 1216.818237 595.930908 0.585906
airplane 408 1576.917358 848.010376 1646.134033 918.658813 0.925028
frisbee 179 2006.504272 1177.014038 2076.820312 1217.591919 0.992503
