117235351562
airplane 1 2121.052246 1248.328979 2246.716064 1298.586548 0.299723
airplane 420 1776.025513 795.494446 2412.321533 1287.048828 0.311418
airplane 383 2153.750977 679.987732 2269.295410 710.189026 0.475842
kite 402 1540.398315 784.155945 1572.675171 801.193787 0.269782
skis 398 1459.395874 547.355957 1580.193848 588.299377 0.428223
traffic light 423 768.828491 562.501465 814.283936 596.057861 0.324267
motorcycle 362 1147.041382 581.033813 1194.711426 645.680969 0.584583
person 422 1149.250977 563.046143 1192.619263 640.312134 0.262803
person 412 1197.005249 586.729004 1229.466797 669.767090 0.683548
person 416 1211.070801 556.415283 1232.065674 601.270630 0.650737
airplane 405 1578.754639 849.670166 1647.772583 888.148132 0.724523
airplane 408 1575.693359 849.757690 1644.910034 920.406128 0.775715
frisbee 179 2006.482910 1176.927612 2076.799072 1217.505493 0.977582
bicycle 421 2002.320068 466.726501 2041.843994 499.297821 0.639693
