117601302083
airplane 420 1590.435547 840.505554 2223.418457 1294.966187 0.256813
airplane 408 1578.095703 848.072815 1647.307495 917.984863 0.262305
airplane 1 2118.562744 1249.618774 2242.070801 1298.592285 0.282910
airplane 405 1577.714966 855.347717 1647.419800 885.997925 0.327979
airplane 383 2153.794922 679.642212 2269.552734 710.013367 0.500954
skis 398 1459.917969 547.323364 1576.638794 594.720459 0.302976
person 412 1173.031616 591.982788 1212.548950 675.712280 0.704494
frisbee 179 2005.965942 1176.881836 2076.282227 1217.459717 0.963977
motorcycle 362 1146.540283 583.278992 1192.291016 642.928833 0.722016
traffic light 423 768.844604 562.322815 814.275940 595.832581 0.949889
bicycle 421 2002.283936 466.790802 2041.807861 499.362122 0.734676
person 416 1225.230835 557.553162 1247.822266 610.309021 0.565337
