117834309895
frisbee 179 2007.115234 1176.646118 2077.034180 1217.097046 0.488389
airplane 383 2153.801270 678.700623 2268.982666 709.609802 0.291946
airplane 408 1577.883423 848.305542 1646.907715 906.332031 0.295840
airplane 1 2120.341064 1249.480591 2242.721924 1298.669312 0.487288
skis 398 1458.747437 547.647278 1579.233521 588.859192 0.276677
motorcycle 362 1146.858398 583.042297 1192.609253 642.692139 0.480095
person 412 1164.106079 596.292358 1203.424683 680.949219 0.277103
traffic light 423 769.321411 562.299194 814.752747 595.808960 0.873524
bicycle 421 2001.761230 466.633331 2041.285156 499.204651 0.681010
airplane 420 1561.517334 830.619507 2197.555420 1292.323486 0.389587
person 416 1233.904175 562.098022 1256.495605 614.853882 0.584826
airplane 405 1577.075439 855.203735 1646.798950 885.619751 0.954376
