117901302083
frisbee 179 2007.165894 1176.644165 2077.050537 1217.086548 0.523914
airplane 408 1578.011841 848.523865 1647.017334 906.058472 0.294080
airplane 383 2153.809570 678.714844 2268.922119 709.622314 0.303903
airplane 1 2120.479492 1249.442749 2242.724121 1298.663086 0.480768
skis 398 1458.544800 547.614075 1579.431030 588.189209 0.283127
motorcycle 362 1146.442261 583.270081 1192.192993 642.919922 0.561380
person 412 1161.086426 597.637878 1200.405029 682.294800 0.307105
traffic light 423 769.428284 562.287109 814.859619 595.796875 0.890804
bicycle 421 2001.683472 466.603363 2041.207397 499.174683 0.676076
airplane 420 1559.583740 842.104919 2195.621826 1303.808960 0.409254
person 416 1237.578247 563.948303 1260.169678 616.704163 0.597410
airplane 405 1576.791504 855.178284 1646.515015 885.594299 0.910771
