117934309895
frisbee 179 2007.177490 1176.649536 2077.054688 1217.094849 0.512654
airplane 408 1577.999634 848.481018 1646.995239 906.476379 0.288919
airplane 383 2153.800049 678.717773 2268.899414 709.631531 0.298685
airplane 1 2120.480713 1249.432739 2242.716553 1298.663818 0.478144
skis 398 1459.059692 547.297791 1580.045654 587.721558 0.281749
motorcycle 362 1146.519165 575.110840 1195.415649 661.563843 0.262858
person 412 1159.576538 598.310608 1198.895264 682.967468 0.301011
traffic light 423 769.484924 562.259033 814.916260 595.768799 0.881195
bicycle 421 2001.613770 466.614807 2041.137695 499.186127 0.679395
airplane 420 1552.714355 843.777954 2188.752441 1305.481934 0.357381
person 416 1238.169922 564.581604 1260.761353 617.337463 0.667705
airplane 405 1576.696289 855.195068 1646.419800 885.611084 0.855506
