118234309895
airplane 383 2153.480469 679.324829 2268.513672 710.286438 0.411639
airplane 1 2119.053467 1249.516479 2241.885254 1298.647339 0.594512
bicycle 421 2000.707520 467.189972 2056.959961 504.709534 0.455877
person 412 1146.016235 604.256592 1180.891724 685.891541 0.421117
motorcycle 362 1149.903442 579.109131 1198.799927 665.562134 0.348980
airplane 420 1553.671631 853.213684 2189.709717 1314.917725 0.348004
person 416 1247.055298 568.528687 1269.646729 621.284546 0.562219
airplane 405 1576.368042 855.245300 1646.091553 885.661316 0.887262
frisbee 179 2006.841797 1176.856689 2076.699951 1217.298462 0.954643
airplane 408 1580.289062 848.993591 1649.279419 905.972046 0.778002
skis 398 1453.398438 547.032837 1574.504272 587.290955 0.671695
