11653320312
frisbee 38 2007.029053 1176.609619 2077.006348 1216.698730 0.746662
airplane 58 2188.706055 523.540039 2409.518066 617.273926 0.255668
airplane 52 1577.718018 847.813599 1646.792847 918.306458 0.359469
airplane 57 2153.713379 680.400330 2268.039062 709.376343 0.523060
airplane 1 2120.146973 1249.502686 2241.780762 1298.701538 0.586660
person 41 1915.344482 471.440216 1948.765991 550.929565 0.553951
traffic light 18 771.572144 568.793884 796.879761 595.874939 0.333587
airplane 51 1439.666138 783.524780 1532.802734 818.541931 0.311288
car 47 1122.926270 665.946960 1458.689697 805.128235 0.784133
person 7 912.354126 611.618835 946.099731 699.349731 0.835415
airplane 49 1578.519165 849.234131 1648.007568 888.044678 0.705167
person 45 1917.707764 472.312103 1937.084351 528.157837 0.850881
person 11 1044.187744 558.187744 1073.956421 630.324890 0.766312
airplane 50 1579.378662 846.911316 1625.197266 871.469299 0.734482
kite 55 1540.949951 784.278809 1573.539185 801.446228 0.977622
person 48 1914.842041 459.824188 1934.108032 497.051056 0.448087
