118400325520
airplane 383 2153.199951 678.679993 2268.879150 710.179321 0.344139
airplane 1 2119.556396 1249.226318 2242.247070 1298.624756 0.639183
bicycle 421 2000.972900 467.000702 2057.466309 504.776245 0.262219
motorcycle 362 1147.843750 562.723083 1196.987549 646.847168 0.451007
person 412 1141.000000 605.663879 1169.422607 686.930908 0.705510
person 416 1248.653564 569.642883 1271.244995 622.398743 0.569067
airplane 405 1576.388184 855.202271 1646.111694 885.618286 0.903835
airplane 420 1704.908569 824.117920 2340.469971 1301.547607 0.386328
frisbee 179 2006.806519 1176.899902 2076.664551 1217.341675 0.983288
airplane 408 1580.639038 848.933289 1649.629395 905.911743 0.659318
skis 398 1452.705811 547.530334 1573.811646 587.788452 0.673293
