118434309895
airplane 383 2153.145996 678.266418 2269.243896 710.114136 0.353297
airplane 1 2119.885498 1249.095459 2242.471191 1298.655518 0.640473
motorcycle 362 1147.498901 564.201355 1196.853760 647.398254 0.371409
person 412 1139.713135 605.416931 1167.649292 688.575928 0.729005
bicycle 421 2000.749512 466.938873 2057.243164 504.714417 0.716459
person 416 1249.592163 570.288940 1272.183594 623.044800 0.566662
airplane 405 1576.419800 855.215271 1646.143311 885.631287 0.915812
airplane 420 1719.134033 822.581360 2354.695557 1300.011108 0.308829
frisbee 179 2006.775269 1176.900269 2076.633301 1217.342041 0.986840
airplane 408 1580.709839 849.002625 1649.700195 905.981079 0.690033
skis 398 1452.869385 547.692078 1573.975220 587.950195 0.643558
