118467317708
airplane 383 2153.110107 678.007263 2269.452881 710.079468 0.339271
airplane 1 2120.055176 1249.016235 2242.574951 1298.677612 0.639840
motorcycle 362 1148.120605 564.170105 1197.217285 646.772034 0.250414
person 412 1138.118530 606.184265 1166.501221 689.895935 0.729517
bicycle 421 2000.354492 466.878876 2056.848145 504.654419 0.727447
person 416 1250.759521 570.936646 1273.350952 623.692505 0.537924
airplane 405 1576.426147 855.244324 1646.149658 885.660339 0.916896
airplane 420 1733.359619 821.044800 2368.921143 1298.474487 0.371262
frisbee 179 2006.768677 1176.904419 2076.626709 1217.346191 0.988493
airplane 408 1580.623169 849.073364 1649.613525 906.051819 0.702995
skis 398 1452.819336 547.800842 1573.925171 588.058960 0.660386
