11686328125
frisbee 38 2007.017334 1176.608398 2076.999512 1216.704346 0.734952
airplane 52 1577.851807 847.780701 1646.910400 918.252869 0.358564
airplane 57 2153.708740 680.372314 2268.250977 709.458374 0.520175
airplane 1 2120.111084 1249.526245 2241.754150 1298.704102 0.585176
person 41 1917.416382 471.568176 1948.604736 549.027039 0.623239
traffic light 18 771.582947 568.821533 796.935547 595.864075 0.322651
airplane 51 1438.645752 783.297546 1532.346436 818.112915 0.290019
car 47 1130.350098 666.949524 1464.589233 802.842834 0.838055
person 7 912.063965 611.677490 945.413513 699.563477 0.832544
airplane 49 1578.503052 849.351746 1647.991455 888.162292 0.692981
person 45 1918.677734 472.130615 1938.054321 527.976318 0.901175
person 11 1044.178345 558.163635 1073.947021 630.300781 0.760342
airplane 58 2190.394287 523.536743 2411.206299 617.270630 0.659031
airplane 50 1579.365479 846.885010 1625.184082 871.442993 0.762240
kite 55 1540.954468 784.280701 1573.543701 801.448120 0.983115
person 48 1914.337646 459.174561 1933.603638 496.401428 0.354336
