118800325520
airplane 405 1577.597778 857.487366 1647.532959 885.963135 0.329315
airplane 383 2153.475586 679.129761 2268.658203 710.079590 0.341579
airplane 1 2118.891602 1249.745361 2241.863037 1298.718872 0.677909
motorcycle 362 1147.061768 567.791382 1196.833740 648.604126 0.490435
person 412 1121.329468 613.030090 1157.062256 700.804321 0.495585
airplane 420 1857.697388 777.103088 2493.259033 1254.532837 0.405474
frisbee 179 2006.721924 1176.993774 2076.580078 1217.435547 0.998213
airplane 408 1579.860596 850.260132 1648.850952 907.238586 0.786877
bicycle 421 2000.110962 466.699921 2055.938965 504.601166 0.792252
skis 398 1453.899536 548.451233 1575.005371 588.709351 0.682925
