118900325520
airplane 420 1864.199829 794.214417 2500.029297 1276.388794 0.252803
airplane 383 2153.565430 679.349182 2268.714600 710.110107 0.327381
airplane 405 1577.635010 857.783508 1647.549805 885.800720 0.331717
airplane 1 2118.550781 1249.939819 2241.783936 1298.717407 0.669691
motorcycle 362 1147.001709 570.859253 1196.540649 647.336121 0.564729
person 412 1116.410034 612.486938 1149.651245 700.436096 0.646865
chair 425 2164.463623 467.226624 2262.865967 525.460205 1.000000
frisbee 179 2006.735107 1176.996216 2076.593262 1217.437988 0.978265
airplane 408 1579.537964 850.627991 1648.528320 907.606445 0.813685
bicycle 421 1999.490845 466.792572 2055.318848 504.693817 0.796206
skis 398 1453.914795 548.454102 1575.020630 588.712219 0.683474
