119033333333
chair 425 2164.495605 467.201996 2262.916992 525.435791 0.268871
airplane 420 1797.238159 802.186462 2433.317383 1287.783203 0.252110
airplane 405 1577.688110 857.857300 1647.632935 885.833862 0.326149
airplane 383 2153.322998 679.509949 2268.601074 710.109802 0.327708
airplane 1 2118.412598 1249.966064 2241.725586 1298.696167 0.676055
motorcycle 362 1147.454834 584.567505 1196.866211 645.400146 0.584207
person 412 1107.277466 616.331299 1140.586182 703.630737 0.698180
frisbee 179 2006.730957 1176.979736 2076.589111 1217.421509 0.977682
airplane 408 1579.337280 850.841858 1648.327637 907.820312 0.780834
bicycle 421 1999.175903 466.799744 2055.003906 504.700989 0.782442
skis 398 1453.855835 548.367493 1574.961670 588.625610 0.706376
