119399348958
frisbee 179 2006.837036 1176.577637 2076.988037 1216.869629 0.356710
airplane 383 2153.165771 678.570374 2268.938232 709.768372 0.468496
airplane 1 2120.554688 1249.400391 2242.193848 1298.788330 0.481950
motorcycle 362 1146.680542 573.796570 1196.349365 645.985107 0.500292
person 426 1037.975464 548.442017 1052.748291 562.201538 0.331821
person 412 1100.307739 622.104370 1129.220703 703.174927 0.717826
airplane 427 1578.271973 836.230896 2210.977051 1295.962524 1.000000
bicycle 421 1998.906372 466.948853 2054.734375 504.850098 0.794348
airplane 405 1577.854614 856.834839 1647.376709 885.967590 0.996580
skis 398 1453.451172 548.169678 1574.557007 588.427795 0.665258
