119832356770
airplane 405 1577.792603 857.571106 1647.067627 885.941895 0.273631
airplane 1 2121.413086 1249.855835 2242.716553 1298.671143 0.418007
bicycle 421 2001.418823 467.051971 2058.305420 504.838409 0.393182
skis 398 1460.986450 547.391052 1581.758057 588.083191 0.304851
motorcycle 429 1086.107422 665.691101 1117.013428 716.305664 0.358645
motorcycle 362 1146.094849 575.578735 1197.931152 645.916199 0.545410
motorcycle 428 1042.403564 548.358826 1060.385132 575.049133 0.589665
person 412 1085.208252 632.495667 1114.483276 707.347595 0.484227
person 426 1043.305908 550.153625 1060.689331 573.181396 0.539834
airplane 427 1618.970947 838.398743 2251.517578 1298.656494 0.568465
airplane 383 2153.666748 679.416809 2269.410645 710.310913 0.914850
frisbee 179 2006.357300 1176.754639 2076.620361 1217.087891 0.999887
