11819335937
frisbee 38 2006.984253 1176.623901 2076.978760 1216.726929 0.749552
airplane 52 1578.065186 847.690247 1647.107910 918.185913 0.364029
airplane 57 2153.775879 680.376648 2268.235840 709.546448 0.502246
airplane 1 2120.079590 1249.491943 2241.778809 1298.675781 0.549168
person 45 1927.857422 470.867157 1945.920898 528.475098 0.537631
traffic light 18 771.545288 568.761353 797.043640 595.896057 0.290071
car 47 1153.308960 662.687378 1478.592041 793.069275 0.639913
person 7 911.145691 611.806335 944.555054 700.248657 0.829082
person 11 1044.024536 558.151672 1073.793213 630.288818 0.778000
airplane 58 2191.621094 524.498657 2412.433594 618.232544 0.779906
airplane 49 1577.697021 851.590088 1647.451172 886.872192 0.774475
airplane 50 1579.347290 846.938416 1625.165894 871.496399 0.734552
kite 55 1540.985352 784.292847 1573.574585 801.460266 0.983503
person 41 1923.923218 471.230225 1950.725830 547.825195 0.644374
person 48 1912.320068 456.576050 1931.586060 493.802917 0.322788
