120098307291
airplane 427 1621.170044 823.534790 2254.424072 1289.244995 0.263611
airplane 383 2146.032715 677.967468 2261.319580 706.637268 0.285157
airplane 1 2120.279785 1250.069946 2242.669189 1298.802856 0.306114
motorcycle 428 1045.635742 549.931335 1065.236816 581.520996 0.493203
motorcycle 362 1146.502808 580.224487 1197.829224 646.172974 0.591520
person 426 1044.664917 547.177063 1064.489380 570.352234 0.349490
person 412 1075.598511 636.482849 1109.934692 719.394043 0.631180
kite 430 1540.242188 785.089417 1572.964600 801.530701 1.000000
person 431 1146.051147 563.428894 1193.943848 640.268738 0.998029
frisbee 179 2006.298096 1176.899414 2076.561035 1217.232666 1.036341
bicycle 421 2001.140015 466.756439 2058.154297 504.538330 0.730981
airplane 405 1577.551392 857.409485 1646.832153 885.689880 0.932219
