120198307291
airplane 427 1604.112305 821.916199 2237.776367 1289.724609 0.264377
airplane 383 2147.985107 677.148071 2263.705322 707.666870 0.278505
airplane 1 2119.781738 1250.155029 2242.768799 1298.838013 0.313332
kite 430 1540.229858 785.088989 1572.958374 801.533569 0.295287
motorcycle 428 1046.720337 551.875488 1066.143433 584.173584 0.423380
motorcycle 362 1146.448364 582.273376 1197.697266 645.681458 0.611749
person 431 1146.208008 563.280701 1193.739014 639.787231 0.347212
person 426 1045.754395 547.325073 1066.025879 572.753113 0.398382
person 412 1071.491455 638.145996 1108.951172 722.703796 0.741733
frisbee 179 2006.137695 1176.903320 2076.400879 1217.236572 1.029056
bicycle 421 2000.520386 466.585083 2057.534668 504.366974 0.794858
airplane 405 1577.464355 857.195984 1646.745117 885.476379 0.943980
