120265364583
airplane 427 1585.061890 825.020142 2218.922363 1293.285278 0.262309
airplane 383 2149.916992 677.331238 2265.502686 708.071045 0.272575
airplane 1 2119.687988 1250.229004 2242.652100 1298.837646 0.313608
kite 430 1540.229126 785.094360 1572.958008 801.537659 0.287949
motorcycle 428 1047.294434 551.365173 1067.206299 585.673584 0.485176
motorcycle 362 1146.483887 582.555664 1197.749146 645.653503 0.642685
person 426 1046.632812 547.644653 1066.906616 573.424988 0.329730
person 431 1146.036133 563.178528 1193.368530 639.041809 0.371311
person 412 1070.777344 638.802979 1108.983765 724.087036 0.731790
frisbee 179 2006.099854 1176.897583 2076.362793 1217.230835 1.030314
bicycle 421 2000.079712 466.604309 2057.093994 504.386200 0.819967
airplane 405 1577.489136 857.167908 1646.769897 885.448303 0.943534
