120431315104
frisbee 179 2006.677612 1176.731201 2076.998535 1217.077637 0.461494
airplane 1 2119.265869 1249.827148 2241.965820 1298.690186 0.417573
motorcycle 428 1049.912231 557.076721 1069.700928 590.594360 0.455508
motorcycle 362 1146.283081 581.294128 1197.302002 645.499512 0.666819
person 431 1146.007568 562.664856 1192.557251 638.240845 0.321440
person 426 1049.526489 548.297302 1069.672852 576.875305 0.556164
person 412 1067.595947 639.051453 1099.183350 723.648987 0.656384
airplane 383 2153.968994 679.403015 2269.953857 710.166504 0.803318
kite 430 1540.055908 785.216736 1572.778687 801.660706 0.924115
bicycle 421 1999.294922 466.948181 2056.309082 504.730072 0.842713
airplane 405 1577.557983 857.228699 1646.838745 885.509094 0.912999
airplane 427 1580.413574 823.088074 2213.913330 1291.304077 0.458089
