120565364583
frisbee 179 2006.808838 1176.727417 2077.173828 1217.080933 0.445379
airplane 1 2119.282227 1249.597168 2241.865723 1298.647461 0.410138
kite 430 1540.232056 784.626160 1572.708862 801.178833 0.253579
motorcycle 428 1050.868286 558.589539 1071.387939 594.899109 0.393486
motorcycle 362 1146.341064 581.516785 1197.109131 645.312317 0.672410
person 431 1146.234131 563.099182 1192.377930 638.915222 0.330526
person 426 1050.732178 548.004395 1070.081177 578.066528 0.477207
person 412 1066.387817 642.852051 1096.614502 726.507996 0.705245
bicycle 421 1999.031860 467.199799 2056.046143 504.981689 0.826794
airplane 383 2145.549072 677.872803 2261.628174 708.697937 0.617119
airplane 405 1577.533081 857.229614 1646.813843 885.510010 0.913526
airplane 427 1712.341675 809.984375 2345.841309 1278.200439 0.513757
