120864322916
airplane 432 1578.190918 847.483582 1623.619019 872.889587 0.262063
airplane 1 2119.339844 1249.438110 2241.980469 1298.684692 0.595464
bicycle 421 2001.437866 467.049713 2059.176758 504.940094 0.333441
kite 430 1540.075195 784.644653 1573.324951 801.484802 0.338752
motorcycle 428 1052.007080 564.014465 1072.456665 604.206055 0.292213
motorcycle 362 1146.496948 582.858276 1196.292725 645.488281 0.622224
person 431 1146.788940 562.913818 1193.938354 643.111328 0.338652
person 426 1047.286987 547.744080 1071.313843 586.484253 0.639220
person 412 1059.199219 651.667175 1088.466553 731.035583 0.701679
car 433 1059.815674 634.118469 1112.500488 698.048096 0.973661
airplane 405 1577.394287 857.374451 1646.675049 885.654846 0.902883
airplane 383 2138.413574 675.926208 2254.467041 707.210632 0.580267
frisbee 179 2006.756348 1177.002197 2077.113281 1217.320801 0.953320
airplane 427 1695.224365 843.310242 2328.724121 1311.526245 0.473460
