120997330729
airplane 432 1578.188843 847.480408 1623.625000 872.887451 0.260380
airplane 1 2119.273438 1249.405518 2241.970215 1298.690063 0.580533
bicycle 421 2001.453979 467.050018 2059.294678 504.930969 0.338183
kite 430 1540.010254 784.657654 1573.420898 801.530334 0.371573
motorcycle 428 1051.208984 564.576233 1072.577637 608.910095 0.252474
motorcycle 362 1146.426025 581.797363 1196.456787 645.382812 0.626565
person 431 1145.605225 563.051636 1194.503418 643.164246 0.301761
person 412 1055.840088 651.497986 1084.139160 739.186707 0.563176
person 426 1046.203979 547.740601 1072.113281 590.886841 0.716513
car 433 1060.963867 634.038940 1113.002197 699.129272 0.922286
airplane 383 2131.051514 674.790710 2247.104980 706.075134 0.808624
airplane 405 1577.559082 853.125305 1646.700317 886.723877 0.750058
frisbee 179 2006.723145 1177.054199 2077.080078 1217.372803 0.964429
airplane 427 1620.857300 834.644714 2254.356934 1302.860718 0.506911
