121097330729
airplane 383 2151.256104 679.019470 2266.978027 709.718018 0.423341
airplane 1 2120.273682 1249.579712 2242.008301 1298.704712 0.485526
motorcycle 428 1051.882446 572.544678 1073.877441 611.534973 0.460486
motorcycle 362 1146.124512 581.016968 1196.405151 645.378479 0.612929
person 431 1145.341675 561.906372 1193.256226 642.129333 0.280195
person 426 1047.429810 547.793335 1073.991821 593.573975 0.730103
person 412 1053.505127 653.449219 1086.707764 742.627197 0.747498
chair 434 2155.758301 467.201691 2264.742432 525.837646 0.988421
airplane 405 1578.185059 853.977783 1647.326294 887.576355 0.874994
frisbee 179 2006.550293 1176.982422 2076.907227 1217.301025 0.940394
kite 430 1539.953125 784.756714 1573.383301 801.631409 0.898471
airplane 427 1633.729370 826.474731 2267.229004 1294.690796 0.410672
bicycle 421 2001.011475 466.884430 2058.953125 504.717041 0.809403
airplane 432 1578.215576 847.597778 1623.652588 873.008911 0.955736
