121230338541
chair 434 2155.857178 467.195953 2264.507568 525.771606 0.296202
airplane 383 2153.192627 679.648743 2268.788574 710.192078 0.429164
airplane 1 2120.785156 1249.664185 2242.038818 1298.704590 0.462285
motorcycle 428 1052.997803 578.089600 1074.076660 615.596802 0.319324
motorcycle 362 1145.942261 581.208740 1196.283203 645.324219 0.615733
person 431 1145.276367 561.556335 1192.552124 641.548645 0.293582
person 426 1048.964600 548.381287 1074.868774 597.936707 0.745921
person 412 1051.068481 656.204651 1085.658325 748.575012 0.746117
airplane 405 1578.407471 854.060791 1647.548706 887.659363 0.861451
frisbee 179 2006.368896 1176.949097 2076.725830 1217.267700 0.982269
kite 430 1539.737427 784.934021 1573.167603 801.808716 0.909192
airplane 427 1628.679810 830.409180 2262.179443 1298.625244 0.535839
bicycle 421 2000.293579 466.888000 2058.235107 504.720581 0.838128
airplane 432 1578.067993 847.761536 1623.505005 873.172668 0.958533
