121430338541
frisbee 179 2006.796997 1176.738892 2076.849365 1216.915527 0.396060
airplane 383 2153.318115 679.456421 2268.981934 710.072632 0.250938
airplane 1 2120.585205 1249.720215 2241.859131 1298.650146 0.546765
kite 430 1540.040771 784.696106 1573.027222 801.511475 0.413659
motorcycle 428 1057.278687 577.200500 1078.516602 620.347656 0.599063
motorcycle 362 1145.764648 583.161743 1197.347534 645.566284 0.653563
person 431 1145.193970 561.639221 1192.383789 640.460938 0.310778
person 412 1047.833374 657.292969 1082.265137 748.828369 0.738287
person 426 1051.251831 548.238037 1078.809692 603.646606 0.771583
airplane 427 1756.866211 828.230103 2390.365723 1296.446167 0.545853
airplane 405 1578.145508 852.272949 1647.318726 888.471008 0.712019
bicycle 421 1999.979370 466.839844 2057.920898 504.672424 0.827654
airplane 432 1577.818359 847.686584 1623.255371 873.097717 0.908281
chair 434 2156.436279 467.109039 2264.347168 525.631714 0.945210
