121796354166
airplane 383 2153.381348 678.989746 2268.834473 709.411682 0.283108
airplane 1 2121.527344 1249.620605 2243.065918 1298.634155 0.503850
cup 435 1464.395386 1062.582397 1539.581909 1177.266479 0.271537
motorcycle 428 1064.527710 582.712036 1087.273071 629.808411 0.283337
motorcycle 362 1145.802368 584.926331 1197.560059 646.032227 0.621795
bicycle 436 1343.798340 631.626587 1387.886108 717.041077 0.574910
person 431 1146.467529 561.255737 1190.632202 632.569702 0.388691
person 426 1057.858643 548.981873 1086.989136 614.679993 0.767139
person 412 1037.073608 668.035889 1072.238403 759.359924 0.794474
kite 430 1540.041016 784.511169 1572.773071 801.370667 0.829238
person 437 1336.822266 602.817383 1388.026611 701.541443 0.766988
airplane 427 1582.699341 839.277588 2216.198975 1307.493652 0.454530
airplane 405 1578.666870 852.822876 1647.840088 889.020935 0.811513
bicycle 421 2000.353882 466.758392 2058.295410 504.591003 0.836675
airplane 432 1577.832886 847.706970 1623.269897 873.118103 0.882080
frisbee 179 2007.009155 1176.919556 2076.893066 1217.035645 0.895025
chair 434 2150.658203 467.297913 2258.569092 525.820557 0.544002
