121830338541
airplane 383 2153.730713 679.101013 2269.181885 709.504639 0.277566
airplane 1 2121.609863 1249.595337 2243.196289 1298.636841 0.503614
kite 430 1540.104370 784.381470 1572.792114 801.275574 0.280518
motorcycle 428 1066.037476 586.286743 1088.020386 630.836060 0.264798
motorcycle 362 1145.818726 584.887634 1197.522949 646.090698 0.625762
bicycle 436 1348.118896 634.723755 1388.929443 717.650879 0.614230
person 431 1146.722412 561.440735 1189.266724 631.747192 0.380677
person 437 1335.418335 604.173706 1378.312866 702.579163 0.536652
person 426 1058.643799 548.999390 1088.323975 615.563721 0.767457
person 412 1036.562866 668.623047 1071.890381 759.124695 0.777171
cup 435 1464.571533 1062.628784 1539.758057 1177.312866 0.890314
airplane 427 1541.269531 849.703552 2174.769043 1317.919556 0.522180
airplane 405 1578.694946 852.799988 1647.868164 888.998047 0.830380
bicycle 421 2000.311401 466.836212 2058.252930 504.668823 0.851906
airplane 432 1577.752319 847.749329 1623.189331 873.160461 0.919376
frisbee 179 2006.957275 1176.921143 2076.841309 1217.037231 0.913786
chair 434 2150.953613 467.314484 2258.864502 525.837158 0.496507
