121963346354
airplane 383 2153.928955 679.317383 2269.392334 709.659058 0.301843
airplane 1 2121.690186 1249.605957 2243.332520 1298.677490 0.516330
cup 435 1464.223267 1062.609985 1539.463257 1177.309814 0.336846
motorcycle 428 1070.954712 590.188171 1091.772095 632.250427 0.294867
motorcycle 362 1145.984619 583.500610 1197.832886 646.171509 0.609356
bicycle 436 1342.935303 615.675842 1396.146851 720.566956 0.415357
person 431 1146.038452 560.766541 1186.911011 630.716187 0.383583
person 426 1061.258545 550.525146 1092.384033 618.577454 0.772976
person 412 1033.765625 669.030090 1066.650269 759.985107 0.776155
kite 430 1540.033936 784.649841 1572.721680 801.543945 0.857866
airplane 427 1632.005737 828.395142 2265.505371 1296.611206 0.431894
airplane 405 1578.766357 852.705322 1647.939575 888.903381 0.833094
bicycle 421 2000.160034 467.091919 2058.101562 504.924500 0.840549
airplane 432 1577.918091 847.617004 1623.355103 873.028137 0.868984
person 437 1344.050049 603.096375 1386.944580 701.501831 0.478738
frisbee 179 2006.766235 1176.952881 2076.650391 1217.068970 0.925951
chair 434 2150.400146 467.460388 2258.311035 525.983032 0.571636
