122063346354
airplane 427 1562.612671 849.418457 2194.091309 1303.662476 0.259892
airplane 1 2121.666748 1249.245605 2243.150879 1298.697632 0.294329
airplane 405 1578.441895 849.539490 1647.491333 887.796814 0.326587
airplane 383 2153.780273 679.439697 2269.165283 709.919373 0.610544
kite 430 1540.309692 784.480652 1572.753174 801.300964 0.321838
motorcycle 428 1070.931152 588.221008 1093.562622 636.803162 0.321599
motorcycle 362 1145.992798 581.986938 1197.717529 646.014648 0.608478
person 431 1146.404907 559.461792 1187.891357 631.143005 0.336552
person 426 1063.221313 552.298889 1094.814453 620.710327 0.759575
person 412 1030.732422 669.612427 1064.007812 763.760010 0.806605
bicycle 436 1350.240967 614.611877 1403.695190 725.006226 0.486900
airplane 438 2178.061523 522.940674 2407.421631 615.577820 1.000000
motorcycle 439 1322.133911 547.494202 1364.314819 599.774841 1.000000
bicycle 421 2000.029175 467.027039 2057.970703 504.859619 0.885511
airplane 432 1577.917847 847.685181 1623.354858 873.096313 0.911344
person 437 1354.728394 606.542175 1397.622925 704.947632 0.422695
frisbee 179 2006.695312 1176.965454 2076.579346 1217.081543 0.900968
chair 434 2150.037354 467.342285 2257.948242 525.864990 0.588523
