122296354166
airplane 427 1575.865234 855.894104 2200.467285 1295.569336 0.250862
airplane 438 2186.326416 523.211914 2407.480469 616.668457 0.280649
airplane 1 2121.627441 1248.873901 2242.994873 1298.701904 0.306911
airplane 405 1578.242310 847.366882 1647.150635 887.859192 0.321368
airplane 383 2153.565186 679.521423 2268.735840 710.275940 0.604338
kite 430 1540.325073 784.868591 1572.635254 801.410095 0.258628
motorcycle 428 1071.017456 584.846191 1099.592773 644.577759 0.254653
motorcycle 439 1328.725342 547.557434 1372.465942 603.902100 0.541646
motorcycle 362 1146.067261 581.804077 1197.017090 646.045532 0.634610
person 431 1146.136963 559.340027 1190.778809 633.940979 0.295239
person 426 1068.375366 556.824524 1100.537109 627.231445 0.553454
person 412 1025.946045 677.341309 1058.610352 767.280273 0.783691
bicycle 421 1999.399536 467.058258 2057.341064 504.890869 0.876328
airplane 432 1578.126465 847.214539 1623.563477 872.625671 0.913301
person 437 1369.782593 614.445068 1412.677124 712.850464 0.457597
frisbee 179 2006.736450 1177.067383 2076.620605 1217.183472 0.924952
bicycle 436 1372.242188 632.589233 1420.905762 733.915039 0.501244
chair 434 2150.901855 467.394836 2258.812744 525.917480 0.504992
