122529361979
frisbee 179 2006.889526 1176.912720 2077.362061 1217.081665 0.258510
airplane 432 1578.158813 847.468384 1623.679077 872.604675 0.273572
airplane 383 2153.686035 679.732544 2268.924805 709.501221 0.416867
airplane 1 2121.444092 1249.509155 2242.653076 1298.710938 0.432893
bicycle 421 2007.761841 466.887085 2055.963623 504.687622 0.440623
airplane 440 1437.599365 783.202942 1533.213501 821.848938 0.366257
motorcycle 439 1338.176392 548.157898 1379.231934 605.396057 0.335943
motorcycle 428 1078.258789 592.665283 1105.899292 651.170288 0.364648
motorcycle 362 1147.597656 583.240051 1197.405640 645.284912 0.624199
person 437 1384.886841 626.116028 1438.026245 735.813293 0.291943
person 412 1020.618896 680.605591 1051.546509 771.950439 0.463932
person 431 1149.820435 559.550903 1188.262817 634.509644 0.497592
person 426 1072.463501 561.852234 1103.978516 640.761475 0.659426
bicycle 436 1388.882446 640.010803 1437.546021 741.336548 0.533734
motorcycle 441 1404.723511 655.913086 1442.875977 743.122253 0.641295
chair 434 2149.983643 467.376495 2257.894531 525.899170 0.550653
airplane 438 2185.209473 523.806763 2407.139648 617.141357 0.901765
airplane 405 1578.729004 848.148743 1647.612915 888.574463 0.723707
