122562304687
airplane 432 1578.173828 847.490723 1623.685059 872.619507 0.285042
airplane 383 2153.674316 679.725220 2268.824219 709.469910 0.413843
airplane 1 2121.432617 1249.535156 2242.643555 1298.706177 0.441147
bicycle 421 2008.051147 466.822876 2056.050537 504.550842 0.375475
airplane 440 1437.446533 782.960449 1533.131714 822.356201 0.462965
motorcycle 439 1340.435913 548.550049 1379.998901 605.443481 0.312827
motorcycle 428 1078.787842 593.331665 1106.940674 651.497314 0.370015
motorcycle 362 1147.587158 583.185791 1197.317993 645.284729 0.618205
person 431 1149.811157 559.764526 1188.315430 634.470093 0.496981
person 437 1386.617676 626.143433 1441.442261 734.423096 0.558901
person 426 1073.130371 562.366821 1105.023560 640.155518 0.641839
person 412 1020.208069 681.011414 1050.561768 774.131653 0.690000
frisbee 179 2006.854492 1176.957520 2077.326904 1217.126465 0.944382
bicycle 436 1391.156738 640.948059 1439.820312 742.273865 0.522834
motorcycle 441 1404.831909 656.799988 1442.984375 744.009155 0.667192
chair 434 2153.210938 467.279694 2261.121826 525.802368 0.489204
airplane 438 2184.983154 523.874451 2406.913574 617.209045 0.901503
airplane 405 1578.850098 848.358887 1647.734009 888.784607 0.721224
