122596354166
airplane 432 1578.184082 847.501404 1623.685547 872.630188 0.278697
airplane 383 2153.669922 679.722473 2268.766602 709.446472 0.412480
airplane 1 2121.417969 1249.555786 2242.637695 1298.703247 0.439120
bicycle 421 2007.878784 466.804962 2056.041504 504.536469 0.374238
airplane 440 1437.383423 782.885193 1533.139893 822.769836 0.460795
motorcycle 428 1078.770386 594.113831 1107.391968 652.485413 0.322715
motorcycle 439 1341.992554 549.081543 1380.408203 604.740906 0.499134
motorcycle 362 1147.580444 582.946289 1197.284546 645.266724 0.616275
person 437 1388.361572 627.698853 1439.625610 734.821167 0.367941
person 431 1149.869751 560.020081 1188.196533 634.459839 0.492948
person 412 1019.183472 681.633911 1050.060913 770.833496 0.531419
person 426 1074.042847 562.936340 1105.776978 638.464478 0.686992
frisbee 179 2006.796143 1177.002686 2077.268555 1217.171631 0.946356
bicycle 436 1392.968750 641.691895 1441.632324 743.017700 0.507768
motorcycle 441 1407.889160 657.682861 1446.041626 744.891968 0.488912
chair 434 2152.738525 467.183655 2260.649414 525.706299 0.784970
airplane 438 2184.736328 523.940857 2406.666504 617.275452 0.905120
airplane 405 1578.905762 848.495667 1647.789673 888.921387 0.714729
