123228320312
chair 434 2154.481934 467.133240 2260.440186 525.884033 0.305677
airplane 1 2121.677979 1249.764771 2242.588379 1298.715576 0.328633
airplane 383 2154.225342 679.425415 2269.704102 709.317261 0.391585
motorcycle 441 1451.310425 686.839050 1501.836670 788.939941 0.445584
motorcycle 362 1148.568848 583.943970 1194.800903 644.799927 0.481584
motorcycle 439 1354.360352 550.447998 1392.835449 618.009949 0.529750
person 431 1148.588013 561.005188 1188.601929 634.799316 0.373713
person 437 1442.113281 655.578796 1487.843628 765.864380 0.480995
person 426 1078.451172 580.790771 1113.715820 662.301270 0.615441
person 412 1002.796082 694.137512 1035.665771 788.075745 0.641312
person 443 1354.571899 547.080139 1391.385376 599.651794 1.001474
frisbee 179 2006.911865 1176.900269 2076.767090 1217.248901 0.921230
airplane 432 1578.550293 847.691467 1624.179810 872.756531 0.913206
bicycle 436 1452.208252 687.513062 1496.969360 783.753906 0.673288
airplane 438 2170.677490 529.746582 2392.607910 623.081177 0.363152
skis 442 1455.885986 547.094849 1577.088013 594.101196 0.743186
motorcycle 428 1081.684814 606.333984 1116.541748 667.887146 0.558191
airplane 405 1577.478760 849.875183 1646.362671 890.300903 0.673094
