12152343750
frisbee 38 2007.250854 1176.711426 2076.658691 1216.676514 0.479419
airplane 50 1578.212280 847.600952 1624.176636 872.330200 0.260317
airplane 49 1577.797119 854.326538 1647.804688 885.747681 0.279204
airplane 58 2165.905518 521.871399 2405.697510 618.797058 0.347129
airplane 52 1578.239746 847.360718 1647.744629 917.752625 0.386675
airplane 1 2118.754150 1248.984375 2242.365479 1298.716675 0.397808
airplane 57 2154.276123 680.077454 2269.348389 709.133789 0.504944
person 41 1936.757935 467.253754 1969.242310 547.323303 0.420926
car 47 1245.738037 646.529297 1527.120361 778.859985 0.866031
person 11 1043.725586 558.592712 1074.036133 629.624023 0.481044
person 7 904.702637 612.487915 942.778442 701.048035 0.841766
person 48 1895.604248 458.384003 1914.870239 495.610870 0.524775
traffic light 18 771.777283 568.576782 797.275635 595.711487 0.950846
person 45 1946.833618 466.610504 1966.074097 526.788635 0.529457
