123328320312
chair 434 2152.650879 467.209717 2260.664307 526.024719 0.294528
airplane 1 2121.715820 1249.775879 2242.619629 1298.727417 0.323036
airplane 383 2154.156494 679.288940 2269.690674 709.398376 0.389376
motorcycle 362 1148.727539 585.335754 1193.553833 643.611694 0.516919
motorcycle 441 1463.354614 692.970093 1514.326538 797.602966 0.567431
motorcycle 439 1356.961182 553.371948 1394.944946 620.741394 0.705398
person 431 1148.407715 560.022949 1189.065674 634.922058 0.453060
person 437 1453.026489 661.176453 1496.521118 772.179993 0.457471
person 443 1356.058838 546.509094 1393.398438 603.154114 0.580474
person 426 1077.641357 582.219299 1112.477661 662.051697 0.699657
bicycle 444 1086.186157 616.551086 1113.298340 678.817444 0.738539
person 412 1001.274048 697.804504 1033.153809 796.624023 0.747896
frisbee 179 2006.838867 1176.921509 2076.694092 1217.270142 0.940170
airplane 432 1578.355225 848.136658 1623.984741 873.201721 0.921303
bicycle 436 1459.717896 691.709229 1504.479004 787.950073 0.689085
airplane 438 2178.511719 526.744385 2400.441895 620.078979 0.751685
skis 442 1453.825806 546.870911 1575.027832 593.877258 0.718533
motorcycle 428 1080.373657 607.930664 1115.230591 669.483765 0.450989
airplane 405 1577.063110 850.068604 1645.947021 890.494324 0.689300
