123361328125
chair 434 2152.446777 467.249512 2260.679932 526.069946 0.301626
airplane 1 2121.683594 1249.778198 2242.621582 1298.728027 0.352710
airplane 383 2154.198242 679.397217 2269.668213 709.325073 0.387298
motorcycle 441 1465.586304 693.599548 1516.571411 799.492188 0.493021
motorcycle 362 1148.684570 583.764954 1193.546997 644.165283 0.562289
motorcycle 439 1357.723511 555.425354 1395.710449 621.938232 0.591626
bicycle 444 1081.821167 613.453918 1112.168457 677.995117 0.400318
person 437 1455.482178 663.382324 1498.932373 774.824341 0.445350
person 431 1148.280151 559.668701 1189.691528 635.024658 0.467049
person 443 1356.333618 547.006165 1394.558350 604.290527 0.542205
person 426 1077.594360 582.758362 1112.314209 665.675049 0.666820
person 412 1000.845947 698.288025 1032.725708 797.107544 0.593710
frisbee 179 2006.822998 1176.911987 2076.678223 1217.260620 0.944463
airplane 432 1578.239746 848.255676 1623.869263 873.320740 0.902405
bicycle 436 1462.467041 693.738159 1507.228149 789.979004 0.563695
airplane 438 2177.523438 527.057373 2399.453857 620.391968 0.672750
skis 442 1453.506592 546.779236 1574.708618 593.785583 0.712726
motorcycle 428 1079.786621 608.703674 1114.643555 670.256775 0.468650
airplane 405 1576.976318 850.157715 1645.860229 890.583435 0.678833
