123461328125
chair 434 2150.836426 467.331390 2261.597412 526.252502 0.313423
frisbee 179 2007.038940 1176.610107 2076.833008 1217.047974 0.504854
airplane 383 2153.539551 678.428162 2268.766113 709.394653 0.468020
airplane 1 2119.971924 1249.371216 2242.306152 1298.684326 0.539024
motorcycle 362 1147.577271 578.310486 1195.568970 645.565796 0.552274
motorcycle 441 1472.126587 698.192932 1523.925659 805.158203 0.723775
bicycle 444 1083.056396 618.753662 1111.190186 683.923218 0.300107
person 431 1146.972290 561.371277 1182.125488 631.724670 0.283787
person 437 1465.454712 668.695923 1512.890747 784.207031 0.478752
person 443 1358.600830 548.323730 1396.588501 614.151672 0.569790
person 426 1077.021729 586.885132 1111.607788 673.412354 0.757184
person 412 996.241638 699.760498 1030.491821 800.593018 0.812973
motorcycle 439 1361.099976 557.345886 1396.594971 623.538940 0.735836
airplane 432 1578.484253 847.959534 1624.113770 873.024597 0.821752
bicycle 436 1470.644409 697.214233 1515.405518 793.455078 0.638017
airplane 438 2174.073975 528.210510 2396.004395 621.545105 0.459048
skis 442 1452.663574 546.600769 1573.865601 593.607117 0.670018
motorcycle 428 1078.927856 612.699036 1113.784790 674.252136 0.536747
airplane 405 1576.635010 850.212158 1645.518921 890.637878 0.709754
