123594335937
chair 434 2150.362793 467.382080 2261.617676 526.350159 0.315950
frisbee 179 2007.048706 1176.577637 2076.826172 1217.029541 0.512933
airplane 432 1578.443115 847.961487 1623.995239 872.737122 0.268823
airplane 383 2153.375732 677.888306 2268.742432 709.476257 0.470817
airplane 1 2119.621338 1249.279419 2242.314209 1298.691528 0.535049
motorcycle 439 1363.182495 553.388306 1400.269409 626.625061 0.384602
motorcycle 441 1484.300903 707.158142 1535.681885 816.044006 0.478976
motorcycle 362 1147.321167 576.754211 1196.372681 646.325562 0.571463
bicycle 444 1082.905151 622.294617 1111.364624 685.755859 0.415725
person 431 1146.861572 560.266479 1185.379272 631.147949 0.277664
person 443 1362.585083 548.471008 1399.376465 621.327637 0.461334
person 437 1474.404541 676.220825 1523.061157 792.731812 0.658585
person 426 1075.715454 588.967285 1110.741943 679.809631 0.718322
person 412 992.929565 699.065552 1027.094849 800.355408 0.822783
bicycle 436 1483.462646 707.422485 1528.223755 803.663330 0.592663
airplane 438 2172.756348 528.680664 2394.686523 622.015259 0.366137
skis 442 1452.196777 546.246460 1573.398804 593.252808 0.672854
motorcycle 428 1078.833496 612.768311 1113.690430 674.321411 0.505710
airplane 405 1576.374512 850.421570 1645.258423 890.847290 0.687220
