123661328125
chair 434 2150.420898 467.355408 2261.654785 526.320801 0.301934
frisbee 179 2007.038940 1176.577271 2076.809082 1217.031616 0.447916
airplane 383 2153.385010 677.816406 2268.768066 709.472473 0.472622
airplane 1 2119.600830 1249.285278 2242.323730 1298.693481 0.525849
motorcycle 441 1487.936890 713.097534 1539.867310 821.869080 0.353769
motorcycle 439 1364.679565 551.388123 1402.129028 628.747986 0.496312
motorcycle 362 1147.235962 576.458130 1196.235474 646.293762 0.574124
bicycle 436 1488.790527 717.388489 1536.799316 816.117676 0.425211
bicycle 444 1075.117676 626.313477 1111.352051 688.476868 0.492892
person 431 1146.313721 560.013306 1188.161377 631.515625 0.272263
person 437 1480.958008 679.776062 1534.664917 797.241577 0.724490
person 426 1074.909180 590.761658 1110.855591 678.531982 0.746602
person 412 991.824829 700.078430 1026.046875 800.625854 0.809219
person 443 1364.521606 549.564331 1401.125000 624.906067 0.389931
airplane 432 1578.383301 848.183350 1623.900269 872.827087 0.823759
airplane 438 2172.097412 528.915771 2394.027832 622.250366 0.373059
skis 442 1451.728271 546.108765 1572.930298 593.115112 0.701484
motorcycle 428 1079.013550 616.634033 1113.870483 678.187134 0.518843
airplane 405 1576.319092 850.456299 1645.203003 890.882019 0.707753
