123894335937
airplane 438 2185.912109 522.411316 2408.744629 619.010925 0.327358
airplane 1 2121.847168 1249.297974 2243.099609 1298.701782 0.406139
airplane 383 2153.570068 677.326355 2269.323486 709.685181 0.500049
motorcycle 428 1068.628540 631.313293 1111.021484 699.916016 0.272686
motorcycle 441 1498.119507 732.144043 1558.588867 842.131042 0.335637
motorcycle 362 1148.390137 577.493042 1193.849609 645.951172 0.554846
motorcycle 439 1371.759399 572.721130 1410.612671 636.517334 0.763974
bicycle 444 1066.244019 627.902832 1109.440552 692.559265 0.260901
person 431 1147.831421 560.483459 1189.394287 631.520752 0.498134
person 437 1499.802856 696.513306 1562.921753 817.096130 0.560578
person 443 1371.546997 550.158813 1409.805420 621.477356 0.580150
person 426 1073.724487 597.373779 1108.380127 680.099487 0.717423
person 412 985.645813 709.422852 1022.289429 807.122925 0.773381
airplane 432 1578.563232 847.327454 1623.968262 872.663574 0.824706
frisbee 179 2006.679688 1176.740601 2076.655518 1217.341431 0.909963
airplane 405 1576.156982 850.574036 1645.040894 890.999756 0.660891
bicycle 436 1505.160767 731.903076 1554.635864 832.423401 0.636551
chair 434 2148.424316 467.538849 2259.655762 526.506592 0.496786
