123961328125
airplane 438 2189.040039 522.241516 2409.912598 618.659912 0.325368
airplane 1 2121.875000 1249.313232 2243.103027 1298.704102 0.412274
airplane 383 2153.628906 677.230896 2269.432617 709.681519 0.500698
motorcycle 441 1498.467529 732.063171 1565.819458 838.255005 0.336575
motorcycle 428 1067.495483 632.506470 1110.914062 702.089355 0.457026
motorcycle 362 1147.928467 577.788818 1193.830933 645.967468 0.608413
motorcycle 439 1374.562500 575.283936 1413.474976 637.194336 0.691612
person 431 1147.734863 560.465332 1188.890625 630.962158 0.524644
person 437 1504.756470 701.391479 1568.710938 824.125427 0.601302
person 443 1373.545776 551.625305 1412.023804 623.612610 0.631492
person 426 1071.889526 599.152466 1108.856812 683.157043 0.676789
person 412 983.614868 711.589722 1021.759827 812.432190 0.803444
frisbee 179 2006.619873 1176.901001 2076.595703 1217.501831 0.926306
airplane 432 1578.514526 847.355713 1623.911621 872.653137 0.838590
bicycle 444 1065.615601 626.355957 1108.812134 691.012390 0.419370
airplane 405 1576.136475 850.606995 1645.020386 891.032715 0.654604
bicycle 436 1510.600220 735.403015 1560.075317 835.923340 0.706725
chair 434 2148.092529 467.731201 2259.323975 526.698914 0.472798
