124027343750
airplane 405 1577.238403 848.768860 1646.506104 888.892517 0.256435
airplane 432 1578.361206 847.102966 1623.841797 872.709961 0.265974
airplane 438 2188.373535 522.500366 2409.128906 619.138672 0.336601
airplane 1 2121.897217 1249.279297 2243.161621 1298.698975 0.384413
airplane 383 2153.641602 677.209961 2269.459229 709.674866 0.495249
motorcycle 441 1510.242310 739.139648 1572.896606 852.580566 0.546030
motorcycle 428 1066.769775 633.515991 1111.491455 707.108459 0.598318
motorcycle 362 1147.722778 577.334229 1193.285278 645.882507 0.603805
motorcycle 439 1377.884033 578.096985 1416.337769 639.658325 0.617736
person 431 1147.479980 560.092224 1188.882935 631.477905 0.459715
person 443 1375.799805 552.451904 1414.213257 623.732971 0.568856
person 426 1069.477295 601.092712 1110.563477 687.235962 0.593394
person 437 1511.006470 706.742981 1572.126465 829.241821 0.599133
person 412 981.058594 712.051270 1017.602722 814.924683 0.768162
frisbee 179 2006.646362 1176.806763 2076.661621 1217.440308 0.934553
bicycle 444 1065.919189 629.190125 1109.816772 699.543152 0.544944
bicycle 436 1516.154541 741.350769 1565.629639 841.871094 0.591399
chair 434 2148.347656 467.743622 2259.579102 526.711365 0.496785
