124094335937
frisbee 179 2006.901733 1176.658203 2076.736572 1216.898193 0.373001
airplane 383 2154.082520 679.359253 2269.527832 709.229736 0.315484
airplane 1 2121.029297 1249.723633 2242.394043 1298.682495 0.317009
airplane 405 1577.905884 853.709778 1647.793457 887.072205 0.317166
airplane 432 1578.229980 847.728577 1623.947388 872.905334 0.327128
motorcycle 439 1383.787842 582.930908 1419.737183 642.259827 0.472147
motorcycle 362 1147.766602 576.674133 1196.125977 646.086060 0.559225
motorcycle 441 1519.850342 747.329102 1577.254639 862.040955 0.565036
bicycle 444 1066.155640 632.267578 1111.599365 707.006165 0.652832
person 437 1517.237549 711.002197 1570.010254 832.346313 0.369813
person 431 1146.710205 559.333740 1189.915771 635.491272 0.415788
person 443 1380.046997 554.928467 1418.394531 629.101257 0.680898
person 426 1068.313721 605.124695 1112.132935 690.454224 0.690583
person 412 979.201111 711.249634 1015.639404 813.925110 0.819513
motorcycle 428 1067.665527 634.061707 1112.387207 707.654175 0.581716
bicycle 436 1520.934814 747.432739 1570.409912 847.953064 0.565288
chair 434 2148.137207 467.820526 2259.368652 526.788269 0.406214
