124260351562
frisbee 179 2006.971924 1176.636841 2076.716553 1216.727295 0.403580
airplane 383 2153.943115 680.706238 2269.165527 709.031128 0.282687
airplane 1 2120.648193 1249.996338 2242.059814 1298.684326 0.326019
motorcycle 441 1535.623901 763.552307 1585.012329 881.186768 0.586675
motorcycle 362 1146.830688 577.752014 1194.241943 645.523682 0.600337
motorcycle 439 1389.345093 586.287842 1432.447510 647.996460 0.684176
bicycle 436 1538.381836 768.204651 1583.805176 876.948242 0.433837
person 431 1146.105103 558.788086 1189.323120 636.463989 0.428106
person 426 1067.949341 612.429138 1113.907593 693.623657 0.585900
person 443 1386.971802 559.792297 1426.294312 631.785034 0.636103
person 437 1530.580688 726.262268 1579.474976 849.934448 0.675229
person 412 975.784180 715.394165 1012.507324 816.213074 0.859744
bicycle 444 1071.976929 637.391724 1113.712769 714.179749 0.520817
motorcycle 428 1074.433472 640.505493 1115.414673 715.196472 0.538263
chair 434 2152.026123 466.643860 2263.257568 525.611572 0.668745
airplane 405 1577.681763 855.156372 1647.643677 885.065125 0.786811
