124760351562
airplane 383 2153.685059 679.071594 2269.010986 709.869934 0.444114
airplane 1 2120.307861 1249.874146 2242.101807 1298.671875 0.474621
bicycle 436 1586.869751 825.401550 1648.502686 950.572388 0.718429
person 437 1583.500488 778.788696 1641.879883 916.313049 0.818204
motorcycle 428 1087.361328 658.744751 1130.415771 739.539368 0.269234
motorcycle 362 1147.045044 578.770447 1195.578979 646.185364 0.580997
motorcycle 439 1410.823486 590.375000 1453.219971 665.762207 0.640000
bicycle 444 1089.477295 663.351685 1129.916138 740.654785 0.400843
person 431 1146.538574 560.428040 1188.918701 636.428894 0.288220
person 426 1090.629761 630.138977 1131.549561 718.789429 0.626033
person 412 965.985168 725.638062 1001.859192 835.538818 0.832237
motorcycle 441 1585.466064 820.703308 1643.132324 945.953064 0.522940
person 443 1404.142700 570.665710 1450.133179 652.769409 0.577586
frisbee 179 2006.831177 1176.745483 2076.763184 1217.435669 0.974588
chair 434 2152.113525 466.249176 2263.344971 525.216919 0.402735
airplane 405 1578.408691 853.399475 1648.370605 883.308228 0.275939
