124793359375
airplane 383 2153.759521 678.904724 2269.098389 709.837891 0.443985
airplane 1 2120.116211 1249.893433 2242.047119 1298.659912 0.457761
motorcycle 441 1589.109253 826.106384 1650.445312 953.759277 0.773143
person 437 1585.383667 782.476074 1645.849609 919.030518 0.745659
motorcycle 428 1090.274292 662.499512 1132.720215 742.770935 0.476843
motorcycle 362 1147.948486 580.554199 1196.483765 645.068542 0.577623
motorcycle 439 1411.942871 586.238159 1455.021729 667.109924 0.673439
person 431 1147.311279 561.350281 1190.146606 637.799011 0.279891
person 426 1092.217773 630.919922 1133.003052 719.096375 0.730626
person 412 965.219482 727.330139 1001.212891 837.401123 0.781449
person 443 1406.059814 571.339233 1452.050293 653.442932 0.463206
bicycle 444 1090.656860 665.003479 1131.095703 742.306580 0.361041
bicycle 436 1589.117310 828.957703 1650.750244 954.128540 0.576640
frisbee 179 2006.729614 1176.785645 2076.661621 1217.475830 0.992812
chair 434 2151.615479 466.407990 2262.846924 525.375732 0.611490
airplane 405 1578.463745 853.324097 1648.425659 883.232849 0.203267
