125226302083
frisbee 179 2006.742432 1176.543701 2076.812988 1217.160400 0.452676
airplane 383 2153.691650 679.185608 2269.004395 710.008972 0.437501
airplane 1 2119.558838 1249.458984 2242.551270 1298.761475 0.484878
bicycle 436 1650.330811 882.222107 1719.498291 1026.042480 0.583759
person 437 1643.108032 837.927368 1711.841797 992.665833 0.717501
motorcycle 439 1435.718506 616.363770 1480.848755 689.200867 0.707193
motorcycle 362 1149.081787 582.513855 1213.815796 648.886169 0.748988
bicycle 444 1115.773560 680.918579 1159.476074 766.437744 0.494618
person 431 1157.931885 562.674866 1192.294800 636.873596 0.347228
person 443 1435.210571 588.782227 1477.331421 668.499695 0.526541
person 426 1115.853760 649.048035 1159.245117 735.788513 0.650846
person 412 957.597412 736.869141 995.116699 849.298950 0.785539
chair 434 2147.522461 468.319946 2258.753906 527.287659 0.394357
airplane 405 1575.524292 856.367615 1645.486206 886.276367 0.814236
motorcycle 441 1639.090820 880.032593 1704.311523 1012.517212 0.516980
motorcycle 428 1109.749146 674.191589 1154.130493 756.379639 0.534233
