125259309895
frisbee 179 2006.739868 1176.544800 2076.814941 1217.158936 0.435311
airplane 383 2153.658936 679.091248 2269.058838 710.024536 0.441997
airplane 1 2119.524414 1249.462036 2242.545898 1298.772949 0.500853
bicycle 436 1657.374512 888.506531 1726.880249 1032.525757 0.811848
person 437 1646.628052 843.750183 1716.476929 1000.183411 0.785159
motorcycle 439 1437.767456 617.932312 1482.533447 691.059937 0.378078
motorcycle 362 1149.425659 581.921082 1215.418457 649.317200 0.601925
person 431 1158.626221 563.043945 1196.835205 639.875488 0.289533
person 443 1436.458862 590.108643 1479.336914 667.983887 0.388543
person 412 957.387512 738.329651 995.078796 850.755066 0.617830
person 426 1117.979248 650.818848 1161.406006 743.308594 0.639847
bicycle 444 1116.424438 682.885193 1160.126953 768.404297 0.529301
chair 434 2152.696533 466.064423 2263.927979 525.032166 0.403083
airplane 405 1575.662720 856.243469 1645.624634 886.152222 0.801572
motorcycle 441 1645.866821 889.195801 1711.087524 1021.680420 0.424168
motorcycle 428 1113.846680 676.345032 1158.228027 758.533081 0.566136
