12385351562
frisbee 38 2007.006958 1176.829590 2077.249268 1216.923950 0.607683
airplane 52 1578.723267 847.843872 1648.226318 914.302734 0.341937
airplane 57 2154.057129 679.734741 2269.149414 708.394165 0.452030
airplane 1 2121.009277 1248.907715 2242.774414 1298.715088 0.456708
person 41 1955.893433 466.633606 1978.380615 546.052063 0.542708
car 47 1311.040894 634.247192 1564.125732 765.140259 0.904337
person 11 1042.498535 558.702209 1073.454224 635.339722 0.314410
person 7 904.822693 613.455261 942.894409 700.551819 0.849241
airplane 49 1577.459473 855.749023 1647.277222 885.538940 0.941722
traffic light 18 771.461182 568.733521 796.959534 595.868225 0.917826
airplane 50 1578.755615 847.593872 1624.719971 872.323120 0.763601
airplane 58 2171.411133 521.888123 2411.203125 618.813782 0.536421
person 48 1884.980103 467.688141 1903.847534 499.180847 0.544252
person 45 1956.386108 464.900269 1975.626587 525.078430 0.474343
