125659309895
chair 434 2156.003418 467.140594 2261.336182 525.455994 0.280927
frisbee 179 2006.985596 1176.668701 2076.613525 1217.015503 0.310104
airplane 405 1577.797852 847.032959 1647.494263 898.008606 0.287920
airplane 383 2153.705078 679.142212 2268.735107 709.973511 0.516477
airplane 1 2120.111084 1248.679932 2242.258301 1298.731445 0.542898
bicycle 436 1716.136841 938.724304 1816.518799 1107.173340 0.256209
kite 445 1539.296631 783.978516 1572.609253 801.277283 0.296819
motorcycle 439 1469.955811 639.981750 1516.621460 714.976135 0.602068
bicycle 444 1151.684814 708.758850 1201.836182 795.965332 0.776915
person 443 1466.662598 606.396118 1515.043335 699.666809 0.577035
person 426 1152.041870 666.920837 1200.305176 775.185730 0.735631
person 412 949.302979 748.218262 988.527649 852.311523 0.765415
person 437 1725.771240 899.502991 1796.565063 1063.786865 0.537240
motorcycle 362 1158.670654 582.357910 1226.631226 658.947388 0.392210
person 431 1171.288574 565.607971 1209.497681 642.439514 0.571211
motorcycle 428 1142.893921 695.830627 1187.275269 778.018677 0.541226
motorcycle 441 1719.029541 952.810181 1800.367554 1091.337646 0.516999
