125992317708
airplane 446 1578.158936 848.120056 1623.830688 872.852661 0.336444
airplane 405 1577.936401 856.556641 1647.762817 885.984436 0.431815
airplane 383 2153.448730 679.056763 2269.093750 709.314636 0.536591
airplane 1 2119.783936 1249.403076 2241.917725 1298.699463 0.570822
bicycle 436 1821.212891 1021.163757 1911.868286 1178.751709 0.613256
person 437 1811.109131 960.180908 1898.505981 1134.419067 0.811307
motorcycle 428 1181.067383 725.064453 1231.460449 805.764893 0.302519
motorcycle 447 829.846069 1017.320129 913.101318 1121.690796 0.307896
motorcycle 439 1504.905151 656.052551 1558.615356 740.559753 0.758484
person 443 1504.065063 626.184998 1555.361328 716.975952 0.616752
person 426 1185.295654 686.996826 1238.039551 783.973389 0.733783
person 412 943.543518 762.298889 982.617493 877.426453 0.738605
motorcycle 441 1803.443481 1019.987671 1901.279663 1171.774536 0.625515
person 431 1185.045166 569.075928 1229.655884 653.783936 0.654915
kite 445 1538.486816 783.866577 1571.799438 801.165344 0.921020
frisbee 179 2006.825806 1176.875244 2076.459961 1217.253296 0.992388
chair 434 2154.929932 466.719727 2260.051025 525.058838 0.790928
