126125325520
airplane 448 2307.685303 733.713684 2402.381592 772.235657 0.266384
airplane 1 2119.657471 1249.237183 2242.315186 1298.667114 0.428477
airplane 383 2153.411377 679.305420 2268.573486 709.774353 0.438624
motorcycle 441 1842.413818 1047.650757 1949.092651 1206.213379 0.749969
person 437 1849.988525 986.479736 1940.376953 1165.711670 0.729137
motorcycle 439 1526.439575 672.125244 1576.324585 750.929626 0.566332
person 426 1200.216187 695.698669 1254.821899 788.034180 0.593444
person 443 1520.654541 635.196716 1573.777344 732.328552 0.607465
person 412 939.644775 764.246033 979.236450 877.488525 0.797486
motorcycle 447 835.588074 1015.096008 916.181396 1120.011230 0.462460
bicycle 436 1858.373169 1045.956909 1949.280518 1207.403809 0.570231
person 431 1189.552002 569.823792 1234.162720 654.531799 0.588478
kite 445 1538.471191 783.918640 1571.783813 801.217407 0.903705
frisbee 179 2006.668701 1176.931396 2076.302979 1217.309448 1.005658
airplane 446 1578.306274 848.048889 1623.958130 872.788513 0.806142
airplane 405 1577.739990 856.549316 1647.553589 885.677795 0.924946
chair 434 2152.987549 467.062195 2258.108643 525.401306 0.730184
