126192317708
airplane 448 2305.754150 733.807129 2403.084473 772.336670 0.275895
airplane 383 2153.471436 678.558411 2268.746826 709.735291 0.439489
airplane 1 2119.666260 1249.230957 2242.354492 1298.695190 0.471309
bicycle 436 1888.245850 1060.293213 1973.587769 1223.864990 0.352158
person 437 1869.766968 1000.015930 1963.002441 1184.027466 0.788250
person 426 1208.260620 698.679321 1263.343994 781.005493 0.467665
person 412 938.155701 764.891846 977.541992 879.884949 0.734173
motorcycle 441 1853.792969 1060.395386 1970.450195 1222.379639 0.647171
person 443 1528.405518 639.102661 1580.828491 736.050354 0.550136
motorcycle 449 1578.049927 674.248352 1590.811523 758.170471 1.000000
person 431 1191.912109 572.504272 1236.522827 657.212280 0.563896
motorcycle 439 1535.605835 674.162903 1584.374756 755.079956 0.798766
kite 445 1538.385498 783.905090 1571.698120 801.203857 0.911247
frisbee 179 2006.647095 1176.930298 2076.281250 1217.308350 1.009517
airplane 446 1578.543335 847.939636 1624.195190 872.679260 0.807025
airplane 405 1577.785400 856.415710 1647.598999 885.544189 0.943992
motorcycle 447 842.870300 1009.928101 918.431213 1114.312500 0.575631
chair 434 2151.215820 467.305481 2256.336914 525.644592 0.593972
