126458333333
airplane 1 2120.666992 1249.608032 2242.783447 1298.707031 0.363652
airplane 383 2153.678467 678.798401 2269.149170 709.556335 0.365945
motorcycle 441 1950.174683 1128.223389 2074.145020 1299.224365 0.536947
motorcycle 439 1581.108643 693.815430 1631.982544 780.188110 0.777839
person 443 1579.835083 659.251282 1625.109009 754.224731 0.673863
person 437 1957.421265 1058.419556 2058.280762 1253.657593 0.792129
kite 445 1539.181519 784.027100 1572.445190 801.443176 0.318223
person 451 811.870605 956.800964 875.972229 1135.692627 0.614838
person 412 931.372986 773.450195 973.295593 893.772461 0.796519
person 426 1244.376465 713.799255 1291.894897 770.437439 0.290334
traffic light 450 1218.743896 767.179749 1267.701416 818.328613 0.877410
frisbee 179 2007.938599 1176.922852 2077.572754 1217.300903 0.187122
airplane 446 1578.487671 848.486023 1624.139526 873.225647 0.753119
airplane 405 1578.101074 855.939270 1647.914673 885.067749 0.942140
motorcycle 447 852.004089 1004.851318 927.565002 1109.235718 0.355905
chair 434 2151.180420 467.248932 2256.301514 525.588013 0.479540
airplane 448 2307.085205 734.101196 2403.911621 772.628662 0.963892
