126491341145
airplane 383 2153.635742 678.858398 2269.329834 709.539246 0.367235
airplane 1 2120.687256 1249.653076 2242.737549 1298.699097 0.463312
motorcycle 439 1582.567871 695.746948 1638.359253 783.564880 0.785865
person 443 1583.632324 662.315308 1631.139038 757.883362 0.438124
person 437 1969.273926 1066.401978 2071.717773 1261.112793 0.819817
kite 445 1539.320312 784.110229 1572.562256 801.480652 0.302457
person 451 813.822327 956.352844 876.575806 1131.975708 0.750025
person 412 930.346313 774.997070 972.428955 895.916992 0.789788
motorcycle 441 1957.672241 1134.203247 2081.642578 1305.204224 0.551965
person 426 1248.290405 714.230286 1295.808838 770.868469 0.269177
traffic light 450 1218.862671 767.208374 1267.820190 818.357239 0.860979
frisbee 179 2008.032593 1176.925415 2077.666748 1217.303467 0.225810
airplane 446 1578.418091 848.678101 1624.069946 873.417725 0.762804
airplane 405 1578.125854 855.871338 1647.939453 884.999817 0.945504
motorcycle 447 854.061951 1003.747192 929.622864 1108.131592 0.404562
chair 434 2151.087646 467.215881 2256.208740 525.554993 0.480607
airplane 448 2307.359131 734.216736 2404.185547 772.744202 0.983094
