126691341145
airplane 383 2153.499756 678.958313 2269.218750 709.512329 0.366128
motorcycle 439 1610.343140 710.067078 1683.258789 806.971375 0.453636
motorcycle 441 2015.668213 1178.333618 2227.928711 1306.132812 0.498929
person 443 1614.738770 672.582886 1670.530029 780.640503 0.417237
person 437 2044.554688 1117.475342 2154.868408 1303.972778 0.810262
kite 445 1539.509888 784.329834 1572.677856 801.538086 0.431960
person 412 926.782715 778.767395 967.000977 898.145447 0.810356
frisbee 179 2007.681152 1176.971558 2077.315430 1217.349609 0.461428
person 451 821.131531 952.976990 883.885010 1128.599854 0.651854
airplane 1 2127.494873 1250.748779 2240.231689 1299.654297 0.640269
airplane 446 1577.119141 849.933838 1622.770996 874.673462 0.818468
airplane 405 1578.248657 855.594910 1648.062256 884.723389 0.935874
motorcycle 447 857.796631 999.912720 933.357544 1104.297119 0.371854
chair 434 2150.848633 467.278595 2255.969727 525.617676 0.483304
airplane 448 2308.069580 734.839844 2404.895996 773.367310 0.914869
