126791341145
frisbee 179 2006.576660 1177.067139 2074.544189 1217.071533 0.528901
airplane 383 2153.684082 679.898438 2269.015625 709.234131 0.507084
motorcycle 439 1631.261963 721.572510 1707.557129 818.621643 0.855769
person 452 1627.563354 676.444214 1658.576172 781.845947 0.520283
person 437 2082.396484 1147.522949 2198.236084 1308.113892 0.741930
person 443 1639.518799 685.436707 1691.350586 793.045349 0.757306
kite 445 1539.748901 784.030090 1572.753296 801.056946 0.312231
person 412 924.604675 781.864258 963.427429 899.953979 0.762270
airplane 453 1437.275146 785.860229 1533.516357 823.138123 1.000000
person 451 823.822571 953.986267 886.576050 1129.609131 0.658422
airplane 1 2127.363281 1250.777588 2240.100098 1299.683105 0.328619
airplane 446 1576.569214 849.279236 1622.221069 874.018860 0.662183
airplane 405 1578.711426 855.326721 1648.525024 884.455200 0.943131
motorcycle 447 860.414185 994.674316 935.975098 1099.058716 0.295624
chair 434 2150.956299 467.145569 2256.077393 525.484680 0.537349
airplane 448 2307.717529 734.928833 2404.543945 773.456299 0.925292
