126858333333
frisbee 179 2006.566040 1176.910889 2075.887695 1216.810791 0.574436
airplane 383 2153.707031 679.946167 2269.082520 709.166504 0.504079
motorcycle 439 1644.336426 726.809204 1723.741577 825.613037 0.776670
person 452 1641.518311 679.537598 1671.855835 785.568542 0.552004
person 443 1656.197632 692.854797 1705.588257 798.485107 0.736798
person 437 2103.305176 1167.675293 2231.376709 1310.916748 0.740409
kite 445 1539.805054 784.086914 1572.711914 801.147644 0.273393
airplane 453 1437.228760 787.493347 1533.484619 823.276184 0.307800
person 412 923.200317 784.514648 962.285706 900.253540 0.618857
person 451 826.841797 951.955505 889.595276 1127.578369 0.570413
airplane 1 2125.240479 1251.762451 2237.977295 1300.667969 0.276744
airplane 446 1576.367554 848.937195 1622.019409 873.676819 0.653476
airplane 405 1579.054932 855.081543 1648.868530 884.210022 0.916073
motorcycle 447 862.278137 992.625549 937.839050 1097.010010 0.326305
chair 434 2151.109619 466.905457 2256.230713 525.244568 0.513471
airplane 448 2307.540527 734.981934 2404.366943 773.509399 0.908590
