126924348958
frisbee 179 2006.785034 1176.807251 2076.195312 1216.745239 0.721297
airplane 383 2153.751221 679.997986 2269.130127 709.140564 0.506695
motorcycle 439 1657.291260 713.465942 1740.877197 831.824219 0.710054
person 443 1672.802368 699.021912 1722.933594 804.337646 0.716721
person 437 2144.216797 1189.688477 2261.566650 1311.767700 0.731219
kite 445 1539.745972 784.002930 1572.663208 800.995239 0.311662
airplane 453 1437.336182 788.139282 1533.580933 823.542236 0.319807
person 452 1657.045898 683.698120 1687.880005 787.786072 0.467429
person 412 921.966797 788.536621 961.052185 904.275513 0.573003
person 454 1319.045532 759.746521 1381.406616 889.015930 1.000000
person 451 829.744934 949.289795 892.498413 1124.912598 0.532805
airplane 1 2125.039551 1252.110840 2237.776367 1301.016357 0.273945
airplane 446 1576.540771 848.676392 1622.192627 873.416016 0.656599
airplane 405 1579.292358 854.811829 1649.105957 883.940308 0.906107
motorcycle 447 864.142090 990.576843 939.703003 1094.961304 0.366582
chair 434 2151.106201 467.114868 2256.227295 525.453979 0.487121
airplane 448 2307.270264 735.050110 2404.096436 773.577576 0.901250
