127224348958
airplane 446 1577.950439 847.964355 1623.915161 873.427795 0.250681
airplane 455 2183.276367 522.612427 2408.049316 618.648682 0.322034
airplane 405 1578.294678 855.634399 1647.873779 885.181396 0.335123
airplane 383 2153.307861 678.343750 2269.431152 709.298645 0.442667
airplane 1 2119.761475 1250.262451 2241.392334 1298.640991 0.717698
motorcycle 439 1739.568726 769.305542 1834.384277 872.836365 0.803333
person 452 1733.656006 718.774231 1769.107056 836.914307 0.610900
person 443 1755.458008 729.504517 1812.775146 845.001404 0.725872
kite 445 1539.971802 784.014404 1572.699951 801.192139 0.366307
person 456 812.498962 965.000366 855.311401 1114.945923 0.580765
person 451 848.965515 930.485107 907.184814 1103.579590 0.678258
person 454 1365.839722 795.109070 1433.675049 946.049316 0.715375
person 412 910.698547 798.384705 952.224121 921.629456 0.816274
airplane 453 1436.994629 787.594666 1532.988403 823.399475 1.031203
bicycle 457 1373.339478 851.461426 1442.378784 968.446655 1.000000
motorcycle 447 871.134277 979.768860 946.695190 1084.153320 0.408471
chair 434 2151.512939 467.720398 2256.634033 526.059509 0.520406
airplane 448 2307.138184 735.521545 2403.964355 774.049011 0.852939
frisbee 179 2006.620728 1176.946167 2076.725830 1217.219727 1.009603
