12552343750
frisbee 38 2006.891602 1176.718140 2077.004150 1216.764526 0.539802
airplane 49 1577.821167 850.619507 1647.445190 886.326355 0.291033
airplane 57 2153.925537 680.540833 2268.961182 709.086975 0.387204
airplane 1 2119.703369 1249.309814 2242.240723 1298.768311 0.440235
traffic light 18 770.893738 569.046265 796.139221 595.388000 0.276091
car 47 1310.600098 624.445068 1583.537231 754.291016 0.921641
person 11 1043.311279 558.730835 1073.980347 632.123108 0.339297
person 7 905.200989 613.502869 943.163147 700.733032 0.815426
airplane 50 1578.466919 847.769775 1624.431274 872.499023 0.731419
airplane 58 2174.109131 521.938599 2413.901367 618.864258 0.480859
airplane 52 1579.763916 847.634521 1649.261353 911.723022 0.832606
person 48 1880.573730 467.870148 1899.441162 499.362854 0.644754
person 45 1965.434204 463.409637 1984.674683 523.587769 0.298671
person 41 1961.922852 466.935760 1984.000488 547.857788 0.354597
