127357356770
airplane 446 1578.062256 847.868225 1624.123535 873.479919 0.285474
airplane 455 2182.977295 522.650940 2408.209229 618.602783 0.306505
airplane 405 1577.899902 856.090027 1647.369263 885.713562 0.389286
airplane 383 2153.184082 678.230896 2269.438232 709.308655 0.442466
airplane 1 2119.052002 1249.774048 2241.632324 1298.614868 0.703608
motorcycle 439 1782.205811 785.805054 1880.748413 892.000000 0.772136
person 443 1797.205078 744.679932 1856.765015 862.823608 0.747158
person 452 1773.169678 734.577393 1811.549316 855.765137 0.804707
kite 445 1539.974365 783.938843 1572.633667 801.109741 0.402567
bicycle 457 1392.242676 865.233093 1466.318726 988.345093 0.299754
person 451 852.227478 926.479492 908.815735 1103.149658 0.416719
person 412 906.736511 802.687683 949.901611 923.427734 0.637891
person 454 1391.781738 812.533875 1458.354126 961.010864 0.772808
airplane 453 1437.065430 788.049377 1532.995361 823.265747 0.987317
chair 434 2151.212158 468.157013 2256.333252 526.496094 0.457465
person 456 815.349121 962.677124 857.293884 1107.172974 0.683343
airplane 448 2306.665039 735.896912 2403.491455 774.424377 0.783517
frisbee 179 2006.493896 1177.035278 2076.598877 1217.308838 1.013300
