127856315104
frisbee 179 2007.070435 1176.355225 2076.863770 1216.786499 0.530719
airplane 448 2316.564453 733.968994 2402.722656 772.613586 0.340511
airplane 405 1577.789429 857.776367 1648.039062 885.605347 0.367278
airplane 446 1578.165283 848.312622 1623.672607 872.543945 0.370551
airplane 1 2119.202881 1249.254272 2242.290527 1298.697388 0.395892
airplane 458 1577.797241 847.859802 1647.292114 917.704895 0.402746
airplane 455 2181.242920 522.914307 2405.011719 618.861694 0.451382
airplane 383 2153.553955 678.660400 2269.520752 709.401611 0.539164
motorcycle 439 1940.413574 860.845764 2085.620605 981.635742 0.395398
person 452 1961.302368 803.164917 2005.949219 939.148987 0.720805
person 443 1991.326172 815.664490 2059.290039 952.067139 0.807510
kite 445 1540.195312 783.574219 1572.677246 801.066223 0.435675
airplane 453 1437.620850 786.023193 1533.552490 822.710022 0.253689
person 412 885.488770 822.950684 930.125854 940.323853 0.555552
person 456 830.991699 949.987854 890.660339 1097.806519 0.617022
person 454 1492.618042 886.118469 1568.889771 1048.516846 0.743148
person 451 877.143066 915.441772 933.432373 1083.302734 0.824540
skis 459 1461.487183 547.241760 1582.019165 586.894043 0.989748
bicycle 457 1478.773193 942.959290 1563.632568 1070.052002 0.478562
chair 434 2163.154541 465.610992 2262.270752 523.369324 0.455833
