127956315104
frisbee 179 2007.114014 1176.363037 2076.881836 1216.790771 0.502029
airplane 405 1577.737793 857.885071 1647.997437 885.525635 0.338127
airplane 1 2119.144531 1249.297363 2242.284424 1298.680176 0.358040
airplane 446 1578.190063 848.298462 1623.717285 872.433960 0.384189
airplane 455 2180.335449 522.818970 2404.528564 618.701233 0.441374
airplane 383 2153.606445 678.662598 2269.711182 709.346802 0.516978
motorcycle 439 2015.943115 875.758789 2139.444580 1006.534424 0.413617
person 443 2036.462646 837.247192 2107.909912 971.082947 0.775963
person 452 2005.698120 820.012024 2052.935303 960.561279 0.787109
kite 445 1539.853516 783.467896 1572.788086 801.314209 0.618773
airplane 453 1437.176270 786.445068 1533.216187 823.061462 0.286201
bicycle 457 1501.723022 958.750061 1585.271118 1105.677612 0.365194
person 456 841.914368 943.471985 891.720032 1091.207275 0.285473
person 412 885.020630 829.258545 927.908081 941.401794 0.608389
person 454 1515.871338 901.022705 1584.909546 1069.635132 0.699145
person 451 881.182800 916.269104 943.966614 1079.406616 0.768422
chair 434 2163.740723 464.858582 2262.856934 522.616943 0.387825
skis 459 1460.291626 546.289062 1579.023560 589.638550 0.712080
airplane 458 1577.491943 847.913757 1646.969604 917.722229 0.965743
