12652343750
frisbee 38 2006.866211 1176.660645 2076.913818 1216.706177 0.485629
airplane 50 1578.118164 847.884827 1624.038330 872.765076 0.276274
airplane 49 1578.322388 851.249939 1647.898560 886.673157 0.296095
airplane 57 2153.498291 680.810364 2268.751953 709.556274 0.384501
airplane 1 2119.224854 1249.468506 2242.125732 1298.760132 0.435467
traffic light 18 770.099060 564.633789 810.022888 597.366516 0.365371
car 47 1317.963013 618.980469 1588.144531 750.190979 0.911233
person 11 1043.455688 559.080322 1073.664917 630.829163 0.365953
person 7 905.043762 613.692871 943.193420 700.821045 0.811281
traffic light 59 770.598633 569.324890 795.666687 595.230652 1.000000
airplane 58 2173.380859 523.049316 2413.173340 619.974976 0.482488
airplane 52 1580.934326 847.279053 1650.431763 911.367554 0.794607
person 48 1878.443970 467.433136 1897.311401 498.925842 0.596348
person 45 1970.642456 462.450378 1989.882935 522.628540 0.346586
person 41 1966.687744 466.945801 1988.765381 547.867798 0.251537
