128422330729
frisbee 179 2007.041870 1176.679321 2076.783936 1216.500977 0.582595
airplane 405 1578.200439 852.748962 1647.738525 887.563843 0.263240
airplane 446 1578.244019 848.166931 1623.909668 872.664978 0.304822
airplane 383 2151.795410 677.562134 2267.371094 709.363037 0.455959
airplane 1 2120.333252 1249.698120 2242.449707 1298.729248 0.559968
motorcycle 439 2260.656738 990.230835 2396.677979 1130.726074 0.495030
car 462 2300.579590 736.313110 2402.148438 840.248169 0.880699
person 452 2245.538086 917.653564 2301.785156 1073.397705 0.543398
person 454 1647.223877 990.142273 1729.293457 1163.206421 0.782310
person 443 2284.043701 933.225037 2353.460693 1087.021362 0.786253
kite 445 1540.419556 783.831238 1572.774658 801.200623 0.546543
airplane 453 1436.992920 787.184204 1533.296143 823.631226 0.546888
motorcycle 461 1345.958862 684.346619 1418.155640 788.588623 0.608593
person 412 866.089539 850.711426 912.016602 956.265503 0.683587
person 456 852.514465 934.301147 901.452759 1086.711426 0.785470
person 451 905.642761 895.310181 961.903015 1053.982178 0.828912
bicycle 460 1639.896240 1062.910400 1734.902100 1213.015381 0.315019
skis 459 1456.414185 546.333435 1575.146118 589.682922 0.764073
airplane 458 1573.622192 850.666809 1643.099854 920.475281 0.766335
