128522330729
frisbee 179 2006.984741 1176.636597 2076.716064 1216.416626 0.485179
airplane 383 2153.597412 679.466614 2268.905518 710.293945 0.308611
airplane 405 1578.054932 855.161072 1647.914307 886.112488 0.335014
airplane 446 1578.151855 848.020142 1623.821045 872.647644 0.347868
airplane 1 2120.037354 1249.787231 2242.466064 1298.742065 0.486935
car 462 2280.042480 729.625366 2401.528564 840.681458 0.869521
bicycle 460 1667.005981 1084.976929 1776.288208 1242.119995 0.674658
person 452 2307.535156 942.977173 2362.201904 1102.155151 0.599780
person 443 2336.774170 957.316650 2399.825439 1113.243408 0.739617
person 454 1678.542847 1011.135620 1763.126465 1190.570557 0.741229
kite 445 1540.500854 783.854431 1572.809814 801.272827 0.348151
airplane 453 1437.088135 784.722595 1532.922974 823.013489 0.400953
motorcycle 461 1349.734497 679.431519 1438.409912 799.081177 0.707328
person 456 854.331299 936.431152 902.628113 1076.431519 0.497368
person 451 909.942078 892.105652 964.695618 1056.348633 0.563080
person 412 863.107971 856.767761 907.365540 962.376099 0.434282
skis 459 1456.576294 546.401917 1575.308228 589.751404 0.755729
airplane 458 1574.846924 851.520935 1644.324585 921.329407 0.692026
