128689322916
frisbee 179 2007.006348 1176.610352 2076.725830 1216.382080 0.573878
airplane 405 1577.989014 855.092590 1647.966797 885.691895 0.291788
airplane 1 2119.777344 1249.542603 2242.687988 1298.724365 0.569125
car 462 2237.308350 709.858459 2403.727539 846.185364 0.912911
person 454 1739.005737 1048.304932 1837.305176 1229.985352 0.814385
kite 445 1540.448608 783.811523 1572.835938 801.306030 0.316588
motorcycle 461 1366.930054 703.535217 1461.475586 818.910278 0.425425
person 463 1385.432007 681.361511 1435.137207 783.751831 0.254308
person 451 914.763916 888.134277 971.073975 1057.643799 0.265692
person 456 857.328247 884.529358 908.970703 1070.793823 0.641672
bicycle 460 1725.305298 1121.808838 1829.918091 1275.336182 0.323554
person 412 859.271240 863.011230 903.528809 968.619568 0.464666
skis 459 1456.579346 546.168518 1575.311279 589.518005 0.749473
airplane 446 1578.332397 848.030884 1624.039185 872.765381 0.917534
airplane 458 1575.534058 851.034912 1645.011719 920.843384 0.782157
airplane 453 1438.945435 785.713806 1532.987671 819.453674 0.742837
