128755338541
frisbee 179 2006.956787 1176.655396 2076.886230 1216.752930 0.363877
airplane 1 2119.403320 1249.529907 2242.064941 1298.744995 0.496934
car 462 2220.426025 706.794800 2399.259766 845.903564 0.925509
bicycle 460 1748.385132 1132.368164 1872.537354 1297.048950 0.540035
person 454 1767.099365 1065.776611 1865.552246 1268.288818 0.859051
motorcycle 461 1382.284668 714.209412 1467.610352 826.613708 0.768978
person 463 1396.189941 687.262512 1450.170654 790.845520 0.383395
person 456 856.196777 869.190186 915.000610 1067.559082 0.679159
person 451 916.083191 888.984131 968.520081 1055.778564 0.803331
person 412 857.275879 864.917480 901.533447 970.525818 0.477619
skis 459 1456.718628 546.090637 1575.450562 589.440125 0.670621
airplane 405 1577.865723 854.976929 1647.843506 885.576233 0.957933
airplane 446 1578.697754 847.771057 1624.404541 872.505615 0.907980
airplane 458 1575.092773 850.633179 1644.570435 920.441650 0.835620
airplane 453 1442.233032 785.671021 1536.275269 819.410889 0.410368
kite 445 1540.375122 783.905457 1572.762451 801.399963 0.950327
