128855338541
frisbee 179 2006.829346 1176.624512 2076.773193 1216.779175 0.634643
airplane 1 2119.053467 1249.483154 2241.855713 1298.711426 0.500431
car 462 2198.025391 698.928772 2399.415771 840.046387 0.941915
bicycle 460 1809.670166 1166.461426 1919.805542 1305.247192 0.598801
person 454 1804.464844 1090.652710 1906.435913 1296.136719 0.869355
motorcycle 461 1391.182129 722.792664 1478.141724 838.224548 0.528682
person 463 1411.121826 697.764404 1464.907227 807.982178 0.376875
person 412 852.493225 868.164673 895.319824 967.940552 0.564955
person 451 918.228943 883.370544 970.247742 1049.837524 0.797230
person 456 861.951721 886.601562 927.788452 1067.315674 0.349606
skis 459 1457.029175 546.056458 1575.761108 589.405945 0.710078
airplane 405 1577.650635 855.019775 1647.628418 885.619080 0.962280
airplane 446 1578.899048 847.825073 1624.605835 872.559570 0.877534
airplane 458 1574.654297 850.647827 1644.131958 920.456299 0.766059
airplane 453 1443.068604 785.142822 1537.110840 818.882690 0.457196
kite 445 1540.323730 783.985291 1572.711060 801.479797 0.971049
