128988346354
frisbee 179 2006.812012 1176.413574 2076.837646 1216.648315 0.561616
airplane 1 2119.014893 1249.438965 2241.787598 1298.707642 0.535769
car 462 2159.035889 684.812073 2395.772217 829.792603 0.906020
bicycle 460 1851.141846 1196.725342 1979.552002 1306.682861 0.496416
person 454 1861.789429 1128.734497 1968.795288 1306.887451 0.880896
motorcycle 461 1428.202637 738.117859 1520.121460 861.265320 0.591142
person 463 1433.229004 709.562866 1491.308472 824.482910 0.324492
person 456 871.217590 922.770630 934.853516 1062.175781 0.600993
person 451 922.180725 877.524231 974.217651 1039.006592 0.688002
skis 459 1456.831055 545.897400 1575.562988 589.246887 0.691062
person 412 847.623047 877.743896 887.495911 970.416260 0.557752
airplane 405 1577.540283 855.066162 1647.518066 885.665466 0.960913
airplane 446 1578.793945 847.821838 1624.500732 872.556396 0.926839
airplane 458 1574.694214 850.923035 1644.171875 920.731506 0.849419
airplane 453 1448.711426 781.555725 1542.753662 815.295593 0.287551
kite 445 1540.307007 784.006348 1572.694336 801.500854 0.972827
