129255338541
frisbee 179 2007.086304 1176.557373 2077.024658 1216.606567 0.334761
airplane 446 1578.088745 848.285706 1623.415649 872.827881 0.302020
airplane 458 1577.246948 848.797119 1646.183472 918.742188 0.307828
airplane 405 1577.952026 855.383057 1647.326172 886.040771 0.398040
airplane 1 2120.947510 1248.860596 2242.264404 1298.700928 0.430299
car 462 2106.225098 654.754700 2391.819580 793.233215 0.945665
bicycle 464 2004.386353 467.025574 2055.806641 504.863037 0.315150
person 454 1989.728149 1213.991089 2107.798828 1307.528564 0.846438
motorcycle 461 1474.459595 770.322632 1574.387329 897.725525 0.483474
person 412 836.804749 889.368530 879.342407 1014.620667 0.455834
person 451 926.808594 869.496216 983.737793 1036.545532 0.497741
person 456 882.901550 909.960510 937.625000 1053.526489 0.762339
person 463 1488.124146 739.546265 1539.799438 862.310181 0.606713
airplane 453 1453.259888 778.910400 1547.302124 812.650269 0.322902
skis 459 1463.421875 548.039368 1582.364136 593.389099 0.695179
kite 445 1541.373779 783.962769 1573.761108 801.457275 0.711919
