129355338541
frisbee 179 2007.122803 1176.757080 2076.991455 1216.544678 0.361666
airplane 1 2119.289795 1248.935303 2242.206299 1298.731201 0.346091
car 462 2074.531494 648.455017 2364.149658 782.542786 0.942007
bicycle 464 2002.868042 467.003479 2056.802979 504.844727 0.317179
person 454 2053.751465 1250.067383 2133.490234 1305.551025 0.757046
motorcycle 461 1503.582886 792.248840 1586.202881 921.489380 0.528172
person 463 1512.448608 753.104492 1575.380127 881.623413 0.685113
person 412 833.223267 891.174622 878.985413 1021.792236 0.744529
person 451 931.315857 867.860901 986.744690 1034.404663 0.746081
person 456 886.277283 905.084595 937.312439 1050.739136 0.793417
airplane 453 1442.363159 786.746948 1536.405396 820.486816 0.582556
skis 459 1461.163452 546.971619 1580.105713 592.321350 0.654772
airplane 446 1578.339233 848.418030 1623.666138 872.960205 0.709017
airplane 458 1578.004639 848.021057 1646.795654 918.016907 0.736497
airplane 405 1577.846680 855.417358 1647.220825 886.075073 0.851319
kite 445 1546.361328 786.361084 1578.748657 803.855591 0.198620
