129521354166
frisbee 179 2006.920654 1176.565308 2077.021973 1216.977173 0.330195
airplane 1 2119.423340 1249.543945 2242.124756 1298.699585 0.532251
motorcycle 465 1579.808594 816.281982 1647.271973 952.609985 0.813358
car 462 2042.176270 635.874817 2317.385498 766.448730 0.949195
person 463 1571.175293 779.497620 1614.736084 912.551147 0.579222
airplane 453 1440.063354 781.336975 1533.231812 816.328796 0.345232
person 451 933.730530 861.722961 992.338013 1018.609924 0.742696
person 456 888.529724 900.223694 938.122803 1049.536255 0.756509
person 412 825.560730 900.810730 874.211365 1030.337646 0.413477
skis 459 1464.053711 547.404785 1582.995972 592.754517 0.875867
airplane 446 1583.726318 844.758057 1629.053223 869.300232 0.457567
airplane 458 1580.957764 844.179321 1649.748779 914.175171 0.310864
airplane 405 1577.671753 853.894226 1647.045898 884.551941 0.305022
kite 445 1542.388062 785.907288 1574.775391 803.401794 0.900408
