129721354166
airplane 1 2120.705811 1249.542480 2242.320068 1298.694702 0.574980
motorcycle 465 1599.286987 849.325684 1710.475342 994.152527 0.750477
car 462 1997.284302 620.653992 2266.227783 746.453979 0.943460
person 463 1618.905884 814.801758 1676.249023 948.436523 0.755764
skis 459 1463.259644 547.263123 1582.943848 590.087463 0.261187
person 412 820.249756 913.018738 871.696106 1051.829224 0.612668
person 451 937.925232 852.083923 990.976074 1010.020508 0.772716
person 456 893.766357 893.677307 941.923401 1036.981812 0.791370
airplane 446 1587.106323 843.635803 1632.433228 868.177979 0.543309
airplane 458 1578.378540 846.798462 1647.169556 916.794312 0.626674
frisbee 179 2006.828003 1176.586670 2076.945312 1217.097900 0.939309
airplane 405 1577.197632 854.207397 1646.571777 884.865112 0.788733
kite 445 1540.401245 784.062927 1572.788574 801.557434 0.880680
