129887304687
frisbee 179 2006.753906 1176.672607 2076.940674 1217.023560 0.260371
airplane 446 1578.357422 848.052856 1624.625366 872.464050 0.371000
airplane 458 1578.401978 841.163879 1647.634888 919.026855 0.457617
airplane 1 2121.145264 1249.414551 2242.617676 1298.690674 0.576239
motorcycle 465 1652.997314 876.726990 1784.088867 1030.841919 0.757212
car 462 1961.669312 608.942017 2214.527588 729.854248 0.939072
person 463 1671.067383 843.995544 1737.610474 983.589905 0.650729
skis 459 1461.133057 546.993958 1581.655518 587.247803 0.263119
person 456 893.739197 884.599915 943.957764 1030.762939 0.584484
person 412 811.733215 917.305481 871.534607 1059.826660 0.735619
person 451 936.892944 847.898499 993.289429 1009.340820 0.806751
airplane 405 1577.453125 855.226135 1646.827271 885.883850 0.936327
kite 445 1540.156860 783.971191 1572.544189 801.465698 0.872665
