130021354166
frisbee 179 2006.759888 1176.566650 2077.001953 1216.760376 0.277306
airplane 405 1577.879272 850.664795 1647.200317 886.717163 0.333156
airplane 1 2121.156494 1249.479980 2242.611572 1298.690552 0.577972
airplane 458 1577.902832 833.553894 1646.893677 919.063782 0.588847
motorcycle 465 1664.044067 875.837524 1829.208008 1062.727051 0.541549
car 462 1932.107666 599.391907 2177.266357 716.678589 0.932570
skis 459 1461.225098 547.049500 1581.822388 587.112549 0.267370
person 412 805.080872 923.858276 870.693665 1060.276123 0.586534
person 451 937.625427 844.439331 994.070496 1005.678345 0.684670
airplane 466 2209.551270 522.787292 2409.356689 621.064575 1.000000
person 456 895.771973 881.580750 947.376221 1028.495728 0.553495
person 463 1710.698364 864.304749 1782.856934 1005.428955 0.602661
kite 445 1540.150269 783.982422 1572.537598 801.476929 0.878247
airplane 446 1577.933350 848.476379 1624.249634 872.944519 0.771080
