130320312500
airplane 405 1578.170532 849.328674 1647.786865 886.939575 0.297773
airplane 1 2120.081299 1249.707153 2241.587646 1298.713623 0.431284
airplane 466 2198.594727 522.639526 2407.875977 617.532959 0.576752
airplane 467 2152.137939 659.960571 2268.725098 709.767883 0.638683
motorcycle 465 1839.791870 961.935974 1995.584351 1150.682129 0.295806
car 462 1867.140869 578.321594 2102.085449 688.052917 0.916056
person 456 902.021912 870.291687 949.709045 1004.176147 0.320962
person 451 937.571777 834.274475 993.659424 988.614563 0.456689
person 463 1845.838989 933.950317 1916.268066 1080.758545 0.629203
kite 445 1540.315918 783.830444 1572.703247 801.324951 0.903001
airplane 446 1578.196289 848.914307 1624.512573 873.382446 0.725759
airplane 458 1577.552490 837.657715 1646.351929 926.438538 0.515119
frisbee 179 2006.815186 1176.979248 2076.699707 1216.833984 0.942166
