130420312500
airplane 466 2190.300781 523.263245 2408.780273 617.597656 0.341432
airplane 467 2152.399902 672.578369 2268.525635 711.687500 0.354520
motorcycle 465 1884.608521 1007.849487 2050.848389 1180.208740 0.863543
car 462 1846.833984 571.957458 2071.514160 679.724792 0.942288
person 463 1918.897583 961.514404 1999.681030 1124.087891 0.326653
kite 445 1540.040771 783.821106 1572.790039 801.093384 0.400271
person 456 902.986816 866.652344 950.745239 1002.412048 0.719546
person 451 938.279541 831.198303 992.375183 987.723755 0.809885
airplane 1 2120.979248 1249.483887 2241.880127 1298.759521 0.926995
airplane 446 1578.311768 848.867004 1624.628052 873.335144 0.727974
airplane 405 1578.500732 849.460205 1648.110474 887.456909 0.737148
airplane 458 1578.586182 837.589661 1647.385620 926.370483 0.485685
frisbee 179 2006.412842 1177.132080 2076.297363 1216.986816 0.580191
