130753320312
airplane 466 2183.899414 523.300293 2407.364990 617.793091 0.263245
airplane 446 1578.244629 847.983521 1624.472900 872.805908 0.300560
airplane 458 1578.588379 844.306885 1647.149414 917.275391 0.304106
airplane 405 1577.707031 855.976257 1646.985229 886.560059 0.322533
airplane 467 2153.522217 679.395142 2268.588623 710.256104 0.451862
motorcycle 465 2069.980713 1102.554932 2261.277588 1300.046997 0.665500
car 462 1781.968140 554.704895 1987.881470 652.449707 0.838998
person 463 2117.904785 1056.794800 2211.613770 1246.713623 0.814528
kite 445 1539.554688 783.968323 1572.828369 801.510681 0.402844
person 456 902.005127 856.835449 946.823853 991.286865 0.362427
person 451 944.721558 820.119629 996.670776 970.027954 0.833960
frisbee 179 2005.958862 1176.895508 2075.843506 1216.750244 0.917186
airplane 1 2118.435303 1249.390625 2239.810547 1298.902222 0.295758
airplane 468 2172.680908 1245.194214 2415.885498 1298.272339 0.796840
