130786328125
airplane 466 2183.640137 523.280762 2407.101562 617.820435 0.277640
airplane 446 1578.222168 847.902588 1624.435059 872.786133 0.304019
airplane 458 1578.451782 845.485352 1646.972656 915.738159 0.309248
airplane 405 1577.695435 856.852112 1646.917725 886.098999 0.328910
airplane 467 2153.503662 679.439697 2268.592529 710.222595 0.465425
motorcycle 465 2085.568115 1115.496582 2289.035156 1305.195435 0.537552
car 462 1775.222046 553.301147 1979.658325 649.979797 0.887791
person 463 2141.503906 1068.225708 2237.960449 1264.342773 0.713336
kite 445 1539.482056 783.965698 1572.853149 801.603882 0.398213
person 451 945.595642 818.971558 996.852295 967.932983 0.778317
frisbee 179 2006.096558 1176.919556 2075.981201 1216.774292 0.920343
person 456 902.372681 856.990906 947.191406 991.442322 0.543004
airplane 1 2118.305176 1249.391846 2239.680176 1298.903442 0.260170
airplane 468 2185.563965 1244.769653 2428.768555 1297.847778 0.816052
