130953320312
chair 469 2153.425293 467.368042 2259.460205 525.915344 0.316072
frisbee 179 2007.294189 1176.377197 2076.567139 1216.033325 0.632369
airplane 466 2183.379395 523.199341 2406.523926 617.874451 0.281835
airplane 458 1578.169800 847.334351 1646.623779 913.561462 0.301185
airplane 446 1578.156860 847.819275 1624.338135 872.793152 0.311432
airplane 405 1577.799194 857.986572 1646.936035 885.322021 0.328959
airplane 467 2153.472168 679.855713 2268.513184 710.007690 0.387292
motorcycle 465 2182.583008 1179.958008 2404.134277 1309.297119 0.423632
car 462 1744.868530 540.125305 1939.255005 635.137512 0.914790
person 463 2263.046875 1129.256226 2366.974121 1300.294556 0.629817
kite 445 1539.368774 783.962341 1572.878174 801.735779 0.390212
person 456 900.242737 850.218262 942.444092 985.485474 0.345839
person 451 946.012085 815.616699 996.537292 964.763184 0.814400
airplane 1 2117.973145 1248.961060 2239.348145 1298.472656 0.719886
airplane 468 2228.111328 1256.615234 2471.315918 1309.693359 0.716699
