131119335937
airplane 458 1578.156128 847.691833 1646.922607 915.343079 0.267568
airplane 468 2253.292969 1253.211426 2442.241699 1306.198242 0.277770
airplane 470 2000.056519 637.490112 2111.364502 658.713318 0.299141
airplane 466 2162.596191 524.624146 2404.262451 617.647827 0.346376
airplane 467 2153.862061 678.969299 2268.778564 710.038208 0.514917
airplane 1 2120.647461 1250.348999 2241.895508 1298.723511 0.596567
car 462 1714.336304 535.022034 1901.972778 624.668884 0.891838
person 451 947.039429 813.682983 994.780029 963.719788 0.784986
airplane 405 1577.508545 852.306946 1646.916382 886.183472 0.713710
person 456 902.293640 845.379028 943.126099 981.700623 0.610078
frisbee 179 2007.146729 1176.816528 2076.894531 1216.511353 0.960620
kite 445 1539.318237 783.956909 1572.839355 801.742493 0.988157
airplane 446 1578.229980 847.788452 1624.420898 872.785095 0.835274
chair 469 2150.850586 468.281891 2257.779053 526.983948 0.573599
