131219335937
airplane 405 1577.942505 850.170959 1647.461914 886.725464 0.269027
airplane 466 2147.101074 523.667603 2407.675781 615.914124 0.348541
airplane 467 2153.917480 678.577209 2268.811279 710.092346 0.395613
airplane 1 2120.200195 1250.303589 2241.607666 1298.703491 0.462171
car 462 1696.937500 530.671143 1879.049316 618.350586 0.865917
person 456 901.606201 841.733582 944.268066 975.014893 0.487403
person 451 947.380371 810.962219 993.795776 962.037476 0.692144
car 471 2250.724854 756.488525 2409.747559 872.522583 1.000000
airplane 458 1576.910522 847.180969 1645.821655 915.804932 0.701238
frisbee 179 2006.969849 1176.994873 2076.717529 1216.689697 0.968918
kite 445 1539.324951 783.939148 1572.846069 801.724731 1.013010
airplane 446 1578.281372 847.770813 1624.472290 872.767456 0.836966
chair 469 2151.689941 473.370728 2258.618408 532.072754 0.513536
