131419335937
chair 469 2152.248535 468.425934 2259.202148 527.473389 0.349585
frisbee 179 2007.173584 1176.811157 2076.852051 1216.673828 0.347867
airplane 466 2176.258545 523.453857 2409.726318 618.413269 0.294168
airplane 405 1578.047974 853.553589 1647.435913 886.505188 0.379476
airplane 1 2119.921387 1249.449707 2241.748779 1298.684692 0.607563
car 462 1661.327759 522.012085 1835.427368 605.415894 0.909404
kite 445 1539.626099 784.088867 1573.314575 801.631592 0.392839
person 451 942.368530 803.087219 994.649536 950.775024 0.840661
person 456 900.735229 835.558228 944.385376 965.879700 0.528862
truck 472 2258.391846 730.719604 2409.681641 870.701782 1.000000
airplane 446 1578.467041 847.907410 1624.752075 872.778870 0.851684
airplane 458 1576.777100 847.021667 1645.837280 916.656067 0.663086
airplane 467 2153.680420 678.938721 2268.578369 710.463196 0.966888
