131452343750
chair 469 2151.659180 467.988251 2260.123779 527.190674 0.317567
frisbee 179 2007.190186 1176.788452 2076.841309 1216.681152 0.343985
airplane 405 1577.979126 853.983032 1647.341064 886.189209 0.386280
airplane 1 2119.913086 1249.280273 2241.797363 1298.686523 0.613702
car 462 1655.874146 520.613953 1828.656128 603.280945 0.889544
kite 445 1539.658569 784.131897 1573.366089 801.624695 0.413151
person 456 900.133240 834.788147 943.132080 965.131714 0.261337
person 451 942.237366 802.390503 994.453064 948.813110 0.748602
truck 472 2259.271240 724.456726 2413.240234 870.764404 0.640894
airplane 446 1578.498901 847.959778 1624.783936 872.831238 0.827602
airplane 458 1576.872437 846.820312 1645.932617 916.454712 0.712368
airplane 466 2176.421387 523.767334 2409.889160 618.726746 0.643018
airplane 467 2153.436523 679.145447 2268.334473 710.669922 0.918831
