131685351562
chair 469 2153.563965 467.127350 2261.580566 526.295349 0.367837
frisbee 179 2007.217163 1176.801392 2076.859131 1216.747070 0.285852
truck 472 2181.141357 697.644714 2395.938721 866.582642 0.777138
airplane 405 1577.916138 854.543213 1647.247192 885.771667 0.377957
airplane 1 2120.028320 1248.974365 2241.968994 1298.708252 0.602977
car 462 1612.690796 510.127838 1779.120728 589.348389 0.886493
kite 445 1539.646973 784.178589 1573.412231 801.599976 0.367155
person 451 942.064270 798.526428 994.430298 944.293335 0.782815
airplane 446 1578.442993 848.210144 1624.728027 873.081604 0.840260
airplane 458 1578.572998 845.662537 1647.633179 915.296936 0.798436
person 456 898.626221 833.273743 941.625061 963.617310 0.462783
airplane 466 2171.956543 525.340759 2405.424072 620.300171 0.594736
airplane 467 2140.449463 676.797058 2255.347412 708.321533 0.607078
