131719335937
chair 469 2154.880859 467.086670 2262.488037 526.023132 0.266436
frisbee 179 2007.002319 1176.772827 2076.921387 1216.748169 0.278466
truck 472 2171.429932 691.888489 2397.036377 862.125122 0.618243
airplane 446 1578.236450 847.971497 1624.329956 872.822571 0.262988
airplane 405 1577.959961 855.366394 1647.430908 885.970215 0.309520
airplane 458 1578.484497 846.632446 1647.559448 916.334900 0.312901
airplane 1 2120.495850 1248.891357 2242.411377 1298.683350 0.621480
car 462 1607.356445 507.988007 1772.559082 587.145691 0.882047
kite 445 1539.628784 784.320496 1573.137939 801.624207 0.258533
person 456 897.025879 828.275635 940.575256 958.086914 0.470498
person 451 941.384766 797.780762 992.408325 943.251892 0.820834
airplane 466 2171.852051 525.426025 2405.319824 620.385437 0.577882
airplane 467 2135.709229 675.635254 2250.607178 707.159729 0.686547
