131919335937
frisbee 179 2006.666504 1176.794678 2077.043213 1216.760376 0.256196
truck 472 2111.637939 663.290344 2403.395752 826.484863 0.525569
airplane 446 1578.240479 847.861938 1624.125977 872.705261 0.267505
airplane 458 1577.908936 847.360535 1646.992432 917.036133 0.309508
airplane 405 1577.843994 856.449219 1647.515625 886.066956 0.310401
airplane 1 2121.019531 1248.778198 2243.023926 1298.647949 0.615488
car 474 1627.071045 467.032715 1646.518433 473.802307 0.311822
car 462 1577.797607 499.108765 1733.386475 575.517883 0.841877
skis 473 1460.749634 547.143311 1582.273193 586.405090 0.346785
person 451 941.648682 792.703918 990.604797 937.646057 0.818404
person 456 893.077332 821.598938 936.940674 950.825439 0.564695
airplane 466 2169.307861 526.280029 2402.775879 621.239441 0.533279
airplane 467 2128.078613 674.459656 2242.976562 705.984131 0.669400
chair 469 2157.072998 467.039856 2264.974609 525.711670 0.616310
