131985351562
truck 472 2089.892578 657.817749 2389.459961 819.223267 0.703022
airplane 446 1578.209106 847.864685 1624.095459 872.696350 0.267307
airplane 405 1577.869385 856.416565 1647.559570 886.075989 0.312669
airplane 458 1577.888428 847.411011 1646.985718 917.080017 0.313828
airplane 1 2121.000244 1248.792358 2242.964600 1298.653809 0.616959
car 474 1627.053223 467.038696 1646.515137 473.868896 0.288856
car 462 1573.305176 496.095001 1720.529541 572.002686 0.889975
skis 473 1461.131714 547.569885 1580.432617 589.733032 0.302997
person 451 942.954712 789.772583 991.402710 935.297485 0.636304
frisbee 179 2006.597168 1176.838623 2076.974121 1216.784302 0.935452
person 456 893.025269 820.051880 936.888611 949.278320 0.539954
airplane 466 2167.674316 527.035400 2401.141846 621.994812 0.547054
airplane 467 2135.401611 672.512573 2250.299561 704.037048 0.490515
chair 469 2158.312256 467.054016 2266.213867 525.725830 0.549807
