132251302083
airplane 1 2121.134277 1248.877686 2242.450928 1298.746948 0.518210
car 474 1627.545898 467.031921 1646.301636 473.908691 0.399781
car 462 1569.254272 489.634979 1670.148804 558.988159 0.741660
car 475 1304.463013 549.162842 1430.259521 625.163147 0.850047
person 456 896.994324 813.351868 936.519836 942.158508 0.614882
person 451 943.748535 783.427734 993.015442 927.402222 0.799908
truck 472 2022.306519 642.111389 2309.076416 797.135742 0.436868
airplane 446 1578.917358 847.392029 1624.805786 872.221313 0.872375
frisbee 179 2006.258545 1177.006104 2076.654297 1216.981445 0.934479
airplane 405 1577.233887 855.965759 1646.924927 885.628601 0.975730
airplane 458 1577.354858 846.943787 1646.456055 916.515076 0.841171
airplane 466 2147.386719 531.206238 2380.854736 626.165649 0.442428
airplane 467 2119.431641 672.115601 2234.329590 703.640076 0.422374
chair 469 2159.020508 467.257629 2266.922119 525.929443 0.478238
