132318359375
truck 472 1992.581177 630.079590 2273.131592 780.729248 0.720412
airplane 1 2121.110352 1248.869873 2242.442871 1298.744385 0.513044
car 474 1627.652710 467.066742 1646.291992 473.853790 0.313312
car 462 1569.461914 487.113251 1658.308716 555.154785 0.494251
car 475 1306.289185 549.627380 1440.522705 630.104858 0.802420
person 456 895.120422 809.238342 936.195984 936.221436 0.648406
person 451 943.693115 782.391968 991.027161 927.236023 0.796290
airplane 446 1579.113647 847.098083 1625.002075 871.927368 0.859527
frisbee 179 2006.246094 1177.012085 2076.641846 1216.987427 0.936824
airplane 405 1577.203613 855.975159 1646.894653 885.638000 0.992509
airplane 458 1577.555298 846.886536 1646.656494 916.457825 0.836710
airplane 466 2162.069336 526.903076 2395.537354 621.862488 0.448489
airplane 467 2116.595703 671.526306 2231.493652 703.050781 0.325458
chair 469 2158.915283 467.348267 2266.816895 526.020020 0.483497
