132351302083
truck 472 1981.588745 626.517822 2264.202148 775.561951 0.567305
airplane 1 2121.083496 1248.898315 2242.431641 1298.744507 0.514615
car 474 1627.641602 467.080841 1646.240601 473.852539 0.354844
car 462 1569.727295 485.949677 1652.994263 553.227722 0.725743
car 475 1306.451294 550.270935 1445.100098 633.196289 0.839925
person 456 894.728943 807.730103 936.196106 934.972595 0.677506
person 451 943.966309 782.132263 991.525330 927.320129 0.805043
airplane 446 1579.160889 846.968201 1625.049316 871.797485 0.853802
frisbee 179 2006.261108 1177.016846 2076.656738 1216.992188 0.935884
airplane 405 1577.198853 855.977295 1646.889893 885.640137 0.983280
airplane 458 1577.724365 846.835693 1646.825562 916.406982 0.846537
airplane 466 2160.628418 527.344299 2394.096191 622.303711 0.534505
airplane 467 2115.177490 671.231689 2230.075439 702.756165 0.370643
chair 469 2158.858643 467.456421 2266.760254 526.128174 0.490728
