132418359375
frisbee 179 2006.844360 1176.759888 2077.038086 1217.005615 0.345666
truck 472 1963.630249 618.451721 2242.306641 767.524902 0.762190
airplane 446 1578.340820 847.990112 1624.136597 872.438293 0.324033
airplane 458 1577.910278 847.458313 1646.753906 917.152527 0.372371
airplane 405 1577.746948 856.336548 1647.271484 885.787781 0.412615
airplane 1 2121.045898 1249.336792 2242.579834 1298.736694 0.599385
car 474 1627.255493 467.040131 1645.956909 473.753235 0.283331
car 462 1570.163696 482.583435 1641.297485 548.857117 0.427039
car 475 1310.477539 550.813049 1456.686157 638.818542 0.875207
person 456 896.314636 805.962341 937.056213 932.196106 0.576931
person 451 943.219421 780.884033 991.498840 923.476196 0.815153
airplane 466 2158.016602 528.106323 2391.484619 623.065735 0.450821
airplane 467 2109.187012 678.358887 2224.084961 709.883362 0.404807
chair 469 2158.978027 467.520630 2266.879639 526.192383 0.504806
