132518359375
frisbee 179 2006.932861 1176.692383 2077.093750 1217.045410 0.344859
truck 472 1937.048462 612.624329 2203.740723 757.132996 0.523884
airplane 446 1578.117310 848.290222 1623.879150 872.604065 0.324730
airplane 458 1577.809204 847.607300 1646.561279 917.320190 0.363188
airplane 405 1577.815552 856.392761 1647.268677 885.798889 0.415184
airplane 1 2121.050293 1249.465820 2242.653564 1298.716675 0.573104
car 474 1627.127563 467.092163 1645.772583 473.739532 0.361234
car 462 1566.962280 478.957062 1624.916382 544.510498 0.576861
car 475 1323.992065 551.278503 1471.589600 646.128906 0.871161
person 456 895.227295 804.982178 937.158508 932.013672 0.668673
person 451 941.812744 778.320679 990.705688 919.556335 0.795321
airplane 466 2160.899414 527.741028 2394.367432 622.700439 0.501745
airplane 467 2092.048096 684.464478 2206.946045 715.988953 0.389330
chair 469 2158.891846 467.529633 2266.793457 526.201416 0.517418
