132551302083
frisbee 179 2006.938232 1176.688599 2077.102295 1217.071411 0.316808
airplane 446 1578.095703 848.310669 1623.841919 872.603516 0.338697
airplane 458 1577.785034 847.637878 1646.527588 917.302124 0.345583
airplane 405 1577.822632 856.451355 1647.259277 885.801941 0.410138
airplane 1 2121.088623 1249.445068 2242.670410 1298.711792 0.546750
car 475 1328.003052 551.427612 1476.616333 648.636780 0.897176
person 456 894.534363 804.236328 937.069824 931.379272 0.543177
person 451 941.671143 777.661682 991.290710 919.104370 0.827318
airplane 466 2158.274658 528.010681 2391.742432 622.970093 0.457283
car 462 1563.490356 477.473175 1621.444458 543.026611 0.395256
car 474 1627.152466 467.143707 1645.797485 473.791077 0.780615
truck 472 1929.114014 610.844849 2195.806152 755.353516 0.415482
airplane 467 2089.198242 685.415161 2204.096191 716.939636 0.382811
chair 469 2158.887939 467.484192 2266.789551 526.156006 0.516083
