132584309895
frisbee 179 2006.936646 1176.688354 2077.109375 1217.079956 0.297012
airplane 446 1578.086914 848.310242 1623.836060 872.594666 0.324050
airplane 458 1577.793579 847.655457 1646.530640 917.335754 0.361795
airplane 466 2180.847656 525.393738 2399.423584 621.082825 0.381497
airplane 405 1577.832031 856.433716 1647.267700 885.800964 0.414917
airplane 1 2121.083252 1249.327393 2242.665771 1298.697998 0.612307
car 474 1627.067017 467.118042 1645.759033 473.759521 0.272921
car 462 1568.664917 476.859314 1615.821289 539.975342 0.363439
car 475 1332.814575 551.433411 1482.523682 650.991150 0.917898
person 451 941.198059 776.647644 991.557617 917.623413 0.811270
truck 472 1922.710083 608.334229 2189.402344 752.842896 0.432073
airplane 467 2090.449463 688.132874 2205.347412 719.657349 0.464323
person 456 894.401001 803.896667 936.936462 931.039612 0.568047
chair 469 2158.983154 467.472748 2266.884766 526.144531 0.511695
