132651302083
frisbee 179 2006.927612 1176.676880 2077.096924 1217.075928 0.371891
truck 472 1904.682739 601.159790 2164.077881 743.834595 0.513580
airplane 446 1578.088379 848.295471 1623.841797 872.572937 0.316672
airplane 466 2194.388428 523.712585 2403.634521 619.656311 0.324707
airplane 458 1577.828857 847.666748 1646.563721 917.353821 0.359071
airplane 405 1577.853027 856.408997 1647.288452 885.798523 0.413910
airplane 1 2121.047607 1249.337402 2242.656738 1298.701904 0.577641
car 475 1341.309937 551.252747 1494.639404 655.598328 0.917490
person 451 940.961243 773.902344 992.531128 913.784546 0.804303
airplane 467 2094.804688 687.095459 2209.702637 718.619934 0.651301
person 456 893.969177 803.613586 936.504639 930.756531 0.552085
chair 469 2159.006104 467.459991 2266.907715 526.131775 0.503729
