132818359375
frisbee 179 2006.549438 1176.536865 2076.961914 1216.957886 0.322441
truck 472 1861.772705 587.363037 2110.600098 721.705444 0.647549
airplane 467 2151.800049 671.817383 2268.639648 709.913635 0.578444
airplane 1 2120.322266 1249.104614 2242.074707 1298.713989 0.608360
car 475 1362.782471 551.333923 1524.632568 667.531738 0.928342
person 456 890.589722 796.675354 934.574768 921.208496 0.290921
person 451 939.724243 768.744690 989.623657 908.784058 0.826147
airplane 405 1577.814941 856.155945 1647.248901 885.535339 0.962609
airplane 466 2195.464600 523.094666 2402.156494 619.031738 0.637976
chair 469 2158.713379 467.780029 2266.614990 526.451782 0.505130
