132851302083
frisbee 179 2006.529297 1176.533203 2076.934570 1216.957031 0.264782
airplane 467 2153.856445 675.297729 2270.513428 710.649658 0.472859
airplane 1 2120.016602 1249.097290 2241.936523 1298.717163 0.589601
car 475 1368.414917 551.635071 1531.479614 670.143982 0.931412
person 451 939.592468 768.103394 990.404785 907.939941 0.814631
truck 472 1854.806519 584.338745 2103.633789 718.681152 0.539732
person 456 890.650757 795.828064 934.635803 920.361206 0.574704
airplane 405 1577.848633 856.108459 1647.282593 885.487854 0.956664
airplane 466 2195.325439 523.147461 2402.017334 619.084534 0.653802
chair 469 2158.906494 467.946564 2266.808105 526.618347 0.494762
