133051302083
frisbee 179 2006.770752 1176.541382 2076.969971 1216.917603 0.295148
airplane 466 2193.753418 523.586792 2404.045166 618.892151 0.269092
airplane 467 2154.911865 678.452271 2270.927734 709.952881 0.366026
airplane 1 2120.867432 1248.928223 2242.439941 1298.681396 0.523743
car 475 1398.675171 562.759277 1571.393311 686.457092 0.910015
person 456 891.291199 791.951294 933.425964 912.341187 0.435442
person 451 939.366455 765.616028 988.318665 907.567627 0.830278
truck 472 1810.464355 572.098511 2043.707764 699.373718 0.566395
chair 469 2159.075195 467.950256 2266.976807 526.622070 0.491607
airplane 405 1577.709106 856.442017 1647.336426 885.042542 0.951805
