133184309895
frisbee 179 2007.138916 1176.517456 2077.067627 1216.801392 0.263709
airplane 466 2194.861084 523.695312 2405.795166 619.308716 0.281393
airplane 467 2154.478760 678.131470 2270.146973 710.176697 0.372833
airplane 1 2121.486084 1248.742432 2242.666016 1298.629395 0.531469
car 475 1419.843262 567.571289 1587.459595 699.599365 0.906079
person 451 940.412354 764.419067 986.067078 905.147888 0.730191
person 456 896.005676 789.477600 934.082764 909.992065 0.634861
truck 472 1778.275269 563.471436 2002.771118 684.922363 0.513381
chair 469 2159.224854 468.021851 2267.126465 526.693604 0.485066
airplane 405 1577.886963 856.080200 1647.514282 884.680725 0.951347
