13151302083
frisbee 38 2006.976196 1176.552612 2076.827637 1217.180908 0.284531
airplane 60 1578.384644 821.953674 1647.331787 886.834167 0.286146
airplane 57 2154.035645 681.182007 2268.773438 708.808777 0.315098
airplane 1 2121.614502 1248.784668 2242.968994 1298.662109 0.436987
car 62 1581.644043 608.079468 1640.328125 680.274048 0.720942
person 63 1998.478027 467.422913 2037.545166 540.969604 0.362057
traffic light 18 770.727539 562.164490 814.431946 596.069641 0.260757
car 47 1391.664429 596.957825 1588.311279 717.546204 0.909252
person 11 1044.375977 558.428894 1073.592651 628.860474 0.325060
person 7 904.763611 612.880005 941.396423 701.172119 0.838181
airplane 49 1578.624268 850.391968 1647.980225 887.772522 0.793550
chair 61 2164.218994 467.477325 2265.910645 526.126099 0.883864
airplane 52 1583.368652 845.823914 1652.866089 909.912415 0.715600
person 48 1869.158691 464.410004 1888.026123 495.902710 0.444316
person 45 2000.254028 460.308075 2019.494507 520.486206 0.415943
traffic light 59 771.096375 569.289246 796.082581 595.371582 0.888465
airplane 58 2194.007324 522.693726 2405.603027 618.468445 0.740269
person 41 1990.513184 466.996002 2012.590820 547.918030 0.308774
