133550325520
chair 469 2158.083252 467.082031 2260.869385 525.174988 0.322905
frisbee 179 2007.100586 1176.966187 2077.040039 1217.186035 0.391992
truck 472 1699.435425 538.242859 1899.630981 652.812988 0.487051
airplane 466 2193.439697 523.269714 2406.871826 616.931641 0.290422
airplane 405 1578.224243 850.564087 1647.705811 886.157471 0.302256
airplane 467 2153.646240 680.342896 2268.354004 710.160400 0.426540
airplane 1 2119.474609 1249.332153 2241.866699 1298.759888 0.574546
car 476 1585.051270 597.580139 1691.263428 727.594604 0.932925
car 475 1486.267822 601.754517 1589.812500 741.414246 0.887378
person 456 898.876282 780.558350 935.864990 901.514587 0.372611
person 451 941.428406 753.871155 984.496094 889.320679 0.742008
