133617317708
chair 469 2158.016846 467.079407 2260.731689 525.175415 0.327048
frisbee 179 2007.070435 1176.936157 2076.976074 1217.233521 0.374540
airplane 466 2193.806396 523.306274 2406.456543 616.862183 0.296807
airplane 467 2153.682861 680.207825 2268.707520 710.147705 0.429517
airplane 1 2119.471191 1249.351318 2241.852295 1298.745605 0.563844
car 476 1583.514404 600.806702 1709.356567 747.169434 0.931090
car 475 1498.513794 606.962708 1587.336304 750.914917 0.641587
person 451 941.233093 753.530640 985.193542 889.104736 0.797002
truck 472 1689.595459 534.123901 1886.423706 644.912415 0.416391
person 456 897.917175 779.563782 935.388916 900.576965 0.610844
airplane 405 1578.291504 851.886963 1647.773071 887.480347 0.698442
