134016341145
truck 472 1617.619385 517.495605 1789.886108 617.779541 0.576711
airplane 466 2186.830811 522.615417 2405.679688 619.151611 0.315034
airplane 467 2153.753174 678.828308 2270.619873 708.117188 0.335134
airplane 1 2120.167480 1249.020630 2243.209473 1298.717529 0.388654
car 476 1600.197754 634.752686 1836.681396 808.447693 0.963599
person 451 938.580872 747.435730 980.874695 877.226929 0.763703
bench 477 892.436707 786.603760 994.339355 887.937317 0.760061
frisbee 179 2006.643677 1177.168457 2076.566650 1217.419556 0.949643
person 456 898.845032 776.830933 938.033813 897.491455 0.563354
airplane 405 1578.482056 852.340759 1647.963623 887.934143 0.836718
chair 469 2155.391357 466.597656 2258.034668 524.688049 0.612792
