134049348958
frisbee 179 2006.860107 1176.782715 2076.671387 1217.114380 0.421016
airplane 467 2153.709717 679.298889 2269.939209 708.843140 0.251998
airplane 466 2191.158936 522.708008 2406.974854 619.225952 0.336427
car 476 1606.874390 638.433777 1848.517456 814.705566 0.951355
bench 477 892.921997 777.363525 991.827148 882.815918 0.398742
person 451 938.726685 746.114075 980.552551 876.129639 0.759673
truck 472 1612.408325 516.253967 1784.675049 616.537903 0.662919
kite 478 1539.984009 784.124023 1573.395874 801.276733 1.000000
airplane 1 2119.926758 1249.008423 2242.968750 1298.705322 0.930685
person 456 898.881470 775.398132 938.070251 896.058655 0.522051
airplane 405 1578.282104 852.453674 1647.763672 888.047058 0.803250
chair 469 2155.121582 466.838013 2257.764893 524.928406 0.579936
