134083333333
frisbee 179 2006.936035 1176.641724 2076.692383 1217.011841 0.413037
truck 472 1605.956177 515.205994 1776.540161 614.545532 0.814050
airplane 466 2193.533447 522.858093 2407.507324 619.433228 0.336673
car 476 1613.067505 641.086365 1859.007568 818.819946 0.952128
bench 477 892.971558 774.837402 990.582520 881.980225 0.295782
person 451 938.611877 745.359314 980.348328 875.614136 0.768772
kite 478 1539.951660 784.154419 1573.365845 801.303406 1.000000
airplane 467 2153.783203 679.351685 2270.012695 708.895935 1.025836
airplane 1 2119.611816 1249.002686 2242.653809 1298.699463 0.925040
person 456 898.896912 776.850891 938.085693 897.511414 0.552648
airplane 405 1578.175659 852.561523 1647.657227 888.154907 0.831492
chair 469 2154.783203 466.913818 2257.426514 525.004211 0.592294
