134316341145
surfboard 479 1633.753174 920.137024 1919.828735 1098.858643 0.462951
frisbee 179 2006.943115 1176.522217 2076.631348 1216.920776 0.424260
truck 472 1573.606323 505.184265 1726.981689 596.664673 0.900178
airplane 467 2153.388672 680.319580 2268.597900 710.125977 0.259952
airplane 1 2120.063965 1248.580200 2242.528809 1298.716797 0.261258
airplane 466 2195.248535 523.194214 2406.745605 619.704468 0.361681
car 476 1672.936890 667.731812 1944.531982 862.963928 0.945323
kite 478 1540.021362 783.953552 1573.313843 801.015320 0.271546
person 456 898.943665 767.008057 934.759949 885.236145 0.590041
person 451 938.807312 742.268555 980.629211 873.856689 0.757465
bench 477 892.853394 777.053528 990.464355 884.196350 0.608245
airplane 405 1577.657715 853.251709 1647.139282 888.845093 0.885790
chair 469 2151.176514 471.585724 2253.819824 529.676086 0.666591
