134382356770
frisbee 179 2006.876343 1176.562134 2076.794678 1216.985352 0.322991
truck 472 1572.279663 501.334747 1713.513428 593.148560 0.702574
airplane 1 2120.414551 1248.941650 2242.496582 1298.759033 0.370253
airplane 466 2191.051758 523.379578 2406.570068 619.090210 0.379077
airplane 467 2153.226318 680.084717 2268.506348 710.025085 0.382582
car 476 1691.875610 677.363342 1971.729004 878.389282 0.956395
bench 477 893.057190 772.579468 993.039490 880.822388 0.352001
person 456 896.029053 765.909973 934.686768 882.331299 0.425548
person 451 939.305054 741.375427 979.865479 871.215515 0.488817
airplane 405 1577.656616 853.386902 1647.138184 888.980286 0.885983
car 480 1627.458252 467.057953 1645.439941 473.752777 1.000000
airplane 481 1437.983521 785.161499 1532.770752 813.604614 1.000000
chair 469 2155.077148 469.965515 2257.720459 528.055908 0.437370
kite 478 1540.019775 784.010864 1573.307373 801.070251 0.764260
