134782356770
airplane 405 1578.532471 848.519653 1647.786011 887.609619 0.259329
airplane 482 1578.306030 900.055786 1923.901245 1296.269165 0.324460
airplane 1 2120.169434 1249.614136 2241.794678 1298.732056 0.603315
car 480 1627.440430 467.072968 1645.829102 473.970276 0.281186
car 476 1830.609497 738.821228 2159.598633 972.099426 0.943849
bench 477 892.740723 759.763611 997.440369 869.090454 0.350888
person 451 941.049255 733.065796 979.392151 861.440491 0.791015
car 483 1575.509399 490.183136 1635.415405 562.627319 0.648728
person 456 894.944580 758.483032 932.792480 873.907593 0.532523
kite 478 1540.171631 784.329285 1573.459229 801.388672 0.808318
airplane 467 2137.973633 674.704529 2254.346680 707.307678 0.807452
airplane 466 2190.263428 523.892212 2410.767334 618.014099 0.872042
chair 469 2153.640381 471.073547 2256.211670 529.204346 0.507742
frisbee 179 2006.273315 1176.833008 2076.543213 1217.307617 0.967812
