134982356770
airplane 482 1576.817261 882.108887 1922.375854 1288.621704 0.373921
airplane 1 2119.836914 1249.642822 2241.846191 1298.713135 0.604097
car 480 1627.487915 466.972504 1645.884521 473.899475 0.276816
car 483 1572.747559 483.946716 1607.592651 548.640747 0.706801
car 476 1911.901978 773.087036 2271.389893 1027.291992 0.759454
person 451 939.774719 731.451904 979.429504 862.006165 0.342389
kite 478 1540.056763 784.359070 1573.344360 801.418457 0.779935
airplane 405 1579.569702 848.933167 1648.788452 887.978882 0.696718
airplane 467 2136.486328 674.603760 2252.859375 707.206909 0.816623
airplane 466 2186.433350 525.329590 2406.937256 619.451477 0.752968
person 456 895.723267 755.759155 931.430237 869.981567 0.533621
bench 477 894.447449 764.290344 999.147095 873.617188 0.573942
chair 469 2151.563721 471.147400 2254.135010 529.278198 0.414189
frisbee 179 2006.155029 1176.853760 2076.424805 1217.328369 0.972843
