135082356770
airplane 405 1578.525146 848.385071 1647.542725 887.241333 0.262628
airplane 1 2119.669434 1249.179565 2241.889160 1298.702148 0.414770
car 483 1573.066406 486.260712 1593.651245 544.877136 0.400435
car 476 1954.559692 794.291992 2328.701172 1062.077271 0.884452
kite 478 1540.131470 784.115417 1573.030396 801.033203 0.267352
person 451 937.903198 729.638977 977.920288 855.784729 0.822188
surfboard 485 1704.560303 870.843750 2099.714355 1053.781006 0.720471
airplane 467 2136.271729 674.692383 2252.644775 707.295532 0.811984
airplane 466 2185.012939 525.552673 2405.516846 619.674561 0.748837
person 456 894.428894 752.270874 930.135864 866.493286 0.547491
bench 477 893.014526 770.994934 997.714172 880.321777 0.570042
chair 469 2152.191895 470.917633 2254.763184 529.048401 0.487918
frisbee 179 2006.071289 1176.866821 2076.341064 1217.341431 0.977604
