135148307291
airplane 405 1578.377441 848.337341 1647.335815 887.139343 0.262025
airplane 1 2119.633301 1248.987427 2241.987305 1298.697998 0.383766
car 476 1981.536499 808.699768 2373.998047 1086.947144 0.586128
kite 478 1540.151245 784.082336 1572.946533 800.961609 0.269177
person 451 937.316589 729.233643 977.481506 853.311218 0.733203
surfboard 486 2191.298584 801.113770 2408.912598 942.676270 0.974258
airplane 467 2140.227051 675.909607 2256.600098 708.512756 0.621718
airplane 466 2184.800537 525.531006 2405.304443 619.652893 0.752163
person 456 893.681580 751.907410 929.388550 866.129883 0.593278
bench 477 891.190979 773.611511 995.890625 882.938354 0.506529
chair 469 2153.756104 469.959015 2256.327393 528.089783 0.582138
frisbee 179 2006.030396 1176.866699 2076.300293 1217.341309 0.979044
