135281315104
surfboard 486 2190.158447 809.061340 2408.374756 963.628967 0.407725
airplane 405 1578.263062 848.273376 1647.195190 887.048828 0.257855
car 476 1873.870483 826.933533 2426.483398 1138.026123 0.370763
kite 478 1540.216675 784.077698 1572.941162 800.938843 0.282502
person 451 935.918457 724.705139 977.357361 849.509644 0.744939
airplane 467 2136.392578 675.044250 2252.765625 707.647400 0.708447
airplane 466 2184.952881 525.474609 2405.456543 619.596497 0.742575
person 456 894.720703 749.263245 930.427673 863.485718 0.539632
bench 477 889.695068 763.826965 994.394714 873.153809 0.577990
chair 469 2151.213623 474.382080 2253.784912 532.512878 0.305769
airplane 1 2119.311035 1248.994629 2241.734619 1298.756958 0.925032
frisbee 179 2006.018799 1176.865112 2076.288574 1217.339722 0.976924
