13351302083
chair 61 2167.789795 467.247131 2259.343994 525.162231 0.290544
frisbee 38 2006.896362 1176.883667 2077.034424 1216.659668 0.390344
airplane 1 2121.441650 1248.509521 2242.878418 1298.679321 0.460616
car 62 1579.716553 592.016602 1654.062134 674.200378 0.838426
person 48 1856.883789 464.922852 1877.525391 496.828583 0.295262
person 63 2005.829590 467.020599 2042.346436 540.489929 0.654856
car 47 1418.235840 586.451477 1585.928589 707.440247 0.839115
bicycle 64 1047.708130 583.986145 1073.593384 642.810547 0.283835
person 11 1042.956665 558.509766 1072.930054 627.874268 0.332656
person 7 905.701904 613.032349 942.496338 700.510254 0.829573
person 45 2011.254639 461.149445 2030.495117 521.327576 0.455226
airplane 57 2151.012695 678.394775 2265.750488 706.021545 0.560414
traffic light 59 770.992676 569.198730 795.978882 595.281067 0.923541
airplane 58 2189.063232 524.063171 2400.659180 619.837891 0.647179
person 41 2004.639160 466.479919 2026.716797 547.401978 0.302886
airplane 49 1579.072388 849.567322 1648.124512 887.953430 0.792546
traffic light 18 770.772888 562.951050 814.477295 596.856201 0.614416
