135648307291
chair 469 2154.883789 467.055359 2259.907471 525.443237 0.273148
airplane 405 1578.958252 847.964111 1625.249878 872.747070 0.258225
airplane 467 2153.342529 678.856079 2270.126465 710.827026 0.338190
car 476 2249.768555 932.243408 2447.814941 1187.629761 0.680851
person 487 1628.487061 467.022858 1645.433838 474.193481 0.256430
kite 478 1539.773438 784.418945 1573.206055 800.999756 0.371407
person 451 935.044922 717.995056 973.692871 851.445435 0.754752
bench 477 890.449707 748.424805 990.387451 855.580139 0.591356
airplane 1 2117.248779 1248.844604 2239.672363 1298.606934 0.826189
airplane 466 2188.582520 524.763794 2407.464844 618.737183 0.864959
frisbee 179 2006.153809 1176.904541 2076.423584 1217.379150 1.023904
person 456 895.055725 743.633118 931.217834 851.140015 0.585517
