135681315104
chair 469 2155.037354 467.065155 2260.003418 525.453613 0.275127
airplane 405 1578.114136 847.760559 1624.123169 872.368408 0.259315
airplane 467 2153.300049 678.817688 2270.152832 710.815796 0.349873
car 476 2266.494873 943.485168 2434.811768 1187.889893 0.465297
person 487 1628.477295 467.022369 1645.433838 474.194763 0.256548
kite 478 1539.769409 784.415161 1573.209717 800.993774 0.371223
person 451 936.576782 717.549011 973.468994 849.996094 0.715438
bench 477 889.192139 745.794617 989.129883 852.949951 0.478822
airplane 1 2117.217773 1248.819702 2239.641357 1298.582031 0.826064
airplane 466 2188.275391 524.879272 2407.157715 618.852661 0.857551
frisbee 179 2006.151367 1176.917480 2076.421143 1217.392090 1.030795
airplane 489 1830.541748 816.424438 2409.533203 1186.855469 1.000000
person 456 894.731567 743.584656 930.893677 851.091553 0.578580
