135714322916
chair 469 2156.722168 467.071320 2262.166504 525.619141 0.295450
frisbee 179 2006.543091 1176.912354 2076.645996 1217.177734 0.312715
airplane 1 2119.008301 1248.700928 2241.201416 1298.598633 0.278279
airplane 405 1577.718994 847.762573 1623.690918 872.367798 0.286241
airplane 466 2182.045654 523.462891 2406.700195 619.687988 0.301767
airplane 467 2153.533447 678.946350 2269.715332 710.383545 0.489730
car 476 2288.544189 954.277832 2428.177979 1194.099243 0.649251
kite 478 1539.950928 784.741028 1573.112915 801.197998 0.293461
bench 477 892.192810 741.519287 990.777283 851.279968 0.671416
person 451 936.796204 717.705078 975.722656 847.334900 0.569173
airplane 489 1816.713379 798.900574 2409.048096 1205.868286 0.967170
airplane 490 1578.161133 847.730713 1646.895874 886.844543 1.000000
person 456 894.594055 743.116150 930.756165 850.623047 0.603573
