135781315104
chair 469 2158.577881 467.012390 2264.212158 525.708374 0.320418
frisbee 179 2006.748047 1176.914551 2076.720459 1217.036255 0.334221
airplane 490 1578.210205 847.738953 1646.939453 886.872437 0.274582
airplane 405 1577.528687 847.819702 1623.469482 872.416382 0.283442
airplane 466 2180.798340 522.541504 2407.389160 620.593567 0.329915
airplane 1 2119.991699 1248.622925 2242.017334 1298.660156 0.437345
airplane 467 2153.766113 678.973572 2269.350830 709.952942 0.492153
airplane 489 1851.121216 804.044617 2406.892090 1219.865845 0.541955
kite 478 1540.072021 784.969910 1572.953247 801.312439 0.293716
bench 477 893.728760 739.577698 992.686523 849.040527 0.441081
person 451 936.661865 717.261414 975.417908 841.120972 0.745669
person 456 894.157227 742.908447 930.319336 850.415344 0.617251
