136280338541
frisbee 179 2006.592163 1176.684204 2076.846680 1216.776978 0.282473
airplane 491 1578.079346 848.063721 1646.747803 916.577698 0.254036
airplane 466 2184.194336 522.754578 2408.182129 619.114624 0.255378
airplane 490 1577.821655 856.066406 1646.909058 885.330750 0.318801
airplane 467 2153.378174 679.278320 2270.291748 709.527771 0.502712
airplane 1 2120.880371 1249.265381 2242.810547 1298.739624 0.601756
kite 478 1540.077271 783.941162 1572.850464 801.392212 0.321121
skis 492 1462.847412 547.355835 1582.634155 587.837158 0.336476
bench 477 895.429138 733.466736 991.392761 835.477173 0.579259
airplane 405 1579.355469 847.987244 1625.287354 872.590088 0.422025
person 451 933.403931 712.970947 970.436707 824.076416 0.698753
person 456 894.215393 735.580566 931.336060 845.388489 0.641374
chair 469 2159.665039 466.609711 2265.032715 525.381958 0.667001
