136946354166
frisbee 179 2006.965698 1176.574097 2076.916016 1216.696411 0.688188
airplane 1 2120.677490 1249.072388 2242.716553 1298.694336 0.447051
skis 492 1461.495117 547.093140 1582.087769 586.589844 0.281263
person 451 934.252686 696.490723 970.289490 792.731506 0.436863
person 456 893.200317 723.714844 930.823120 829.473572 0.582669
airplane 467 2154.992432 678.321716 2271.314941 709.525879 0.944125
airplane 466 2186.751953 524.053101 2406.106445 619.818604 0.711659
kite 478 1540.020752 784.102783 1572.733765 801.567017 0.904783
bench 477 893.940002 727.627136 983.521484 830.164185 0.483961
chair 469 2159.765625 466.840118 2265.133301 525.612366 0.714429
airplane 490 1578.793701 852.416138 1648.203491 885.827881 0.857078
