13518359375
frisbee 38 2006.709839 1176.769531 2076.962646 1216.871948 0.437205
airplane 58 2190.579590 523.405273 2403.638916 619.101074 0.257550
airplane 57 2150.092041 678.782959 2265.183594 707.997070 0.482343
airplane 1 2121.221680 1248.822632 2242.726318 1298.716064 0.545100
car 62 1579.220337 580.359619 1663.861206 683.192017 0.834027
person 48 1852.595093 466.746613 1872.795288 498.529022 0.543654
person 41 2022.115845 466.138306 2046.467651 543.666809 0.715435
traffic light 59 770.692749 568.926331 795.854492 595.069519 0.335007
car 47 1439.521362 580.183411 1583.019165 698.025696 0.709029
person 11 1043.211792 558.644836 1072.913574 627.459045 0.367469
person 7 905.103699 613.219666 941.517944 700.435608 0.859474
chair 61 2166.439453 467.569885 2258.436768 525.304321 0.740707
person 63 2013.316284 466.741577 2046.184814 540.367371 0.282000
airplane 49 1578.979248 849.709839 1648.031372 888.095947 0.749488
bicycle 64 1047.443726 583.532227 1073.328979 642.356628 0.850547
traffic light 18 769.935547 563.344910 813.639954 597.250061 0.600876
person 45 2022.442993 463.408447 2041.736206 516.233765 0.421903
