137179361979
airplane 466 2101.531738 523.386658 2405.961914 617.723572 0.260201
airplane 467 2153.525879 678.152893 2269.123779 709.753967 0.414314
airplane 1 2118.816162 1249.197510 2241.718994 1298.727295 0.630404
kite 478 1540.067017 784.263184 1573.137451 801.442566 0.302754
bench 477 910.948059 718.789551 986.869873 818.802063 0.343757
person 451 933.301514 696.106384 971.395996 813.851074 0.644981
frisbee 179 2006.628418 1176.878784 2076.572266 1216.999512 0.923974
chair 469 2159.287109 466.493073 2264.654785 525.265320 0.716541
person 456 897.453613 718.599304 928.094116 823.832397 0.614837
airplane 490 1579.270020 852.077026 1648.679810 885.488770 0.803238
