137246354166
airplane 466 2098.055176 524.062317 2405.560059 618.403503 0.256291
airplane 467 2153.483154 678.125305 2269.070068 709.748291 0.418088
airplane 1 2118.736816 1249.202393 2241.696289 1298.730347 0.621765
kite 478 1540.038452 784.267883 1573.132690 801.432556 0.289952
person 451 933.596375 696.505920 971.690857 814.250610 0.584372
bench 477 909.610046 718.422180 985.531860 818.434692 0.411930
frisbee 179 2006.589111 1176.909790 2076.532959 1217.030518 0.922349
chair 469 2159.221191 466.498627 2264.588867 525.270874 0.707847
person 456 898.185608 717.503296 928.826111 822.736450 0.601126
airplane 490 1579.561035 851.924927 1648.970825 885.336670 0.767256
