137346354166
airplane 466 2096.611816 525.474976 2404.808350 619.764343 0.263509
airplane 467 2153.482178 678.105774 2269.062988 709.738098 0.416368
airplane 1 2118.689209 1249.190674 2241.715576 1298.729736 0.635739
kite 478 1540.023071 784.274780 1573.127441 801.430481 0.287967
person 451 932.672913 698.260376 976.502747 813.925720 0.427262
bench 477 904.864319 721.532959 980.786133 821.545471 0.550828
frisbee 179 2006.559692 1176.932861 2076.503662 1217.053589 0.915889
chair 469 2159.030273 466.480896 2264.397949 525.253113 0.695505
person 456 897.458496 716.324463 928.098999 821.557617 0.626141
airplane 490 1579.733398 851.836060 1649.143188 885.247803 0.800331
