137479361979
frisbee 179 2006.663330 1176.790039 2077.274170 1216.998047 0.293577
airplane 467 2153.124268 679.341736 2268.916748 709.291321 0.282441
airplane 466 2183.183838 523.267334 2407.774170 615.252258 0.314083
airplane 1 2121.313721 1249.421265 2242.666992 1298.701782 0.469501
person 456 893.829712 713.652954 926.234680 817.011353 0.375308
person 451 931.747437 692.542175 970.827209 810.285461 0.764217
chair 469 2162.361328 466.975494 2261.646973 525.182495 0.719782
cup 493 1464.299194 1062.817383 1538.754272 1177.315674 1.000000
kite 478 1539.733032 784.382690 1572.680786 801.303650 0.889226
airplane 490 1579.696655 851.706848 1649.106445 885.118652 0.832084
bench 477 897.385254 717.331665 982.438232 818.874634 0.479180
