137645312500
frisbee 179 2006.651245 1176.794678 2077.326172 1217.015869 0.281670
airplane 467 2153.125977 679.484375 2268.953369 709.267700 0.303494
airplane 466 2191.429688 522.524597 2404.260498 614.370728 0.315653
airplane 1 2121.666504 1249.428223 2242.732910 1298.671997 0.472216
cup 493 1464.317017 1062.837891 1538.920654 1177.329712 0.298051
person 456 893.821533 710.376526 925.048950 814.633240 0.656979
person 451 930.264282 687.953674 969.927185 804.192810 0.726554
kite 478 1539.502930 784.336548 1572.450684 801.257507 0.870229
airplane 490 1579.671265 851.697449 1649.081055 885.109253 0.822900
bench 477 897.264954 716.187500 982.317932 817.730469 0.461471
