137779361979
airplane 490 1578.412842 855.525696 1647.890503 885.536133 0.252305
airplane 467 2153.196289 678.724915 2269.187744 709.263062 0.290515
airplane 466 2123.442383 521.987122 2408.827148 617.427368 0.317422
airplane 1 2121.371094 1249.312500 2242.547607 1298.671143 0.488045
kite 478 1540.043335 784.042297 1572.768677 801.142090 0.388123
person 456 892.775696 709.324158 925.486694 812.785339 0.609044
person 451 930.005676 685.617371 970.085327 800.436890 0.710292
bench 477 895.960938 716.581238 981.013916 818.124207 0.448627
frisbee 179 2006.334473 1176.856323 2077.014404 1217.097900 0.912153
