137812304687
airplane 490 1578.121826 856.340698 1647.555664 885.572205 0.281464
airplane 467 2153.157471 678.613037 2269.159180 709.252441 0.294098
airplane 466 2111.615479 521.894348 2406.453125 617.759094 0.319798
airplane 1 2121.344727 1249.308960 2242.518555 1298.673950 0.486704
kite 478 1540.057861 784.018372 1572.770630 801.145630 0.381308
person 456 892.495361 709.581543 925.427002 812.405884 0.570169
person 451 930.071533 685.636841 968.655945 799.886169 0.594615
bench 477 895.740967 717.408508 980.793945 818.951477 0.449778
frisbee 179 2006.252930 1176.865967 2076.932861 1217.107544 0.934366
