138112304687
frisbee 179 2006.911377 1176.539429 2076.873779 1216.778198 0.470782
airplane 467 2153.827148 679.301270 2269.103760 708.694092 0.534760
airplane 1 2119.868164 1249.529663 2242.557373 1298.675293 0.597399
person 456 891.722046 705.056885 925.021912 810.252319 0.708685
person 451 931.517029 684.714783 966.773376 798.933716 0.777882
person 494 1841.640869 467.116272 1862.127808 493.708893 0.874507
airplane 466 2102.019287 527.436279 2407.967285 623.981873 0.474240
kite 478 1539.926758 784.058411 1572.618652 801.223877 0.813854
bench 477 893.888062 717.608154 981.402100 810.331421 0.468807
