138145312500
frisbee 179 2006.962402 1176.524658 2076.854736 1216.768799 0.476558
airplane 467 2153.779297 679.403931 2268.985107 708.943115 0.540276
airplane 1 2119.794189 1249.550659 2242.580322 1298.671631 0.596865
person 494 1842.966797 467.146271 1864.932983 493.968689 0.461566
person 456 891.548706 704.424805 925.204041 809.462219 0.720552
person 451 931.665771 683.294922 967.219482 797.064575 0.787548
airplane 466 2100.999023 527.939453 2406.947021 624.485046 0.398412
kite 478 1539.902588 784.092041 1572.594482 801.257507 0.823931
bench 477 893.349304 715.886292 980.863342 808.609558 0.486543
