138311328125
frisbee 179 2007.055176 1176.513916 2076.906738 1216.742798 0.442651
airplane 467 2153.723389 679.462524 2268.806641 709.299377 0.546948
airplane 1 2119.560059 1249.601196 2242.515869 1298.672974 0.608208
person 456 893.035706 703.287659 923.273621 807.439697 0.298295
person 451 929.884277 680.157654 965.144165 795.121582 0.785923
airplane 466 2096.258057 528.701965 2402.206055 625.247559 0.424632
kite 478 1539.980347 784.168213 1572.672241 801.333679 0.849186
bench 477 893.537842 710.937012 981.051880 803.660278 0.476957
person 494 1841.507935 466.912354 1863.474121 493.734772 0.652554
