138678320312
airplane 467 2154.295898 679.683167 2269.204590 709.205566 0.272870
airplane 1 2120.794922 1249.116821 2242.676025 1298.689087 0.584860
person 456 893.265991 697.461670 924.342957 799.688293 0.554259
person 451 925.752441 676.405396 963.303101 790.803894 0.850164
airplane 466 2092.527588 530.166565 2398.475342 626.712158 0.443324
kite 478 1539.663696 784.161316 1572.355591 801.326782 0.922665
frisbee 179 2006.590942 1176.873169 2076.442139 1217.099243 0.961730
bench 477 892.688965 708.824524 980.203003 801.547791 0.488279
person 494 1840.743164 466.495636 1862.709351 493.318054 0.588500
