138811328125
frisbee 179 2006.946655 1176.541992 2077.131348 1217.041138 0.391119
airplane 466 2177.297607 522.394409 2409.194092 616.600037 0.278772
airplane 1 2120.373779 1249.171875 2241.706055 1298.681152 0.458791
airplane 467 2153.363525 679.354980 2268.899902 709.887817 0.475781
person 494 1837.319580 467.003235 1861.960938 496.636719 0.347274
kite 478 1540.360840 784.022278 1572.711304 801.315430 0.422939
bench 477 891.150391 706.049622 978.741272 797.658936 0.259111
person 456 893.442261 696.820068 925.895935 797.087402 0.483135
person 451 924.724243 674.797729 961.889343 790.393860 0.782276
