138844335937
frisbee 179 2006.946045 1176.549438 2077.155273 1217.065674 0.396359
airplane 466 2181.927734 522.003784 2410.006836 616.095825 0.284671
airplane 467 2153.295166 679.347046 2268.880371 709.924438 0.469292
airplane 1 2120.342773 1249.187256 2241.641357 1298.685547 0.474309
kite 478 1540.377319 784.023193 1572.710449 801.311035 0.384883
person 456 892.911682 696.817383 926.262390 796.870544 0.382729
person 451 924.708618 674.737732 961.343628 790.580933 0.751636
person 494 1837.069092 467.193115 1861.710449 496.826599 0.388924
bench 477 890.879150 705.401306 978.470032 797.010620 0.571111
