138877343750
frisbee 179 2006.940674 1176.561768 2077.171387 1217.085449 0.343340
airplane 466 2184.364502 521.791504 2410.111084 615.783936 0.280163
airplane 467 2153.255859 679.310181 2268.876709 709.934692 0.469369
airplane 1 2120.329102 1249.187744 2241.606201 1298.687866 0.483634
kite 478 1540.383911 784.025574 1572.709961 801.306946 0.373212
person 456 892.413391 696.533813 925.954773 796.812500 0.386396
person 451 924.790100 674.467468 961.659607 790.841614 0.542019
person 494 1838.135376 466.701294 1862.776733 496.334778 0.486821
bench 477 890.619751 704.548035 978.210632 796.157349 0.553412
