138977343750
frisbee 179 2006.938354 1176.557007 2077.192871 1217.102295 0.375982
airplane 466 2187.193359 521.537292 2409.595947 615.433105 0.279927
airplane 1 2120.319824 1249.232788 2241.521240 1298.710449 0.443628
airplane 467 2153.307129 679.169434 2269.182373 709.948853 0.471800
kite 478 1540.392456 784.026245 1572.702393 801.300537 0.379915
person 456 894.135254 695.095947 925.221130 795.189270 0.281324
person 451 924.286804 674.197388 961.197266 790.564697 0.736883
person 494 1838.111328 466.291260 1862.550659 497.023895 0.421785
bench 477 891.021973 701.849609 977.916443 795.146484 0.546194
