139077343750
airplane 466 2182.376465 521.750000 2407.220215 616.739075 0.258016
airplane 467 2153.396973 679.137451 2269.190430 709.865234 0.387511
airplane 1 2120.616699 1249.331909 2242.309570 1298.707764 0.526628
person 494 1841.333496 466.745941 1861.639771 498.183624 0.366250
bench 477 891.637939 702.343750 978.522949 792.549255 0.466424
person 456 893.701233 691.854614 926.131531 792.327087 0.437850
person 451 923.856812 674.683594 960.177673 790.035583 0.728989
frisbee 179 2006.785645 1176.717041 2077.039551 1217.282349 0.972452
kite 478 1540.194702 784.047119 1572.504028 801.322998 0.849765
