139244335937
airplane 467 2153.556152 679.231689 2268.938965 709.807251 0.367376
airplane 1 2120.690186 1249.297729 2242.605713 1298.664551 0.508197
person 456 893.203552 689.561279 924.565125 791.534180 0.622543
person 451 924.692810 671.973206 960.478882 784.378418 0.752041
airplane 466 2178.945312 522.460388 2405.439697 618.018860 0.689962
person 495 1830.143555 467.020935 1853.310303 504.295776 1.000000
person 494 1848.543945 467.028900 1864.481201 498.705109 0.363081
frisbee 179 2006.796509 1176.907104 2077.050293 1217.472412 0.986700
kite 478 1540.064453 784.111816 1572.373779 801.387695 0.861317
