139277343750
airplane 466 2176.720703 522.951904 2404.106445 618.852600 0.258617
airplane 467 2153.601318 679.205994 2269.141846 709.796204 0.384991
airplane 1 2120.697754 1249.318115 2242.588867 1298.666870 0.504490
person 456 893.212036 689.518066 925.055359 791.467651 0.648027
person 451 924.778625 670.967590 961.408569 783.802856 0.764323
person 495 1829.937134 467.123901 1852.780396 505.022186 0.853722
person 494 1849.036133 467.140350 1864.973389 498.816559 0.370700
frisbee 179 2006.786743 1176.922363 2077.040527 1217.487671 0.988527
kite 478 1540.099365 784.120911 1572.408691 801.396790 0.859316
