13784309895
frisbee 38 2006.500122 1176.555298 2076.932373 1217.269653 0.420910
airplane 57 2153.540771 678.649048 2269.080078 709.836975 0.461125
airplane 1 2121.105957 1249.221313 2242.464355 1298.722534 0.531960
car 62 1580.210083 561.995728 1679.866699 682.898315 0.761954
person 48 1845.335083 466.920563 1867.016479 497.981476 0.487499
traffic light 59 770.535767 568.850403 795.749451 594.911133 0.368380
car 47 1478.836426 589.835571 1583.819214 679.576416 0.584875
person 11 1043.630859 559.029663 1072.837524 626.716614 0.409076
person 7 903.259399 613.160889 940.580750 700.485413 0.866328
airplane 49 1579.188965 849.616272 1648.241089 888.002380 0.733410
person 63 2027.078491 467.307343 2074.689209 541.847046 0.544861
bicycle 64 1046.320435 583.173645 1072.205688 641.998047 0.830981
person 41 2030.320557 464.866241 2056.718506 541.030945 0.475762
traffic light 18 768.408447 564.030762 812.112854 597.935913 0.641398
airplane 58 2191.595703 523.603516 2403.324219 619.785522 0.693169
chair 61 2158.701172 470.188049 2258.209229 528.611633 0.453456
person 45 2034.996948 464.084625 2054.290283 516.909912 0.474794
