139743359375
airplane 467 2153.846680 678.739685 2269.668457 710.275635 0.456796
airplane 1 2120.535156 1249.466919 2242.024902 1298.764526 0.546666
person 495 1845.301880 467.747437 1868.906372 506.352814 0.344954
kite 478 1539.742798 784.080322 1573.010620 801.651611 0.259288
person 456 896.069275 683.627563 928.940979 760.544556 0.373107
person 451 925.543762 666.833191 959.147156 779.220764 0.765716
airplane 497 1577.940430 854.516846 1647.463623 885.793152 1.000093
cup 498 1463.840942 1062.998535 1538.930664 1177.079346 1.000000
frisbee 179 2006.614624 1176.717285 2076.704102 1216.620483 0.979720
