139810351562
airplane 497 1577.901001 854.540283 1647.434204 885.791321 0.301021
airplane 467 2153.849609 678.843872 2269.676025 710.317261 0.450513
airplane 1 2120.260742 1249.709595 2241.837891 1298.754150 0.560304
person 495 1847.441528 468.237762 1872.190430 506.989838 0.302807
cup 498 1464.196289 1062.983765 1539.289307 1177.052734 0.416662
kite 478 1539.643677 784.061584 1573.191162 801.718201 0.264049
person 456 895.959106 684.864197 928.376831 774.716858 0.660916
person 451 925.336487 665.346069 958.863831 775.559326 0.731138
frisbee 179 2006.489380 1176.813110 2076.578857 1216.716309 0.979298
