139910351562
airplane 497 1577.898071 854.680908 1647.427856 885.811707 0.323090
airplane 467 2153.841064 678.859680 2269.738770 710.331177 0.451363
airplane 1 2120.179932 1249.791748 2241.779297 1298.692261 0.535279
person 495 1849.302002 467.810181 1877.421387 507.622192 0.269062
cup 498 1464.005737 1063.013306 1539.158447 1177.033691 0.289625
kite 478 1539.518433 784.051392 1573.173096 801.737305 0.265626
motorcycle 499 1025.179810 548.403687 1053.927002 592.147400 0.554166
person 456 895.470764 684.475708 926.514526 780.621643 0.760046
person 451 924.507080 661.589417 959.314026 770.969543 0.817366
frisbee 179 2006.413330 1176.860840 2076.502930 1216.764038 0.978284
