139943359375
airplane 497 1577.891602 854.613892 1647.424683 885.811951 0.328667
airplane 467 2153.824219 678.840088 2269.692139 710.333252 0.440555
airplane 1 2120.176758 1249.800903 2241.777100 1298.680420 0.540793
person 495 1848.707886 467.483429 1878.478882 507.679596 0.374695
cup 498 1464.003540 1063.017944 1539.162720 1177.030273 0.299335
kite 478 1539.551025 784.054016 1573.194214 801.747864 0.275963
motorcycle 499 1027.051392 550.197327 1056.035400 593.562012 0.663106
person 456 895.498291 684.036255 926.076599 781.019470 0.749966
person 451 924.024414 661.429565 959.779968 770.312622 0.807175
frisbee 179 2006.409546 1176.870239 2076.499023 1216.773438 0.972588
