140009309895
airplane 497 1577.905884 854.684631 1647.443604 885.814941 0.311932
airplane 467 2153.804443 678.865112 2269.633789 710.345154 0.450035
airplane 1 2120.167969 1249.814697 2241.761475 1298.670410 0.503351
person 495 1848.199707 467.778534 1879.146362 507.747284 0.382531
cup 498 1463.977661 1063.024170 1539.120361 1177.012817 0.312309
kite 478 1539.551636 784.040710 1573.240356 801.744934 0.256485
motorcycle 499 1029.761230 548.675232 1059.673584 594.469666 0.293315
person 456 895.237305 682.258728 925.064575 777.733704 0.684922
person 451 923.635437 661.063049 960.661987 768.320007 0.810197
frisbee 179 2006.416748 1176.876831 2076.506348 1216.780029 0.970929
