140043359375
frisbee 179 2006.746704 1176.693970 2076.627686 1216.758179 0.590705
airplane 1 2120.495605 1249.556152 2242.055908 1298.688965 0.396100
airplane 467 2153.564453 678.690979 2269.159668 710.191772 0.513344
person 495 1848.739990 467.942169 1877.362915 507.530792 0.398841
motorcycle 499 1032.763062 549.791260 1061.668823 596.096619 0.377269
person 456 895.829102 681.254883 925.354919 777.231567 0.717549
person 451 923.671509 660.479736 960.714294 767.489868 0.774785
person 500 1923.104004 467.037415 1943.710938 503.186646 1.000000
airplane 497 1577.770996 854.650513 1647.308716 885.780823 0.937540
kite 478 1539.547974 784.063416 1573.236694 801.767639 0.909641
