140309309895
chair 501 2153.009033 467.206329 2261.696533 525.715454 0.264592
frisbee 179 2007.011230 1176.584473 2076.665039 1216.816284 0.557598
airplane 1 2120.946289 1249.217041 2242.404053 1298.728027 0.351334
airplane 467 2153.514648 678.269897 2269.113770 709.941833 0.519105
motorcycle 499 1040.110962 551.515503 1075.583252 603.103394 0.331144
person 456 896.221985 678.566223 926.364441 775.654541 0.690140
person 451 927.105530 660.240784 961.273560 768.010132 0.770681
person 500 1924.321655 467.181305 1943.185547 503.472870 0.380263
airplane 497 1576.769775 855.463623 1646.307495 886.593933 0.919733
kite 478 1539.312622 784.116577 1573.001343 801.820801 0.901387
