140342317708
chair 501 2153.088379 467.203217 2261.762695 525.696289 0.255027
frisbee 179 2007.002808 1176.583374 2076.686523 1216.842651 0.536649
airplane 1 2120.959473 1249.223389 2242.396973 1298.726685 0.367364
airplane 467 2153.496582 678.252441 2269.181885 709.934570 0.511178
person 500 1927.112061 467.123627 1945.446045 503.423523 0.261335
motorcycle 499 1040.624878 552.735962 1077.189941 604.797913 0.647724
person 456 896.553040 678.262329 926.035156 775.745972 0.648692
person 451 927.683167 659.477661 961.604187 768.051392 0.784897
airplane 497 1576.588257 855.681274 1646.125977 886.811584 0.898252
person 502 1170.043213 1367.137695 1203.842163 1378.775513 1.000000
kite 478 1539.278076 784.123779 1572.966797 801.828003 0.870242
