140409309895
frisbee 179 2006.856812 1176.635620 2077.095215 1217.054932 0.320010
airplane 497 1577.682617 850.175598 1646.704590 886.910339 0.357954
airplane 467 2153.476807 678.734497 2269.144043 709.594727 0.402722
airplane 1 2121.094482 1249.358521 2242.889648 1298.710571 0.603565
person 500 1929.821045 467.105377 1950.531128 503.170502 0.595533
motorcycle 499 1044.114136 552.222473 1080.135376 604.962891 0.499550
person 502 1161.197998 1361.523438 1198.731934 1377.638428 0.520193
person 456 897.703796 678.495850 926.349792 773.401062 0.620547
person 451 928.800415 658.305481 960.978394 766.781555 0.799110
kite 478 1539.295044 784.075012 1572.983765 801.779236 0.885577
chair 501 2152.275635 467.025177 2260.949951 525.518250 0.859735
