140576302083
frisbee 179 2006.744141 1176.675293 2077.265625 1217.155640 0.410974
airplane 467 2153.272461 678.906494 2269.350342 709.547485 0.357177
airplane 497 1578.098755 848.442017 1646.879028 887.553528 0.368885
airplane 1 2121.224854 1249.426514 2243.148193 1298.694458 0.573568
person 500 1931.301270 467.304504 1956.787354 504.165588 0.439943
motorcycle 499 1051.756348 555.279724 1088.159912 609.738953 0.637813
person 456 896.518005 676.424988 928.688538 770.892700 0.707040
person 502 1147.046875 1335.759888 1195.461670 1373.444946 0.740929
person 451 929.926514 654.244263 962.203491 763.653015 0.802987
boat 503 1601.279053 822.163147 1636.212646 841.197144 1.000504
kite 478 1539.236450 784.018372 1572.925171 801.722595 0.894919
chair 501 2147.316650 467.147583 2255.990967 525.640686 0.413938
