140775325520
frisbee 179 2006.953369 1176.635498 2077.031250 1217.281250 0.290526
airplane 497 1578.354614 848.547546 1647.330078 887.428528 0.306319
airplane 1 2120.572754 1249.172119 2242.640869 1298.705688 0.482956
airplane 467 2153.006592 678.319580 2268.932861 709.712952 0.574175
person 500 1940.684692 467.424133 1962.717041 505.065735 0.578655
kite 478 1539.904907 784.280579 1572.770508 801.614319 0.341115
person 456 895.966309 673.670837 927.994202 767.395081 0.497230
person 451 930.099121 655.493652 962.659424 760.378418 0.778921
person 502 1118.884766 1316.028320 1206.268677 1376.931274 0.870671
motorcycle 499 1060.454102 561.398071 1096.796753 617.096130 0.555088
chair 501 2141.321289 471.172241 2249.995605 529.665344 0.672470
