140908333333
frisbee 179 2007.013794 1176.633057 2076.969482 1217.249268 0.316911
airplane 497 1578.277832 848.451782 1647.321777 887.357666 0.302642
airplane 1 2120.472656 1249.199097 2242.502930 1298.726318 0.463906
airplane 467 2153.034668 678.227112 2268.866699 709.731567 0.565661
person 500 1945.628784 467.267914 1972.128906 505.193237 0.707848
kite 478 1539.949097 784.268738 1572.653809 801.512878 0.342979
motorcycle 499 1066.613525 564.082642 1103.273071 620.271851 0.815912
person 456 894.963623 673.575684 926.793823 766.670959 0.746064
person 451 929.278137 654.047058 962.577759 759.507080 0.825133
person 502 1105.976440 1303.586548 1200.385132 1376.425903 0.891295
person 504 1067.268799 547.181396 1103.209717 600.216614 1.000000
chair 501 2145.810059 472.826294 2254.484375 531.319397 0.563354
