141142317708
frisbee 179 2007.114258 1176.826660 2077.091309 1216.775513 0.255405
airplane 467 2153.658936 677.848083 2268.930908 709.762268 0.390347
airplane 1 2121.640137 1249.292236 2242.659912 1298.642090 0.471372
person 500 1950.994995 467.563538 1975.975220 505.593170 0.287986
motorcycle 499 1077.302368 568.258911 1114.952393 627.089722 0.536493
person 504 1076.211914 553.477539 1113.095947 614.912781 0.267923
person 456 892.636292 670.066345 924.742004 762.922119 0.728445
person 451 927.618286 649.914917 962.199036 757.472900 0.820106
person 502 1090.667603 1270.803833 1177.353149 1374.700928 0.902122
airplane 497 1578.079346 850.694946 1647.357300 886.825073 0.830348
kite 478 1539.978760 784.267090 1572.654297 801.511719 0.881804
chair 501 2154.985107 470.638763 2263.659424 529.131836 0.714444
