141275325520
airplane 467 2153.660645 678.091614 2269.163818 709.787231 0.408365
airplane 1 2121.622803 1249.265625 2242.674561 1298.646362 0.472700
person 505 1918.755127 467.428345 1936.390625 507.325104 0.563715
backpack 506 1093.796265 1297.051025 1162.150146 1377.666138 0.559758
motorcycle 499 1084.870361 574.077515 1120.615967 632.073181 0.606341
person 504 1082.444580 556.714722 1120.421143 623.988464 0.478483
person 456 893.761047 669.480713 924.355347 761.110474 0.728377
person 451 928.263000 649.743286 962.172119 757.310181 0.814757
person 502 1081.561768 1262.379150 1165.787598 1375.556152 0.886542
airplane 497 1577.621948 852.111633 1647.097778 886.050964 0.846969
frisbee 179 2007.066772 1176.849365 2077.057617 1216.803955 1.025643
kite 478 1539.915161 784.281372 1572.590698 801.526001 0.909303
chair 501 2152.922363 470.358398 2261.596680 528.851501 0.744454
person 500 1954.512695 468.354004 1979.492920 506.383636 0.332911
