13950325520
airplane 65 1913.027588 788.130981 2409.702637 1066.044189 0.318793
airplane 49 1578.418701 847.978149 1647.054199 886.863953 0.328284
airplane 1 2120.093018 1249.646729 2241.916504 1298.724976 0.412089
airplane 57 2153.418945 678.317993 2269.428223 708.508789 0.507252
person 48 1838.153442 466.841125 1863.118896 497.650879 0.310604
person 63 2034.866455 467.021179 2076.172607 541.030518 0.676030
car 47 1498.152710 559.587463 1585.058472 670.140259 0.766547
bicycle 64 1050.283691 585.226013 1074.010498 639.101257 0.321239
person 11 1043.641113 558.197266 1072.814331 626.030151 0.585870
person 7 902.763550 613.586609 942.299561 700.621704 0.867397
person 41 2041.561646 465.926636 2067.959717 542.091370 0.461054
traffic light 18 768.147461 564.258789 811.851868 598.163940 0.654559
car 62 1587.734863 559.366577 1688.602051 679.544373 0.423959
traffic light 59 770.809021 568.796265 796.044678 594.901062 0.919377
airplane 58 2187.960938 524.138123 2399.689697 620.320190 0.645853
chair 61 2160.506348 471.368988 2260.014404 529.792542 0.647725
frisbee 38 2006.364380 1176.830078 2076.801270 1217.546875 0.935717
person 45 2046.488403 464.325989 2065.781738 517.151245 0.612772
