141341341145
frisbee 179 2007.110596 1176.841309 2077.085938 1216.778931 0.287724
airplane 467 2153.642822 678.044556 2268.904297 709.796387 0.389192
airplane 1 2121.607422 1249.285645 2242.702148 1298.650146 0.405132
person 505 1919.761230 467.540833 1940.197388 507.616852 0.651021
motorcycle 499 1085.677612 573.690918 1124.473633 634.306274 0.433517
person 504 1085.375488 557.328064 1122.247925 629.081848 0.307018
person 456 892.538635 669.274353 923.787842 760.547363 0.756403
person 451 929.223389 649.886047 962.835693 755.733643 0.804188
person 502 1074.573486 1257.546753 1158.119385 1375.139160 0.914175
airplane 497 1577.501831 852.312744 1647.006226 885.764526 0.858793
backpack 506 1090.960938 1294.749146 1159.314819 1375.364258 0.498792
kite 478 1539.892456 784.280090 1572.567993 801.524719 0.908389
chair 501 2150.222168 470.752838 2258.896484 529.245911 0.654945
person 500 1956.373779 468.574005 1981.354004 506.603638 0.383050
