141408333333
airplane 467 2154.064209 679.963623 2268.773682 710.071716 0.330172
airplane 497 1577.969849 855.998535 1647.551392 885.578613 0.341351
airplane 1 2120.683105 1249.334839 2242.039551 1298.691406 0.384646
person 505 1920.499268 467.730560 1942.410645 508.610443 0.695682
backpack 506 1081.206543 1285.139771 1146.918091 1374.977539 0.371160
motorcycle 499 1088.215698 576.235596 1126.674072 637.090515 0.366519
person 504 1088.082886 561.108887 1130.971924 634.220703 0.448882
person 456 891.402771 668.847168 922.460693 760.091919 0.800138
person 451 930.138428 649.727234 966.546570 755.511414 0.830223
person 502 1067.630127 1249.276001 1149.219971 1374.188965 0.890074
airplane 507 1578.135132 847.804871 1623.803711 872.851318 1.000322
kite 478 1539.629639 784.192993 1572.305176 801.437622 0.872081
frisbee 179 2007.017212 1176.967529 2076.992676 1216.905151 0.973623
chair 501 2150.838135 475.208832 2259.512451 533.701904 0.504425
person 500 1958.234741 468.794037 1983.214966 506.823669 0.271318
