141541341145
airplane 507 1578.140503 847.833069 1623.847656 872.879211 0.285966
airplane 467 2151.048584 679.789490 2265.770996 709.039001 0.305498
airplane 497 1578.094238 857.206421 1647.733521 885.104797 0.349139
airplane 1 2120.337891 1249.359375 2241.847900 1298.716675 0.375275
person 505 1928.351685 467.611145 1945.419678 509.132446 0.531653
backpack 506 1065.979126 1263.349854 1133.568115 1360.767212 0.615667
motorcycle 499 1092.014648 580.462341 1132.190186 641.497559 0.472747
person 504 1094.417969 565.039673 1136.202271 641.119385 0.323272
person 456 891.932556 668.529785 922.052673 761.647766 0.757423
person 451 930.709412 647.738281 968.321289 750.090149 0.826416
person 502 1054.740845 1229.301880 1137.686157 1372.370361 0.922463
kite 478 1539.548218 784.145325 1572.223755 801.389954 0.875898
frisbee 179 2006.727173 1177.096802 2076.702637 1217.034424 0.977203
chair 501 2150.995117 472.289978 2259.669434 530.783081 0.669176
person 500 1961.956909 469.234070 1986.937134 507.263702 0.266693
