141574348958
airplane 507 1578.133667 847.824036 1623.862427 872.864075 0.287376
airplane 467 2152.843018 680.308350 2267.410645 709.475464 0.313801
airplane 497 1577.887451 857.345459 1647.529907 885.126953 0.339724
airplane 1 2120.327881 1249.354126 2241.859375 1298.712769 0.380983
person 505 1930.017578 467.710663 1947.232300 510.177734 0.334519
backpack 506 1060.914795 1260.388306 1129.257690 1359.293701 0.629527
motorcycle 499 1094.226685 582.466187 1133.562866 642.721680 0.447858
person 456 892.121765 667.650818 922.615845 759.051758 0.741714
person 451 930.806946 647.513184 968.568359 749.641602 0.812560
person 502 1050.841187 1225.276367 1138.719238 1372.294922 0.915106
person 504 1095.988892 566.556946 1137.773193 642.636658 0.399028
kite 478 1539.542969 784.144836 1572.218506 801.389465 0.875943
frisbee 179 2006.672485 1177.124023 2076.647949 1217.061646 0.963574
chair 501 2149.549805 471.868713 2258.224121 530.361816 0.688827
person 500 1962.887329 469.344086 1987.867554 507.373718 0.265819
