141807356770
potted plant 509 1708.821411 467.549927 1730.315552 499.158783 0.294762
frisbee 179 2007.176514 1176.792725 2076.827637 1216.800903 0.425765
airplane 510 1577.957031 831.067017 2210.734863 1295.333008 0.253054
airplane 467 2153.499512 678.247620 2268.962646 710.154602 0.330359
airplane 1 2119.862793 1249.415649 2242.501465 1298.698242 0.462230
person 508 1919.080200 467.424408 1940.973877 515.254883 0.331583
person 505 1937.536499 468.525085 1962.798462 509.338959 0.439425
kite 478 1539.818848 784.890747 1572.746460 801.479797 0.437631
backpack 506 1050.986572 1244.951416 1108.562378 1339.687866 0.703673
motorcycle 499 1104.518921 586.886047 1144.648926 652.035034 0.628169
person 504 1105.213013 571.290527 1143.430176 641.721863 0.275353
person 456 891.620789 663.218750 921.518860 755.666504 0.699183
person 451 930.898010 643.793701 966.389648 745.236633 0.730601
person 502 1022.438660 1212.417847 1143.805664 1376.438110 0.919055
chair 501 2150.919189 470.643982 2259.593506 529.137085 0.574520
person 500 1969.401001 470.114136 1994.381226 508.143768 0.337882
airplane 497 1576.712280 857.135376 1646.365479 884.797363 0.927953
airplane 507 1578.055054 848.028076 1623.764404 873.051575 0.898602
