141941341145
potted plant 509 1708.801636 467.571014 1730.369263 499.158936 0.287499
frisbee 179 2007.207031 1176.773438 2076.801025 1216.853638 0.436132
airplane 510 1578.057129 830.156128 2211.050049 1295.532349 0.263697
airplane 467 2153.596924 677.918274 2269.472168 710.119751 0.348646
airplane 1 2120.401123 1249.521118 2242.478760 1298.714600 0.448684
person 508 1922.306274 467.237213 1942.822388 515.599304 0.444267
person 505 1941.095703 467.733337 1967.511719 511.165466 0.549055
kite 478 1539.818359 784.976196 1572.760986 801.466675 0.449156
backpack 506 1033.596191 1229.049072 1093.903564 1327.488403 0.361069
motorcycle 499 1113.145142 594.733704 1150.456543 657.023315 0.325237
person 504 1110.711182 575.597717 1151.466187 654.640076 0.270195
person 456 890.962708 663.432068 920.897278 754.478699 0.692182
person 451 930.894470 643.787964 966.676636 745.478088 0.768537
person 502 1009.549683 1197.757935 1119.507690 1375.237671 0.921857
chair 501 2148.770996 471.227539 2257.445312 529.720642 0.670354
person 500 1973.123047 470.554169 1998.103271 508.583801 0.371330
airplane 497 1576.526611 857.023499 1646.179810 884.685486 0.971575
airplane 507 1577.957886 848.097961 1623.667236 873.121460 0.901157
