142074348958
chair 501 2153.479736 469.232758 2257.981445 527.777588 0.371309
frisbee 179 2007.061646 1176.734741 2077.165771 1217.040771 0.677544
airplane 467 2153.555664 678.569275 2269.079346 709.584839 0.488783
airplane 1 2121.171387 1249.134888 2242.669678 1298.668335 0.514543
person 505 1946.721436 467.843292 1968.001709 511.502441 0.486784
person 508 1923.612183 467.376160 1947.533081 516.152832 0.580097
person 504 1117.291016 577.865784 1159.350464 657.476196 0.268418
person 456 888.552612 663.466125 919.451660 755.095215 0.772141
person 451 931.547607 642.306213 967.318176 742.363708 0.813033
person 502 994.698547 1185.905518 1095.483643 1375.260864 0.903425
motorcycle 499 1117.703979 594.876770 1161.677856 664.039795 0.462128
backpack 506 1026.046753 1219.989624 1086.354126 1318.428955 0.553907
person 500 1976.845215 470.994202 2001.825439 509.023834 0.345638
airplane 497 1576.517456 856.978699 1646.170654 884.640686 0.976808
kite 478 1539.703369 784.958252 1572.672241 801.476990 1.027183
airplane 510 1576.592285 832.459900 2208.815918 1297.211548 0.932608
airplane 507 1577.994507 848.208923 1623.703857 873.232422 0.913494
