142140364583
chair 501 2157.125000 467.759674 2260.439209 526.333252 0.375702
frisbee 179 2007.000488 1176.703247 2077.301514 1217.090820 0.674076
airplane 467 2153.510010 678.766235 2268.891357 709.367432 0.490803
airplane 1 2121.415039 1248.996460 2242.707275 1298.639160 0.508538
person 505 1950.854370 467.447754 1968.477295 510.554291 0.514696
person 508 1926.020508 467.723511 1954.122070 516.947388 0.569609
backpack 506 1017.807495 1216.588501 1074.395752 1310.724854 0.340586
motorcycle 499 1123.928345 604.117493 1162.746826 666.146118 0.427597
person 504 1121.216919 578.983948 1162.583740 658.420471 0.376617
person 456 886.985413 662.525085 919.070923 753.882507 0.663546
person 451 931.786743 641.432251 966.961365 740.573425 0.807548
person 502 987.454712 1183.957397 1092.142822 1375.660156 0.910159
person 500 1978.706299 471.214233 2003.686523 509.243866 0.397787
airplane 497 1576.551025 856.977478 1646.204224 884.639465 0.976437
kite 478 1539.598633 784.949524 1572.567505 801.468262 1.012522
airplane 510 1567.107056 843.964172 2199.330566 1308.715820 0.452834
airplane 507 1577.934204 848.207275 1623.643555 873.230774 0.906969
