142274348958
chair 501 2159.373779 467.189636 2262.044922 525.810791 0.389975
frisbee 179 2006.964233 1176.686523 2077.360840 1217.143555 0.657977
airplane 467 2153.682617 679.120728 2268.777832 709.198120 0.484569
airplane 1 2121.464111 1248.975464 2242.661865 1298.673706 0.512949
person 505 1953.806274 467.492035 1973.084839 512.354065 0.490072
person 508 1928.718628 467.994232 1960.395752 518.873291 0.663725
motorcycle 499 1131.764771 608.595215 1169.037598 668.126831 0.283652
person 504 1128.356445 585.961365 1169.897705 663.886841 0.475428
person 456 888.061646 659.980713 917.644287 751.591858 0.663532
person 451 931.841370 639.862183 967.002563 737.559448 0.792025
person 502 967.915588 1179.955933 1085.095215 1376.824951 0.919122
airplane 497 1576.591553 857.001770 1646.244751 884.663757 0.983893
kite 478 1539.423584 784.901245 1572.392456 801.419983 0.994036
backpack 506 1001.663330 1209.456543 1055.553223 1303.697021 0.448631
airplane 510 1721.981201 833.091125 2354.204834 1297.842773 0.643984
person 500 1998.115601 469.263550 2017.555786 512.128113 0.518955
airplane 507 1577.937134 848.211060 1623.646484 873.234558 0.911097
