142507356770
airplane 512 2187.839355 523.337708 2404.512207 618.464172 0.250013
airplane 497 1577.964600 849.272522 1646.644531 887.093750 0.300274
airplane 510 1556.173096 845.163086 2192.885742 1303.203735 0.315867
airplane 1 2119.519531 1249.577759 2241.569824 1298.705811 0.622289
person 508 1938.202393 467.242889 1966.826904 518.540039 0.595767
person 500 2005.323486 467.934174 2027.073730 514.098816 0.616772
kite 478 1539.269165 784.217407 1573.154785 801.387146 0.410625
person 504 1143.754150 591.595886 1187.481201 671.583801 0.484087
person 456 890.502930 659.348755 916.160400 751.286499 0.747545
person 451 932.619568 638.486511 966.091736 738.012817 0.810520
person 502 941.650513 1157.769775 1044.392090 1373.725342 0.899439
motorcycle 511 1146.708374 614.291260 1185.492798 675.542358 0.539116
backpack 506 960.059875 1191.417847 1020.037354 1284.291382 0.565091
airplane 467 2153.573975 679.773132 2268.995605 709.847168 0.930681
motorcycle 499 1112.135864 607.683838 1190.808350 676.735901 0.324890
airplane 507 1578.218384 848.014587 1623.927734 873.038086 0.926637
chair 501 2161.004883 467.217987 2263.584961 525.856445 0.505420
frisbee 179 2006.552002 1177.107544 2076.958252 1217.570190 0.907651
