142840364583
airplane 467 2153.429932 678.889282 2269.330322 709.284058 0.362405
airplane 1 2119.500000 1249.102295 2242.359619 1298.719238 0.503119
person 500 2011.988647 467.676788 2041.414673 515.869324 0.509906
person 508 1949.100220 467.376312 1976.358154 520.489685 0.544013
backpack 506 920.859741 1177.271606 978.709656 1267.306152 0.647321
motorcycle 499 1134.717041 608.020996 1206.875854 686.776855 0.582233
person 456 887.686035 655.150635 915.952332 746.226685 0.758885
person 451 934.079041 634.521667 969.689697 732.848083 0.781075
person 502 895.868164 1145.229004 1002.705994 1358.743408 0.912816
person 504 1161.071655 596.591553 1209.994385 680.019348 0.587974
motorcycle 511 1151.206787 615.888000 1210.587769 689.116211 0.397965
airplane 497 1578.597534 849.291443 1647.206787 887.844238 0.710899
airplane 507 1577.766968 848.296326 1623.476318 873.319824 0.917460
chair 501 2161.003174 467.649750 2263.583252 526.288208 0.517141
frisbee 179 2006.298584 1177.136963 2076.704834 1217.599609 0.906801
airplane 512 2188.120605 524.739685 2404.793457 619.866150 0.705707
kite 478 1539.091431 784.479126 1573.036499 801.678406 0.765183
