142906315104
airplane 467 2153.511230 678.891479 2269.561768 709.344360 0.360852
airplane 1 2119.494873 1249.096313 2242.393799 1298.746094 0.501441
person 508 1949.914795 467.479706 1977.441284 520.131531 0.587217
person 500 2014.143066 467.656281 2045.623535 516.643066 0.701732
backpack 506 907.215820 1170.335938 968.802551 1262.195312 0.353020
motorcycle 511 1153.777954 616.481201 1216.293213 691.857666 0.513979
person 504 1162.070190 600.028076 1215.651123 678.079346 0.256655
person 456 887.348572 654.893677 915.801941 744.715332 0.663756
person 451 934.239380 633.716248 969.528198 731.533386 0.761579
person 502 884.510559 1139.538086 985.634338 1349.188232 0.901924
airplane 497 1578.243530 849.532654 1646.852783 888.085449 0.712980
airplane 507 1577.482178 848.363342 1623.191528 873.386841 0.926289
chair 501 2161.029785 468.056610 2263.609863 526.695068 0.493110
frisbee 179 2006.271240 1177.127563 2076.677490 1217.590210 0.915927
airplane 512 2188.021973 524.653503 2404.694824 619.779968 0.718366
kite 478 1539.064575 784.506348 1573.009644 801.705627 0.792467
