1231315104
airplane 9 1578.337402 854.015686 1647.415527 888.378540 0.309322
airplane 2 2153.913818 679.212830 2269.810791 709.664307 0.398470
airplane 1 2119.180908 1249.491089 2241.811768 1298.691528 0.587178
person 4 2315.830322 485.937500 2345.619385 553.743469 0.554468
person 5 2125.882568 467.029694 2164.298096 533.692993 0.710408
kite 14 1540.092041 784.242981 1572.666870 801.042480 0.297706
motorcycle 10 1101.278564 679.538086 1193.857056 787.523132 0.459677
motorcycle 16 1027.994629 559.695129 1053.935913 612.098267 0.554437
person 8 1114.750000 670.202271 1164.471680 745.044312 0.266102
person 11 1027.021606 547.755676 1055.577759 596.862366 0.373816
person 7 848.004395 557.411133 868.431458 621.868042 0.734345
skis 15 1441.680420 542.360657 1561.022217 580.930603 0.676578
traffic light 18 771.174011 569.490723 795.560730 595.359924 0.973144
