14117317708
truck 66 1580.254639 551.282959 1691.769287 661.061951 0.823796
airplane 65 1902.690796 788.273560 2410.046875 1065.521484 0.323811
airplane 1 2120.043701 1249.893799 2241.949219 1298.700684 0.355382
airplane 49 1578.406006 847.980652 1647.094482 886.825806 0.371283
airplane 57 2153.484375 678.479858 2269.509521 709.719849 0.513542
person 48 1837.933838 466.841919 1857.282715 496.702850 0.310624
person 41 2051.877686 466.699860 2077.858398 541.392700 0.656512
car 47 1515.735229 558.816467 1584.938354 662.715454 0.695816
bicycle 64 1050.794800 585.529297 1074.157349 638.072937 0.269744
person 11 1043.623169 558.104126 1072.980225 626.261963 0.564443
person 7 902.301819 613.425049 941.994202 700.518433 0.853350
traffic light 18 768.092712 564.373840 811.797119 598.278992 0.668884
person 63 2041.628052 466.546234 2079.705078 540.622070 0.538948
car 62 1597.983643 555.335693 1698.850830 675.513428 0.365169
traffic light 59 771.010986 568.824341 796.246643 594.929138 0.897159
airplane 58 2185.976074 524.448975 2397.704834 620.630981 0.712396
chair 61 2162.187744 470.636993 2261.695801 529.060547 0.697603
frisbee 38 2006.586060 1176.967896 2077.022949 1217.684692 0.966759
person 45 2055.661621 463.688965 2074.954834 516.514282 0.559467
