142973307291
airplane 467 2153.488281 678.880981 2269.532471 709.374329 0.372454
airplane 1 2119.503174 1249.093994 2242.418701 1298.752319 0.508283
person 500 2015.669189 467.852692 2048.187012 517.648743 0.661391
backpack 506 906.304871 1169.901123 958.455627 1258.027344 0.606895
motorcycle 511 1167.284302 624.539001 1222.498657 693.929016 0.282676
person 456 887.244141 654.907532 915.768433 744.189209 0.659570
person 451 934.234802 633.855103 969.878479 730.575562 0.761043
person 502 874.445007 1136.811401 978.850708 1343.763672 0.910029
person 504 1170.240112 601.833069 1216.082642 676.636719 0.447943
airplane 497 1577.954712 849.633301 1646.563965 888.186096 0.733647
airplane 507 1577.273315 848.408264 1622.982666 873.431763 0.908130
chair 501 2161.220215 468.586426 2263.800293 527.224915 0.476317
frisbee 179 2006.280029 1177.132812 2076.686279 1217.595459 0.919156
airplane 512 2187.918945 524.662292 2404.591797 619.788757 0.730244
person 508 1950.348145 467.422943 1977.911255 519.920044 0.605327
kite 478 1539.036255 784.528931 1572.981323 801.728210 0.802078
