143039322916
chair 501 2156.830078 468.856781 2258.088379 527.261230 0.250881
airplane 497 1577.929199 848.535278 1646.665039 887.434326 0.257970
airplane 507 1577.609985 847.903015 1623.622437 873.088013 0.285849
airplane 467 2153.194824 679.003235 2269.233154 709.652466 0.302112
airplane 1 2119.512939 1249.232178 2242.193848 1298.756104 0.519995
person 500 2017.829102 467.825958 2049.099365 517.515503 0.692289
person 456 885.575806 654.932373 915.536926 744.335876 0.743764
person 451 935.109680 633.841309 969.807312 729.385925 0.766073
person 502 864.080627 1137.284912 976.544983 1342.528931 0.915808
backpack 506 897.838928 1168.697510 949.989685 1256.823730 0.507722
frisbee 179 2006.270386 1177.136108 2076.676758 1217.598755 0.896556
airplane 512 2188.165771 524.633850 2404.838623 619.760315 0.742948
person 508 1952.356689 467.600616 1979.919800 520.097717 0.359090
kite 478 1539.019897 784.496033 1572.964966 801.695312 0.858422
person 504 1176.228760 605.174622 1222.521118 681.200134 0.431485
