143140364583
chair 501 2157.868896 467.729095 2258.475586 526.037964 0.269712
airplane 497 1578.147827 847.863037 1646.992188 887.035522 0.255163
airplane 507 1577.941650 847.605835 1624.206055 872.927979 0.283271
airplane 467 2152.952637 679.049561 2269.188232 710.042603 0.316413
airplane 1 2119.523438 1249.304810 2241.978516 1298.730957 0.531512
person 500 2022.734009 467.739868 2050.731934 517.397156 0.301915
backpack 506 882.343018 1171.612915 931.728333 1251.152222 0.373797
person 456 883.836731 654.573669 916.051453 743.328918 0.733638
person 451 935.919312 634.110962 971.067200 731.994019 0.784132
person 502 846.156982 1140.150513 972.226074 1339.290527 0.925011
frisbee 179 2006.275757 1177.123901 2076.682129 1217.586548 0.895653
airplane 512 2188.934814 524.757202 2405.607422 619.883667 0.732611
person 508 1954.608765 467.242798 1982.171875 519.739929 0.391402
kite 478 1538.955566 784.466675 1572.900635 801.665955 0.820246
person 504 1181.809326 609.834412 1228.101685 685.859863 0.425743
