143206315104
chair 501 2158.312744 467.381805 2258.938721 525.676941 0.289196
airplane 497 1578.185059 847.666443 1647.051147 886.940063 0.251816
airplane 507 1578.003296 847.558044 1624.306885 872.881897 0.300254
airplane 467 2152.944824 678.945435 2269.307617 710.144348 0.308950
airplane 1 2119.572266 1249.356934 2241.941162 1298.718750 0.517915
person 500 2028.002930 467.764160 2054.329590 518.059204 0.648071
person 502 839.944702 1151.208984 955.156738 1329.495972 0.525269
person 456 883.405151 653.162109 915.588684 740.942810 0.720538
person 451 935.657166 632.684937 971.260132 728.298340 0.735646
frisbee 179 2006.239502 1177.130127 2076.645752 1217.592773 0.896503
airplane 512 2188.830811 524.998901 2405.503662 620.125366 0.685682
person 508 1956.166016 467.234833 1983.729126 519.731934 0.250925
kite 478 1538.922729 784.451050 1572.867798 801.650330 0.820983
person 504 1186.557129 611.961853 1232.849487 687.987366 0.421208
