143306315104
airplane 497 1578.184204 847.555603 1647.060791 886.905396 0.253097
airplane 507 1578.044434 847.523193 1624.352051 872.860229 0.294163
airplane 467 2152.884521 678.743835 2269.479980 710.148499 0.313710
airplane 1 2119.614014 1249.373535 2241.944580 1298.705322 0.526737
person 500 2032.336182 467.961029 2056.715820 519.234741 0.403706
person 502 833.857666 1155.484619 934.132812 1327.168701 0.453108
person 456 884.382690 651.622375 915.709778 739.634338 0.602967
person 451 936.045776 631.472534 970.419250 726.633545 0.753621
frisbee 179 2006.236572 1177.130127 2076.642822 1217.592773 0.896503
airplane 512 2188.104492 525.320740 2404.777344 620.447205 0.643116
person 508 1958.501831 467.222931 1986.064941 519.720032 0.263533
kite 478 1538.926270 784.455627 1572.871338 801.654907 0.821409
person 504 1193.105957 615.259521 1239.398315 691.285034 0.329688
