143506315104
frisbee 179 2006.825073 1176.744507 2076.940674 1216.860718 0.368531
airplane 512 2196.166504 523.110962 2407.194336 617.619751 0.286572
airplane 467 2153.814453 678.472534 2269.954102 709.801086 0.352567
airplane 1 2120.245850 1249.618896 2242.454346 1298.690063 0.551437
person 513 1999.901123 467.019073 2021.740723 523.441040 0.599853
person 500 2036.083740 467.482544 2063.181641 521.829529 0.662004
person 456 888.918701 650.970947 917.783386 734.115417 0.739424
person 451 938.601990 626.931274 973.604858 726.116272 0.780881
person 508 1963.173584 467.199097 1990.736694 519.696228 0.309494
airplane 497 1578.562378 848.420471 1647.438965 887.770264 0.821920
kite 478 1539.309448 784.430420 1573.254517 801.629700 0.831409
airplane 507 1578.143433 847.859985 1624.445557 873.191956 0.869329
person 504 1209.576294 621.330505 1255.868652 697.355957 0.276692
