143605338541
frisbee 179 2006.827026 1176.759766 2076.946533 1216.840820 0.397523
airplane 512 2195.951904 523.069397 2407.093994 617.395813 0.266931
airplane 467 2153.495361 678.260925 2269.752441 709.689697 0.324797
airplane 1 2119.522217 1249.578491 2242.133789 1298.683228 0.557608
person 513 2003.546875 466.665009 2023.451660 521.446838 0.304404
person 500 2039.424561 467.263702 2064.646240 521.716858 0.311428
person 456 891.180725 650.550842 919.355347 732.467285 0.591952
person 451 940.356140 626.423767 975.622314 726.131714 0.793500
person 508 1965.509399 467.187164 1993.072510 519.684265 0.328360
airplane 497 1578.494873 848.569519 1647.371460 887.919312 0.827809
kite 478 1539.338501 784.420227 1573.283569 801.619507 0.833864
airplane 507 1578.044067 847.931335 1624.346191 873.263306 0.870453
person 504 1216.890625 624.509094 1263.182983 700.534546 0.321132
