143839322916
frisbee 179 2006.965454 1176.672241 2077.345947 1216.866699 0.452618
airplane 467 2153.138672 678.965332 2268.972168 709.973938 0.455929
airplane 1 2120.193359 1249.157837 2241.748291 1298.682007 0.571742
person 513 2008.393066 467.349426 2040.722046 523.248230 0.644573
person 500 2046.862305 467.190216 2076.299805 523.416504 0.665100
handbag 514 904.150574 672.675415 922.557190 702.811584 0.357906
person 451 943.010803 628.137939 979.477356 719.963806 0.761864
person 456 890.243164 645.903259 922.737854 731.917664 0.768045
person 508 1970.959839 467.159363 1998.522949 519.656494 0.391069
airplane 497 1578.049683 849.010986 1646.926270 888.360779 0.791616
kite 478 1539.072876 784.431885 1573.017944 801.631165 0.833100
airplane 507 1578.214111 847.939270 1624.516235 873.271240 0.874149
person 504 1233.957764 631.925842 1280.250122 707.951294 0.320959
