144105338541
airplane 497 1578.157471 848.158325 1647.361572 887.224121 0.291833
airplane 467 2153.666748 679.961426 2269.276367 709.587097 0.381051
airplane 1 2119.539062 1249.733643 2241.909668 1298.722900 0.465106
person 500 2055.240234 468.076935 2084.143799 524.936584 0.480401
person 508 2001.501587 468.182312 2025.148560 530.880127 0.520803
person 513 2022.570068 467.304657 2044.999268 524.207947 0.642955
kite 478 1539.786987 784.208862 1572.777832 801.281250 0.256268
person 451 945.659546 623.580139 978.381409 715.796753 0.733679
person 456 890.593933 646.362122 920.952698 732.992676 0.797560
airplane 507 1578.290527 847.836426 1624.592651 873.168396 0.869870
frisbee 179 2006.450928 1176.942505 2076.859619 1217.146362 0.942409
person 504 1264.767212 645.023560 1311.059570 721.049072 0.361957
