144238346354
airplane 497 1578.235229 847.988037 1647.525391 887.013428 0.290184
airplane 467 2153.579834 680.118347 2269.135986 709.508972 0.361275
airplane 1 2119.309326 1249.822266 2241.957520 1298.694702 0.455568
person 500 2062.872314 467.698029 2087.772461 526.302124 0.357045
person 508 2004.552612 468.082458 2030.731201 530.764526 0.682490
person 513 2028.725464 467.442047 2052.734375 524.793396 0.709816
person 451 946.028198 622.797302 979.690430 715.409729 0.692428
person 456 892.319763 644.298218 920.539795 729.040649 0.748657
airplane 507 1578.290771 847.839355 1624.592896 873.171326 0.877132
frisbee 179 2006.160767 1176.984985 2076.569580 1217.188843 0.948479
person 504 1273.037964 651.544556 1319.330322 727.570068 0.317771
kite 478 1539.808350 784.215637 1572.654419 801.268005 0.852811
