144405338541
frisbee 179 2006.638672 1176.687378 2076.958496 1217.008545 0.344632
airplane 467 2153.661377 679.418518 2268.881104 710.198486 0.256655
airplane 507 1578.144287 848.126404 1624.023438 872.905273 0.327882
airplane 1 2121.012939 1249.761475 2243.011963 1298.667114 0.363522
airplane 497 1577.952393 853.432312 1647.302612 886.454468 0.377494
person 508 2011.442627 467.923584 2040.846924 531.520142 0.607933
person 513 2033.091187 467.540039 2060.318359 527.127563 0.615508
person 500 2068.752686 467.430634 2094.705566 529.137024 0.743396
motorcycle 515 1304.464600 670.032898 1377.879883 770.568665 0.831072
person 504 1302.334106 657.206177 1345.680420 741.344788 0.378828
person 451 945.494629 620.251343 978.254028 714.393494 0.709547
person 456 894.010132 642.050232 921.799683 727.308289 0.742888
airplane 516 1578.133789 847.973206 1646.973022 917.288147 0.999815
kite 478 1539.711304 784.265015 1572.557373 801.317383 0.939048
