144804361979
airplane 467 2153.769287 679.876160 2269.147949 710.032776 0.353408
airplane 1 2121.260254 1249.234131 2242.799561 1298.670166 0.395968
person 500 2082.810791 467.629364 2111.471680 532.206665 0.607047
person 513 2050.869141 467.204437 2075.953857 528.827454 0.633227
person 508 2026.632446 467.265594 2052.835938 535.053772 0.778588
motorcycle 515 1338.255493 693.270203 1437.203247 794.620911 0.824416
person 504 1352.356323 673.844055 1407.035400 770.627136 0.309772
person 451 948.787720 619.709412 979.945068 712.137207 0.787944
person 456 895.109802 638.463379 924.661743 721.745605 0.829626
frisbee 179 2006.408813 1176.840210 2076.712891 1217.230835 0.983263
airplane 497 1577.004150 855.153748 1646.403076 884.892151 0.917597
airplane 507 1578.114990 848.624146 1623.818726 873.153137 0.894347
airplane 516 1577.541748 848.068359 1646.378296 917.582031 0.940928
kite 478 1539.727295 784.240356 1572.462891 801.378845 0.866093
