144837304687
airplane 467 2153.716553 679.852417 2269.031982 709.905884 0.327551
airplane 1 2121.252441 1249.195190 2242.761230 1298.672852 0.363405
person 513 2052.227539 466.952637 2077.133057 529.038513 0.612175
person 500 2084.591309 467.270752 2115.272461 532.610962 0.705302
person 508 2027.833740 467.192444 2053.526611 535.327759 0.765476
motorcycle 515 1341.799316 700.045105 1440.941895 799.335876 0.774491
person 504 1355.702515 676.031616 1413.915649 774.498291 0.617872
person 451 948.991394 620.209595 979.894958 711.831177 0.786664
person 456 894.158264 638.192383 924.593079 721.000122 0.834390
frisbee 179 2006.359985 1176.879150 2076.664062 1217.269775 0.989987
airplane 497 1576.952026 855.035645 1646.350952 884.774048 0.902961
airplane 507 1578.104614 848.660828 1623.808350 873.189819 0.894682
airplane 516 1577.368530 848.133606 1646.205078 917.647278 0.944325
kite 478 1539.644531 784.262634 1572.380127 801.401123 0.903281
