14317317708
truck 66 1578.094727 543.495728 1696.176636 651.200256 0.635092
airplane 57 2153.445801 679.027527 2269.864502 709.547913 0.253835
airplane 49 1578.391846 847.999512 1647.063843 887.150757 0.332674
airplane 1 2119.359131 1249.348633 2242.115723 1298.645142 0.395992
person 48 1836.193604 467.058685 1852.849121 495.793488 0.382703
person 63 2060.537842 467.275940 2100.174805 542.575623 0.797066
traffic light 18 770.030273 563.029114 814.158569 595.353699 0.286698
car 47 1533.972778 560.112915 1584.578735 652.972229 0.713174
person 11 1043.176147 558.040222 1073.329102 630.282288 0.384313
person 7 903.185974 612.725647 942.423279 700.840881 0.857648
car 62 1582.456787 543.955688 1696.944092 654.646484 0.447111
traffic light 59 770.835693 568.859253 796.071350 594.964050 0.821355
airplane 58 2184.051514 524.896729 2395.780273 621.078735 0.683593
chair 61 2161.241211 473.555298 2260.749268 531.978882 0.502887
person 41 2060.075928 466.903900 2085.261963 541.900269 0.555368
frisbee 38 2006.697876 1177.201416 2077.134766 1217.918213 0.907241
bicycle 64 1049.524780 585.472168 1072.858643 638.062317 0.761073
person 45 2064.855469 464.197571 2084.148682 517.022827 0.686647
airplane 65 1909.437134 786.095459 2418.777832 1063.280884 0.776422
