145004361979
airplane 467 2153.937988 680.127319 2269.066650 709.193115 0.305039
airplane 1 2121.279297 1249.171387 2242.747559 1298.693848 0.358258
person 500 2087.648438 468.337006 2120.285400 535.680420 0.549011
person 513 2054.335205 467.699738 2080.652832 531.558411 0.670682
person 508 2030.977661 467.683105 2060.697021 536.342651 0.755026
motorcycle 515 1352.162598 720.640015 1455.841675 814.651794 0.572217
person 504 1375.406616 684.639587 1435.080811 783.933350 0.258895
person 456 892.841980 636.398193 925.056519 719.845276 0.775395
person 451 949.814026 617.536011 980.716003 708.408630 0.812834
frisbee 179 2006.157349 1176.909790 2076.461426 1217.300415 0.977861
airplane 497 1577.057007 854.799133 1646.455933 884.537537 0.881130
airplane 507 1577.945435 848.773621 1623.649170 873.302612 0.908835
airplane 516 1576.083252 848.613708 1644.919800 918.127380 0.873325
kite 478 1539.478638 784.270935 1572.214233 801.409424 0.895539
