145204361979
frisbee 179 2006.873291 1176.472290 2077.277100 1217.624146 0.542926
airplane 1 2121.820312 1248.919678 2242.809326 1298.666382 0.422059
airplane 467 2153.796143 679.998352 2269.434814 709.540833 0.541686
person 500 2102.288574 468.017151 2127.513184 536.184875 0.725749
person 513 2065.649902 467.609100 2087.718018 533.318237 0.762020
person 508 2035.256714 467.944946 2067.552979 542.428772 0.826265
motorcycle 515 1383.846069 723.518372 1476.751953 828.067688 0.577219
person 504 1403.953247 697.994385 1467.015991 802.283691 0.605405
person 451 949.324524 614.354980 981.619873 705.059692 0.722241
person 456 894.187378 635.386108 926.854187 719.299316 0.736572
airplane 497 1577.074097 854.119263 1646.473022 883.857666 0.838391
airplane 507 1578.099243 848.463745 1623.802979 872.992737 0.833048
airplane 516 1575.174072 851.171265 1644.010620 920.684937 0.779130
kite 478 1539.655762 784.293518 1572.391357 801.432007 0.843755
