14350325520
airplane 49 1578.346069 848.004272 1647.147949 886.996033 0.317442
airplane 1 2119.192383 1249.367676 2242.025879 1298.678955 0.386707
car 62 1579.981567 542.752441 1696.249878 650.233276 0.705530
person 48 1834.702637 467.043854 1852.572510 495.580078 0.475224
person 63 2060.533447 467.338562 2102.775146 543.143188 0.814544
traffic light 18 770.117188 563.019775 814.247070 595.285889 0.279720
car 47 1536.927002 556.198730 1584.525024 651.222778 0.381647
person 11 1043.138428 558.048157 1073.354126 630.481689 0.401422
person 7 903.259155 612.702026 942.423889 700.936462 0.860025
traffic light 59 770.824097 568.867188 796.059753 594.971985 0.827148
truck 66 1579.543579 542.257324 1697.625488 649.961853 0.490400
airplane 57 2153.351074 679.150024 2269.769775 709.670410 1.098030
airplane 58 2183.462402 524.968323 2395.191162 621.150391 0.689567
chair 61 2161.543213 471.438232 2261.051270 529.861816 0.698930
person 41 2060.563721 466.903564 2085.749756 541.899963 0.481417
frisbee 38 2006.722290 1177.211182 2077.159180 1217.927979 0.907204
bicycle 64 1049.444336 585.452881 1072.778198 638.043030 0.781975
person 45 2065.982910 464.347992 2085.276123 517.173279 0.603999
airplane 65 1931.724731 791.473511 2441.065430 1068.658936 0.800235
