145337304687
frisbee 179 2006.880249 1176.430298 2077.296631 1217.579468 0.590329
airplane 1 2121.787842 1248.918579 2242.792480 1298.676147 0.449113
airplane 467 2153.826416 679.925598 2269.525146 709.551819 0.540462
person 500 2107.080566 468.760132 2134.379639 538.213562 0.734545
person 513 2068.591553 468.123932 2094.643311 536.453247 0.748471
person 508 2040.150024 467.458832 2069.053223 542.380493 0.811981
motorcycle 515 1390.027832 736.708008 1495.849609 838.119812 0.508654
person 504 1421.151123 707.709839 1484.182739 815.139038 0.608781
person 456 894.753906 632.981140 925.411255 717.851868 0.661749
person 451 948.963318 614.242676 980.966675 704.516113 0.795995
airplane 497 1577.235718 853.967163 1646.634644 883.705566 0.824652
airplane 507 1578.248047 848.410278 1623.951782 872.939270 0.826693
airplane 516 1581.568970 856.390503 1650.405518 925.904175 0.659670
kite 478 1539.702881 784.298828 1572.438477 801.437317 0.845109
