145703320312
frisbee 179 2006.618530 1176.649536 2076.907959 1216.997437 0.464886
airplane 467 2153.679443 678.094727 2269.356934 710.107422 0.336445
airplane 497 1578.347534 848.124634 1647.648682 887.196472 0.412999
airplane 1 2120.472168 1249.035645 2242.107910 1298.662109 0.457898
person 513 2085.059326 468.221802 2108.475098 540.230896 0.684179
person 508 2051.710693 468.029449 2082.548584 549.564941 0.697300
person 500 2114.200684 469.455109 2145.882080 541.508057 0.710740
motorcycle 515 1442.328857 759.941345 1570.004150 874.630188 0.760892
person 504 1476.761108 734.910461 1529.711426 846.560120 0.571740
person 451 947.325500 610.359558 979.067627 703.128967 0.753182
person 456 895.087524 628.527527 924.920288 716.366333 0.765640
person 517 2047.052368 469.087921 2062.039795 542.237976 1.000000
cup 518 1464.325073 1063.160034 1538.993530 1177.252686 1.000000
airplane 516 1575.574829 851.510437 1644.411377 921.024109 0.730168
kite 478 1539.631348 784.290222 1572.366943 801.428711 0.923129
airplane 507 1578.325562 848.108215 1624.035767 872.998962 0.790638
