146136328125
airplane 467 2153.690918 678.163391 2268.873291 710.758667 0.397578
airplane 1 2120.944092 1249.248535 2242.626709 1298.776489 0.437235
motorcycle 519 1578.509399 787.962036 1646.510864 928.590210 0.623810
person 500 2139.185059 470.140137 2165.323486 544.552551 0.521065
person 513 2101.439697 469.859222 2127.410400 544.433838 0.727820
person 508 2065.581543 468.664581 2100.062500 553.385742 0.827853
cup 518 1464.233032 1063.149048 1539.507812 1177.512695 0.329409
person 504 1537.543701 775.075500 1588.354370 896.778320 0.321824
person 451 945.655518 607.128113 974.421387 700.444397 0.676898
person 456 894.360596 622.337830 923.633301 707.228149 0.811255
motorcycle 515 1522.931396 806.531982 1593.888428 909.629272 0.413184
kite 478 1540.432495 784.704041 1573.168091 801.842529 0.794125
frisbee 179 2006.588623 1176.955322 2076.643066 1217.346191 0.961376
airplane 516 1582.254883 845.463440 1651.452148 915.349609 0.478999
airplane 507 1570.143799 850.068176 1615.854004 874.958923 0.519702
