146203320312
airplane 467 2153.790527 678.745789 2268.815674 710.767761 0.395662
airplane 1 2121.248535 1249.263672 2242.792969 1298.742920 0.437243
motorcycle 519 1581.007935 800.324707 1649.388916 935.364624 0.854126
person 504 1560.457886 783.544922 1604.495850 904.064758 0.369699
person 500 2143.810303 472.993530 2169.853516 546.948486 0.671102
person 513 2104.638184 471.240997 2129.758301 546.769104 0.688593
person 508 2066.517822 470.831238 2104.096680 554.080017 0.844923
cup 518 1464.258545 1063.182983 1539.584473 1177.552856 0.258341
person 451 945.346558 606.340088 973.793213 697.641602 0.706793
person 456 894.271606 622.158142 923.346191 706.623901 0.811215
kite 478 1539.829712 784.399841 1572.565308 801.538330 0.843758
frisbee 179 2006.478271 1176.989502 2076.532715 1217.380371 0.957912
airplane 516 1583.109253 844.750854 1652.306519 914.637024 0.366276
motorcycle 515 1536.345337 815.951294 1597.388062 919.049744 0.375222
airplane 507 1569.599243 851.837830 1615.309448 876.728577 0.472609
