146269335937
airplane 467 2153.732422 678.898743 2268.700439 710.684814 0.393801
airplane 1 2121.327148 1249.359253 2242.755859 1298.742432 0.415160
motorcycle 519 1580.312744 812.091614 1650.850586 945.420654 0.741031
person 500 2146.192627 473.100189 2172.315918 548.363525 0.630251
person 504 1575.767944 791.144958 1621.909546 913.083496 0.681514
person 513 2105.221191 474.677246 2133.449707 547.502869 0.742087
person 508 2068.094727 473.170227 2105.416992 555.772034 0.839140
cup 518 1464.257690 1063.209229 1539.584717 1177.557129 0.313543
person 451 944.424500 605.607422 972.901611 695.603882 0.712854
person 456 894.020691 621.661865 922.820374 706.242920 0.813123
kite 478 1539.524536 784.241516 1572.260132 801.380005 0.842198
frisbee 179 2006.478882 1177.041382 2076.533203 1217.432251 0.961140
airplane 516 1583.963745 844.038269 1653.161011 913.924438 0.262008
motorcycle 515 1546.474365 820.633972 1607.517090 923.732422 0.419656
airplane 507 1579.157227 853.451050 1624.867432 878.341797 0.414188
