1265364583
airplane 9 1578.250854 854.918152 1647.345337 887.395203 0.307295
airplane 2 2153.868652 679.346375 2269.822998 709.687012 0.384611
airplane 1 2119.220947 1249.421997 2241.761475 1298.702148 0.587859
person 4 2315.367188 485.293640 2342.427002 553.308594 0.426958
person 5 2124.995361 467.351044 2162.666504 533.710632 0.547524
kite 14 1540.218628 784.185486 1572.535645 800.987427 0.305516
motorcycle 10 1107.082520 679.645142 1197.002563 784.525879 0.262985
motorcycle 16 1027.908936 560.735229 1053.699097 612.504822 0.506752
person 11 1026.916504 547.793152 1055.824951 596.969910 0.329752
person 7 848.255066 557.612122 868.595703 622.044556 0.740408
person 8 1118.379639 669.190796 1168.101318 744.032837 0.578808
skis 15 1442.281006 542.662354 1561.622803 581.232300 0.648931
traffic light 18 771.273621 569.490967 795.660339 595.360168 0.986510
