146436328125
frisbee 179 2007.139282 1176.740723 2077.029053 1217.036499 0.289363
airplane 467 2153.795410 679.588318 2268.701660 710.479492 0.456204
airplane 1 2120.255127 1249.434570 2242.072266 1298.738403 0.477834
motorcycle 519 1581.376343 830.479370 1678.544800 968.575073 0.834135
person 500 2150.944336 475.140625 2178.991699 550.455872 0.263321
person 504 1596.078979 810.761658 1655.171997 932.886658 0.706150
person 513 2108.274414 476.874298 2139.741699 551.617432 0.727932
person 508 2075.895508 474.067871 2107.644775 553.164673 0.770236
person 451 941.772095 607.602112 972.445923 694.347168 0.765599
person 456 892.821289 618.180481 920.353394 703.280518 0.775317
airplane 516 1586.099731 842.256897 1655.296997 912.143066 0.269773
motorcycle 515 1578.104004 834.767273 1639.146729 937.865723 0.382356
airplane 507 1591.985718 854.747070 1637.695923 879.637817 0.471524
kite 478 1539.551147 784.205017 1572.137207 801.462219 0.907475
