146536328125
frisbee 179 2007.177246 1176.738892 2077.019775 1217.030884 0.309469
airplane 1 2120.299316 1249.470703 2242.092529 1298.739258 0.453271
airplane 467 2153.695068 679.314819 2269.061035 710.383911 0.489123
motorcycle 519 1595.080200 835.654114 1704.972412 983.307495 0.825666
person 504 1612.155029 823.347351 1677.812622 946.639648 0.572458
person 500 2156.156494 478.625641 2181.548828 551.184753 0.594200
person 513 2115.648926 477.814148 2142.088623 551.940674 0.699112
person 508 2081.703125 474.391327 2108.512207 553.207642 0.793692
person 451 942.273010 607.815125 972.093567 693.962769 0.764922
person 456 892.580261 617.126953 920.393494 701.398804 0.785995
airplane 516 1594.858643 837.506958 1664.055908 907.393127 0.411461
motorcycle 515 1597.160767 845.213135 1658.203491 948.311584 0.432729
airplane 507 1584.101562 850.787048 1629.811768 875.677795 0.737746
kite 478 1539.483398 784.214844 1572.069458 801.472046 0.903067
