146902343750
airplane 1 2121.999023 1249.516235 2242.981201 1298.744995 0.295074
airplane 516 1578.099121 846.538330 1647.894043 919.881226 0.395142
airplane 467 2153.497314 679.491760 2268.642334 710.628174 0.558330
motorcycle 519 1664.603760 889.927185 1787.498779 1043.393311 0.699786
person 500 2172.092773 481.570618 2199.601318 553.589783 0.294015
person 513 2128.960693 481.690796 2158.459473 553.182678 0.633336
person 504 1687.401489 870.854370 1755.180664 1002.525818 0.668098
person 508 2090.933105 478.674408 2120.873535 559.146912 0.790167
person 456 893.389465 615.469055 920.681152 699.522766 0.770229
person 451 939.585754 598.812927 969.062683 689.663513 0.777720
airplane 507 1578.272461 848.428772 1623.982666 873.319519 0.803421
motorcycle 515 1662.851929 898.685791 1717.791992 999.616760 0.298080
kite 478 1539.674805 784.245422 1572.260864 801.502625 0.947685
frisbee 179 2006.557007 1177.015015 2076.384766 1217.306396 0.985232
