147102343750
frisbee 179 2006.730225 1176.667969 2076.840820 1216.833984 0.434223
airplane 1 2120.851807 1248.991577 2242.474365 1298.657227 0.514160
airplane 467 2153.657959 679.677856 2269.020752 710.438904 0.516844
motorcycle 519 1700.753540 923.515137 1828.760620 1079.892334 0.810670
person 500 2175.717529 482.420410 2206.986572 552.882446 0.696503
person 513 2142.728516 480.465149 2165.989014 554.763184 0.724136
person 504 1733.812866 900.975403 1815.838623 1031.963013 0.749233
person 508 2101.407471 478.180450 2130.532471 560.364380 0.812349
kite 478 1540.062500 784.587646 1572.662720 801.666199 0.289519
handbag 520 905.798096 633.100342 922.302124 662.514709 0.267384
person 451 938.953186 598.802551 967.118164 687.415222 0.751462
person 456 890.503906 611.841553 921.160950 695.085510 0.839361
airplane 507 1574.169434 848.607239 1626.937500 874.835999 0.778792
airplane 516 1576.274536 848.298706 1646.262939 919.693115 0.796506
