147568359375
airplane 507 1577.953003 847.935730 1624.062622 873.219849 0.274766
airplane 467 2153.666260 677.330688 2269.572754 710.102539 0.506404
airplane 1 2120.273438 1248.840210 2242.232178 1298.711670 0.554739
motorcycle 519 1830.788452 1014.669617 1961.694336 1178.787109 0.577679
person 513 2162.116455 480.644501 2185.950928 557.563171 0.523001
person 500 2196.625000 484.576324 2222.393799 554.988464 0.541858
person 504 1852.892090 977.231628 1944.716431 1131.828613 0.715402
person 508 2116.458008 481.619446 2146.425293 560.114136 0.738952
person 451 934.422180 593.164185 967.729248 681.376099 0.719569
person 456 892.932373 607.446228 920.011536 688.915161 0.801257
airplane 521 1998.903320 637.234253 2110.660156 660.263245 0.945798
kite 478 1539.771240 784.664673 1572.373901 801.702087 0.959385
airplane 516 1573.328125 851.382751 1643.316528 922.777161 0.580203
frisbee 179 2006.261841 1176.964478 2076.457520 1217.083252 0.962956
