14616341145
truck 66 1579.814941 525.443359 1697.478027 637.074219 0.377285
airplane 49 1578.160522 848.111938 1647.793823 886.666321 0.285574
airplane 57 2153.574707 679.697876 2269.362793 709.601440 0.361302
airplane 58 2189.341309 522.752563 2407.253174 618.563721 0.361934
airplane 1 2119.797852 1249.222900 2242.328125 1298.655884 0.442877
person 41 2077.986572 467.646210 2105.394531 543.751648 0.604105
car 47 1555.953491 549.420898 1584.613525 638.803711 0.481435
person 11 1042.934082 558.768127 1075.243896 629.017700 0.364976
person 7 903.936523 613.580627 942.746155 701.699768 0.877433
person 67 2055.003662 467.086151 2070.795166 495.124451 1.000000
car 62 1578.705322 528.874756 1695.999268 635.722290 0.386116
chair 61 2162.064453 474.081482 2260.912842 532.172485 0.489275
frisbee 38 2006.713135 1177.142700 2077.149902 1217.859497 0.929256
bicycle 64 1050.302124 584.707825 1073.635986 637.297974 0.704380
person 63 2071.184082 467.428253 2112.327637 545.023376 0.461746
person 45 2081.411377 466.023224 2100.704590 518.848511 0.568727
airplane 65 1935.615356 790.935425 2444.956055 1068.120850 0.739195
traffic light 18 770.202209 563.099060 814.354248 595.295166 0.722873
