148333333333
airplane 516 1578.467285 847.557922 1647.697266 916.921753 0.273240
airplane 507 1578.106567 848.294800 1623.853394 872.880554 0.287019
airplane 522 1577.952271 855.687439 1647.612793 885.966431 0.341284
airplane 467 2153.531006 677.961182 2269.403076 709.790039 0.361028
motorcycle 519 2084.998535 1183.147949 2268.935059 1304.546265 0.254103
person 500 2225.409668 488.942657 2254.369141 559.365723 0.710530
person 513 2190.527588 488.164764 2215.777344 564.898438 0.756600
person 508 2149.051270 484.562164 2176.275879 569.018799 0.768279
person 504 2144.819336 1150.511353 2228.280273 1306.486938 0.820916
skis 523 1462.390747 547.283875 1582.326660 586.889221 0.273488
person 456 895.685669 604.017273 920.730713 682.662964 0.624636
frisbee 179 2006.122559 1176.909790 2076.318115 1217.028564 0.856523
person 451 932.091736 591.482239 958.739868 675.095093 0.624332
airplane 1 2139.098145 1247.753906 2260.249512 1297.677856 0.350431
kite 478 1540.084473 784.482117 1572.704102 801.657776 0.901932
