148567317708
frisbee 179 2006.892700 1176.657837 2077.316650 1216.839844 0.283584
airplane 522 1578.023315 848.600891 1646.872681 887.204346 0.388868
airplane 467 2153.155273 679.384460 2268.792725 709.460938 0.533841
person 500 2233.697998 489.496704 2258.281494 561.043091 0.674076
person 513 2200.047363 489.334900 2223.968506 565.342529 0.741620
person 508 2154.455811 487.672546 2188.024414 571.487915 0.790011
person 504 2263.921143 1214.881714 2350.975342 1304.954468 0.824520
person 456 894.344299 602.180542 921.723694 680.741821 0.558057
person 451 928.382935 589.197021 953.427063 675.973145 0.587596
airplane 1 2124.367188 1250.708984 2245.518555 1300.632935 0.619931
skis 523 1460.286987 547.657288 1580.222900 587.262634 0.918839
kite 478 1539.751953 784.409241 1572.371582 801.584900 0.846444
airplane 507 1578.863403 848.537964 1624.610229 873.123718 0.838766
