148666341145
airplane 522 1578.431396 848.189758 1647.236938 886.991028 0.358242
airplane 467 2153.151611 679.431152 2268.752686 709.456970 0.551799
airplane 1 2120.415283 1249.906006 2241.291748 1299.042969 0.783384
person 504 2324.825684 1244.329956 2402.359619 1304.656128 0.457263
person 500 2237.030273 491.458954 2263.560059 561.102173 0.587989
person 513 2202.235352 492.532532 2229.457520 565.898926 0.682334
person 508 2158.706055 486.499298 2190.302979 571.169312 0.759439
person 451 926.699951 588.968506 951.984924 675.386230 0.670099
person 456 893.217407 601.301636 920.786133 680.296448 0.709619
frisbee 179 2006.502563 1176.903687 2076.926514 1217.085693 0.950045
skis 523 1459.469971 547.641174 1579.405884 587.246521 0.922704
kite 478 1539.740234 784.398865 1572.359863 801.574524 0.882465
airplane 507 1578.839844 848.521301 1624.586670 873.107056 0.813656
