148833333333
frisbee 179 2006.977783 1176.886108 2076.598633 1217.122314 0.316606
airplane 522 1578.520996 848.104126 1646.536133 886.746643 0.289806
airplane 1 2119.308105 1250.113159 2240.668701 1298.698242 0.492077
airplane 467 2153.895996 680.422607 2269.228271 709.781860 0.545620
person 500 2238.601318 493.074432 2269.833984 566.714966 0.614053
person 513 2206.586426 491.350128 2234.067383 564.928406 0.707314
person 508 2165.631348 485.570129 2195.019287 571.812866 0.794201
person 451 921.618958 590.121765 949.425293 672.431763 0.708997
person 456 891.007263 601.643433 918.465759 680.035583 0.741439
skis 523 1457.793945 546.858643 1577.729858 586.463989 0.762401
kite 478 1539.850098 784.450256 1572.469727 801.625916 0.824879
airplane 507 1578.897461 848.460693 1624.644287 873.046448 0.753350
