148866341145
frisbee 179 2006.998047 1176.888550 2076.593994 1217.124634 0.312164
airplane 522 1578.507446 848.100647 1646.493042 886.726990 0.289200
airplane 1 2119.137207 1250.094482 2240.635498 1298.681274 0.496733
airplane 467 2153.873047 680.283325 2269.195801 710.115234 0.537078
person 508 2166.880615 485.584381 2195.539062 568.757812 0.583763
person 500 2240.346924 492.948578 2270.840820 564.406494 0.625036
person 513 2208.402588 491.421967 2235.384521 565.065063 0.724830
person 451 921.249146 590.467529 949.008423 672.510559 0.690928
person 456 890.973755 601.770752 917.862305 680.025635 0.749598
skis 523 1458.294434 546.833679 1578.230347 586.439026 0.721065
kite 478 1539.870605 784.459290 1572.490234 801.634949 0.824880
airplane 507 1578.895508 848.461670 1624.642334 873.047424 0.753350
