148999348958
frisbee 179 2007.029785 1176.903198 2076.607422 1217.126099 0.326178
airplane 522 1578.439575 848.021179 1646.420288 886.659180 0.291780
airplane 1 2119.477295 1250.123657 2241.022949 1298.667358 0.481741
airplane 467 2153.751221 680.023071 2269.166992 710.412598 0.544401
person 500 2249.756104 492.361755 2275.114990 567.977051 0.664710
person 508 2169.270508 488.773041 2201.668701 571.278381 0.740500
person 513 2216.658936 491.334656 2240.026855 567.780151 0.741054
person 451 920.274048 590.710449 948.678284 672.473267 0.440290
person 456 891.328979 602.069641 918.484558 678.955078 0.713306
skis 523 1458.488525 546.848022 1578.424438 586.453369 0.753674
kite 478 1539.824585 784.458435 1572.444214 801.634094 0.823784
airplane 507 1578.918823 848.422852 1624.665649 873.008606 0.749508
