149565364583
frisbee 179 2006.992310 1176.651123 2077.025391 1216.732300 0.295857
airplane 522 1578.368530 848.073303 1647.410156 886.909119 0.344858
airplane 1 2119.696777 1249.948242 2241.157227 1298.697266 0.351719
airplane 467 2153.603516 679.498474 2269.669434 707.465149 0.414177
person 500 2271.285400 496.502075 2297.746582 573.880249 0.680638
person 513 2235.680908 497.947968 2261.482910 575.794556 0.710599
person 508 2193.959961 492.285736 2227.409424 578.575439 0.815107
kite 478 1539.612061 784.194336 1573.002319 801.626282 0.287238
person 456 888.571228 598.586182 912.837830 675.251526 0.741773
person 451 914.541504 583.089172 941.865356 669.555420 0.748145
traffic light 525 771.854431 565.669800 798.475220 594.471436 1.000000
person 524 2055.746094 467.221283 2070.472656 496.121918 0.924345
airplane 507 1579.002197 848.514343 1624.749023 873.100098 0.750531
skis 523 1466.143555 549.631714 1587.255737 592.166260 0.816422
