149699348958
frisbee 179 2007.016479 1176.720581 2077.053711 1216.808105 0.281092
airplane 1 2119.992188 1249.600708 2241.424316 1298.676514 0.583240
person 500 2275.579346 500.545624 2306.723633 573.684631 0.460997
person 513 2237.711914 499.940369 2268.864258 578.534546 0.714498
person 508 2198.637207 493.304260 2234.225830 579.392395 0.791073
person 451 913.558960 582.102051 941.254456 670.206177 0.661303
person 456 886.253357 597.074341 912.683594 674.481628 0.722736
bicycle 526 2004.620605 467.081818 2056.503906 504.061401 1.000000
airplane 467 2153.547852 679.289734 2269.753418 706.415466 0.719947
person 524 2055.750488 467.207672 2070.477051 496.108307 0.887223
airplane 507 1578.988892 848.449707 1624.735718 873.035461 0.890033
kite 478 1539.760498 784.226440 1573.170776 801.677734 0.811249
airplane 522 1578.436157 848.129883 1647.447144 887.228271 0.813658
skis 523 1469.087402 550.007812 1590.199585 592.542358 0.742372
