149732356770
frisbee 179 2007.025391 1176.758057 2077.048096 1216.844727 0.322881
airplane 1 2120.097900 1249.408936 2241.524414 1298.692139 0.588176
person 500 2276.854004 500.721466 2309.219727 574.977112 0.618165
person 513 2238.460938 499.867767 2269.914062 578.724060 0.760655
person 508 2200.767334 493.271973 2236.750488 580.019714 0.777632
person 451 913.244446 581.928101 941.089905 670.409363 0.681890
person 456 885.349182 596.655334 912.347900 674.187378 0.743956
bicycle 526 2004.235718 467.053070 2056.543457 503.991425 0.999665
airplane 467 2153.583496 678.994568 2269.789062 706.120300 0.675705
person 524 2055.787109 467.185944 2070.513672 496.086578 0.887956
airplane 507 1578.981445 848.446838 1624.728271 873.032593 0.883189
kite 478 1539.944214 784.277222 1573.354492 801.728516 0.824781
airplane 522 1578.568726 848.439514 1647.579712 887.537903 0.811838
skis 523 1471.407227 550.365417 1592.519409 592.899963 0.657538
