149832356770
frisbee 179 2007.025391 1176.799438 2077.039062 1216.883667 0.286522
airplane 467 2151.279297 679.547729 2266.896484 707.859558 0.258190
airplane 1 2120.725830 1249.189941 2241.905029 1298.719849 0.594047
bicycle 526 2005.166504 467.112427 2056.353027 504.130035 0.328139
person 500 2280.212158 501.443085 2314.303711 575.409119 0.353243
person 513 2242.670410 499.118958 2273.828369 577.804504 0.731511
person 508 2205.820068 492.447021 2237.932861 582.287598 0.813098
person 451 913.555725 581.376587 940.785767 666.141113 0.657347
person 456 884.000183 596.508972 911.274231 674.461609 0.736083
person 524 2055.887939 467.156708 2070.614502 496.057343 0.900928
airplane 507 1578.956421 848.441895 1624.703247 873.027649 0.881939
kite 478 1540.059692 784.369263 1573.469971 801.820557 0.843324
airplane 522 1578.541382 848.973633 1647.552368 888.072021 0.790503
skis 523 1477.968262 551.933838 1599.080444 594.468384 0.605453
