149898307291
frisbee 179 2007.021362 1176.817017 2077.037109 1216.898926 0.294585
airplane 1 2120.699707 1249.151367 2241.869385 1298.721558 0.598409
bicycle 526 2004.722656 467.059174 2056.157227 503.994904 0.299820
person 500 2286.852539 501.896027 2316.297119 576.594299 0.383526
person 513 2247.953125 498.663879 2275.937012 579.072693 0.738703
person 508 2209.589844 491.760376 2239.180176 579.708313 0.808617
person 451 912.850769 580.490784 940.904907 665.047791 0.680788
person 456 883.731689 596.183167 910.611023 674.327332 0.707431
airplane 467 2151.842041 679.761353 2267.459229 708.073181 0.922391
person 524 2055.937988 467.155945 2070.664551 496.056580 0.894493
airplane 507 1578.942261 848.465088 1624.689087 873.050842 0.885131
kite 478 1540.149414 784.407654 1573.559692 801.858948 0.842337
airplane 522 1578.302124 849.197571 1647.313110 888.295959 0.783481
skis 523 1474.643555 551.384399 1595.755737 593.918945 0.659885
