149932356770
frisbee 179 2007.029785 1176.820435 2077.033447 1216.903809 0.288077
airplane 1 2120.520508 1249.125000 2241.752197 1298.719604 0.603770
bicycle 526 2005.567993 467.111176 2056.358887 504.105682 0.285301
person 500 2288.921631 502.108551 2317.707031 577.638062 0.663886
person 513 2251.210205 498.665894 2277.521729 580.323547 0.673666
person 508 2211.171387 491.824432 2239.876953 579.239868 0.772632
person 451 912.397583 580.155884 940.464172 664.544800 0.656563
person 456 883.545227 596.358215 909.901001 674.371826 0.706193
airplane 467 2152.026611 679.897339 2267.643799 708.209167 0.954087
person 524 2055.980469 467.154907 2070.707031 496.055542 0.890956
airplane 507 1578.935303 848.473083 1624.682129 873.058838 0.885155
kite 478 1540.182739 784.417847 1573.593018 801.869141 0.845437
airplane 522 1578.168701 849.290649 1647.179688 888.389038 0.780120
skis 523 1472.225464 550.209167 1593.337646 592.743713 0.621076
