14816341145
chair 61 2162.493896 471.137970 2261.449951 529.134644 0.296490
truck 66 1579.538086 519.014160 1687.811646 627.211914 0.790615
airplane 49 1578.095215 848.143188 1647.881348 886.593872 0.296434
airplane 58 2192.864502 522.776978 2408.301270 618.396240 0.307772
airplane 57 2153.575684 679.538574 2269.440430 709.547241 0.312515
airplane 1 2119.704102 1249.235718 2242.416016 1298.680054 0.406103
person 41 2089.050293 467.198059 2118.351318 544.775391 0.733743
person 11 1043.632935 559.193298 1074.700928 629.037598 0.361442
person 7 904.062134 613.699646 942.110474 701.269470 0.869495
frisbee 38 2006.735229 1177.142944 2077.172119 1217.859741 0.909972
bicycle 64 1050.628296 584.899292 1073.962158 637.489441 0.695716
person 63 2076.437256 466.983551 2117.580811 544.578674 0.366115
car 62 1576.405396 518.597961 1688.421143 627.052124 0.432722
person 67 2054.850830 467.002136 2071.861816 497.648682 1.015374
person 45 2091.755371 466.703522 2111.048584 519.528809 0.549364
airplane 65 1996.320312 790.128601 2505.661133 1067.314087 0.719529
traffic light 18 770.063293 563.200317 814.215332 595.396423 0.715426
