150098307291
airplane 507 1578.279663 848.087891 1624.145020 872.746582 0.315626
airplane 467 2153.592285 680.158875 2268.982178 709.556946 0.340931
airplane 1 2120.142090 1249.092407 2241.930176 1298.631470 0.517831
person 524 2057.330078 467.177582 2072.119629 496.553650 0.312795
person 500 2296.780029 495.663025 2330.271729 580.560303 0.568227
person 508 2215.425049 496.390442 2247.490479 583.325195 0.754519
person 513 2254.849365 501.403687 2284.845947 580.368652 0.768882
person 451 911.554199 579.697083 939.399414 665.941772 0.688581
person 456 882.179016 596.226318 906.883789 673.755981 0.771581
airplane 522 1577.753296 849.498901 1646.764282 888.597290 0.780732
frisbee 179 2006.665405 1176.860352 2076.850342 1217.075562 1.003420
bicycle 526 2005.617188 466.871521 2055.565430 503.752594 0.885631
kite 478 1539.896118 784.656494 1573.083008 801.689392 0.922334
skis 523 1475.704102 551.418030 1596.816284 593.952576 0.626034
