150132356770
airplane 467 2153.713623 680.116455 2269.118408 709.587097 0.312742
airplane 507 1578.274536 848.096375 1624.138550 872.745667 0.330836
airplane 1 2120.115967 1249.084961 2241.959229 1298.625732 0.516033
person 524 2057.383789 467.159485 2072.268799 496.610870 0.303806
person 500 2297.544189 495.386230 2332.806396 580.609009 0.570809
person 508 2216.257568 497.146698 2248.699707 583.694824 0.703659
person 513 2256.946777 502.710663 2286.276123 580.809204 0.704238
person 451 911.550964 579.820496 939.453979 665.991333 0.658289
person 456 882.023193 596.197205 906.706726 673.843994 0.759310
airplane 522 1577.678833 849.526001 1646.689819 888.624390 0.781909
frisbee 179 2006.588867 1176.873901 2076.773682 1217.089111 0.982548
bicycle 526 2005.573486 466.800934 2055.521729 503.682007 0.844095
kite 478 1539.859985 784.652344 1573.046875 801.685242 0.928523
skis 523 1475.951294 551.600647 1597.063477 594.135193 0.641183
