150265364583
airplane 467 2153.838135 680.077454 2269.166748 709.859131 0.316287
airplane 507 1578.223267 848.072754 1624.120728 872.718933 0.323071
airplane 1 2120.100342 1249.098999 2241.974609 1298.633911 0.521482
bicycle 526 2006.065186 466.846222 2055.201172 503.623352 0.252184
person 524 2057.448486 467.172394 2072.315918 496.578156 0.305203
person 500 2302.695312 505.291077 2340.050293 578.612000 0.345496
person 508 2220.880127 497.046936 2255.164551 585.429871 0.752353
person 513 2260.645264 504.486328 2292.351318 584.494385 0.780006
person 451 911.192078 579.826843 939.452698 665.807617 0.677622
person 456 881.448425 596.465149 907.111023 672.176819 0.738093
frisbee 179 2006.515747 1176.877441 2076.749756 1217.139160 0.980573
kite 478 1539.663086 784.605713 1572.849976 801.638611 0.921328
skis 523 1477.922974 552.128174 1599.035156 594.662720 0.632661
airplane 522 1577.840698 852.305603 1647.062622 886.210327 0.799917
