150431315104
frisbee 179 2006.901855 1176.661499 2077.187988 1216.842163 0.325842
airplane 527 1742.769409 813.275269 2412.093994 1102.650024 0.257879
airplane 467 2153.709717 680.821533 2269.179932 710.155884 0.435272
airplane 1 2119.865967 1249.138184 2241.863037 1298.720581 0.510916
bicycle 526 2002.749512 467.030121 2055.093750 503.785828 0.338452
person 500 2314.011475 499.825165 2341.768555 580.770386 0.506988
person 513 2273.814209 503.216431 2298.462402 585.774658 0.773219
person 508 2232.235596 496.032471 2261.440430 587.657166 0.801022
cup 528 1464.332031 1062.989502 1539.617920 1177.315552 0.416250
kite 478 1539.889893 784.148315 1572.631226 801.213989 0.320196
skis 523 1468.342163 548.912292 1588.784424 590.093811 0.250102
person 456 879.800781 596.168640 904.500488 671.745728 0.764460
person 451 910.548279 579.081116 937.950134 664.432007 0.801552
airplane 522 1577.381592 851.961670 1646.603516 885.866394 0.749132
person 524 2056.945557 467.178955 2071.775635 496.631683 0.923122
