150598307291
frisbee 179 2006.931030 1176.620850 2077.217041 1216.807983 0.368720
airplane 527 1743.572998 813.019043 2412.427002 1101.636963 0.276472
airplane 467 2153.430908 680.678894 2269.294434 710.550903 0.418618
airplane 1 2119.793945 1249.146484 2241.754883 1298.724854 0.517872
bicycle 526 2001.828857 467.106873 2055.426514 503.757538 0.322719
person 500 2319.502930 506.479767 2364.181885 582.055664 0.528056
person 513 2277.092773 506.542053 2311.020020 586.813354 0.774879
person 508 2236.789551 499.100250 2272.873291 590.970520 0.796977
cup 528 1464.520020 1062.944092 1539.756226 1177.206665 0.384683
kite 478 1539.916748 784.076599 1572.575195 801.197815 0.282561
person 456 877.907532 596.227234 904.087097 670.806763 0.781411
person 451 910.688782 578.443176 937.904297 661.603516 0.789317
car 529 1298.181030 547.343384 1409.908325 621.338928 0.676902
airplane 522 1577.212036 852.033264 1646.433960 885.937988 0.790963
person 524 2056.661621 467.196960 2071.491699 496.649689 0.960057
