150997330729
frisbee 179 2006.911377 1176.800781 2077.067383 1216.914551 0.271166
airplane 522 1578.265015 847.930237 1647.393066 887.190674 0.324579
airplane 467 2153.525879 679.443970 2268.959229 709.830566 0.396340
airplane 1 2119.765869 1248.737183 2242.481934 1298.710815 0.409740
person 500 2346.304932 510.625763 2372.760742 586.069763 0.692751
person 513 2301.194824 510.225891 2326.562744 592.075989 0.703116
person 508 2255.365723 501.236359 2285.193848 596.653625 0.842167
cup 528 1464.393188 1063.088989 1539.629395 1177.263306 0.344068
car 529 1326.957764 552.057251 1489.546143 659.312927 0.878790
person 451 910.577637 575.786804 936.582764 660.326111 0.731331
person 456 872.408264 592.863037 899.157776 669.054443 0.822379
person 524 2056.552246 467.152222 2071.382324 496.604950 0.898226
bicycle 526 2002.909058 467.095581 2056.666260 503.786255 0.993715
airplane 527 1761.690186 837.055725 2430.468262 1124.353760 0.761822
kite 478 1540.250610 784.365784 1572.914551 801.489380 0.835281
