151230338541
frisbee 179 2006.895752 1176.757812 2076.925537 1216.967407 0.487587
airplane 1 2121.020752 1248.439209 2243.650879 1298.703125 0.400326
airplane 467 2153.167236 677.763672 2269.244141 709.799011 0.513341
bicycle 526 2002.007324 466.959778 2054.615234 502.622437 0.284500
person 524 2056.550049 467.157013 2071.982422 496.145020 0.324409
person 500 2355.496094 513.579285 2384.340088 591.817139 0.669636
person 513 2310.957520 515.201416 2338.938965 595.420166 0.726693
person 508 2261.488525 506.330627 2296.169922 599.427612 0.809145
car 529 1365.042358 559.517456 1543.383057 681.765381 0.885784
person 451 910.020508 574.748657 935.912842 656.513855 0.741539
person 456 873.017334 592.679504 897.214783 668.714600 0.800346
airplane 527 1667.067505 848.481262 2335.845459 1135.779297 0.654372
airplane 522 1578.728027 848.488708 1647.856079 887.749146 0.826165
kite 478 1540.037842 784.374451 1572.701782 801.498047 0.856755
