151896354166
airplane 467 2153.621094 680.232849 2269.484619 708.553345 0.383938
airplane 1 2120.126953 1249.299683 2241.636719 1298.691528 0.560660
car 532 1586.464355 615.035278 1748.068726 781.241699 0.909644
person 500 2393.757568 515.815918 2411.325928 596.919678 0.507818
person 513 2346.493652 516.720154 2372.611084 600.443604 0.698997
person 508 2291.401611 512.876160 2332.728027 606.604370 0.772914
car 529 1507.801270 618.199036 1590.150757 754.155029 0.617291
person 451 902.428040 574.694153 930.786926 653.802551 0.735261
person 456 869.036987 589.802795 893.268188 664.503113 0.777760
frisbee 179 2006.406006 1176.948975 2076.259277 1217.283203 0.939098
kite 478 1539.950684 784.183716 1572.614624 801.307312 0.857388
airplane 522 1579.413940 847.905090 1648.696289 887.175903 0.867728
airplane 527 1845.695190 810.761902 2434.511230 1093.305786 0.685365
