152296354166
frisbee 179 2006.960815 1176.694458 2077.055664 1217.395752 0.357808
airplane 467 2153.505859 678.760071 2270.098145 709.313904 0.533177
airplane 1 2121.092285 1248.734375 2242.951416 1298.666016 0.568822
car 532 1637.745972 667.178101 1926.648071 870.751099 0.928994
person 508 2312.321289 517.445374 2347.838379 608.185486 0.705339
person 513 2363.593750 521.868713 2393.129150 606.216125 0.706908
kite 478 1540.141357 784.344666 1572.802734 801.449585 0.284796
person 451 902.417175 573.580078 929.329956 649.299622 0.741432
person 456 870.003784 589.236328 895.023438 663.544189 0.747003
airplane 522 1578.712280 848.169617 1647.994629 887.440430 0.881189
person 533 826.140015 905.888428 881.875122 1058.436768 1.000000
airplane 527 1801.998169 809.673767 2390.813965 1092.217651 0.782655
