152529361979
airplane 467 2154.256592 678.599609 2269.118896 710.348694 0.325707
airplane 1 2120.414307 1249.376953 2242.406494 1298.734741 0.472245
car 532 1725.972168 710.369812 2056.170898 938.659119 0.944723
person 508 2326.047119 518.559937 2360.758301 615.825195 0.728837
person 513 2369.650391 523.576294 2405.784912 608.118042 0.743238
person 534 1292.614502 1353.436279 1338.181885 1376.920654 0.489861
person 451 905.786804 571.000854 930.018982 649.368774 0.698086
person 456 873.312988 587.921997 897.994385 659.711182 0.746098
airplane 522 1576.390015 844.246155 1645.400024 895.419312 0.671685
person 533 830.815735 890.156616 884.025269 1042.538574 0.460805
airplane 527 1887.622314 813.972717 2476.437988 1096.516602 0.595013
kite 478 1540.161621 784.418457 1572.804932 801.507202 0.948296
frisbee 179 2006.769531 1176.964966 2076.866211 1217.665894 0.944630
