152562304687
airplane 522 1577.213623 845.830322 1646.274780 891.228943 0.260691
airplane 467 2154.291016 678.470459 2269.172119 710.242126 0.290992
airplane 1 2120.027100 1249.363281 2242.252197 1298.726685 0.470849
car 532 1740.157227 716.417297 2077.151611 948.182129 0.927484
person 513 2369.247070 523.198364 2406.794678 608.394409 0.676813
person 508 2329.636475 517.555603 2362.263184 615.514160 0.744957
person 534 1289.798706 1351.111206 1337.692871 1376.700073 0.581823
person 451 905.872070 570.716187 929.958252 649.238525 0.683409
person 456 873.481934 587.991455 897.903259 659.627319 0.759097
person 533 831.242188 887.639221 884.451721 1040.021118 0.303045
airplane 527 1900.256836 808.257874 2489.072754 1090.801758 0.647627
kite 478 1540.124756 784.408020 1572.768066 801.496765 0.955282
frisbee 179 2006.789307 1177.021118 2076.885986 1217.722046 0.958015
