152595312500
airplane 522 1577.587524 850.629944 1646.868164 889.242432 0.340988
airplane 467 2154.331787 678.544067 2269.130127 710.234741 0.352504
airplane 1 2119.822754 1249.345093 2242.273682 1298.720703 0.440576
car 532 1754.849731 723.440674 2096.582520 959.018921 0.894892
person 513 2371.257568 524.721924 2408.058594 609.418213 0.725652
person 508 2331.691406 517.844238 2362.836182 615.583191 0.759653
person 533 836.353394 885.589417 891.861755 1027.275879 0.458954
person 534 1287.029297 1348.805542 1338.049683 1376.479248 0.506846
person 451 905.982544 569.954956 930.626282 648.835999 0.669344
person 456 873.567017 587.966858 897.794739 659.481689 0.763054
airplane 527 1858.314697 814.952148 2447.130371 1097.496094 0.702228
airplane 535 1578.051880 848.117004 1624.075317 872.709167 1.000000
kite 478 1540.144775 784.418091 1572.788086 801.506836 0.948305
frisbee 179 2006.803101 1177.007935 2076.899902 1217.708862 0.947647
