152828320312
airplane 527 2016.817261 773.862732 2402.672363 1053.641113 0.269104
airplane 522 1577.926270 854.516357 1648.243896 885.206848 0.270109
airplane 467 2147.473389 677.126038 2262.856934 704.870605 0.336798
airplane 1 2121.498535 1248.931885 2243.049072 1298.788940 0.355653
airplane 536 1578.106445 847.782715 1647.765381 917.672729 0.395685
car 532 1865.976318 777.478821 2255.542480 1044.621582 0.728689
person 513 2390.788574 528.771729 2412.660889 613.159424 0.482502
person 508 2343.005371 519.354919 2376.434082 617.403748 0.789648
kite 478 1539.845459 784.099121 1573.044312 801.468018 0.359952
person 534 1264.860474 1325.206421 1337.869141 1375.623291 0.542059
person 451 902.113892 566.378906 928.464539 648.411499 0.611379
person 456 874.655884 586.481323 897.996155 658.975525 0.723937
person 533 842.376221 874.084595 899.097351 1018.122559 0.765858
airplane 535 1578.375732 848.516052 1624.353271 872.999451 0.811338
frisbee 179 2006.636353 1177.049316 2076.733154 1217.750244 0.944863
