153261328125
airplane 536 1578.249390 847.673035 1647.471436 916.062134 0.258936
airplane 522 1577.798584 856.284973 1647.521851 885.622437 0.302411
airplane 527 1807.520020 817.552429 2408.470703 1246.208496 0.395642
airplane 467 2153.491455 680.433105 2268.035156 710.370178 0.518591
person 508 2361.627930 522.492859 2397.303223 624.066711 0.832138
kite 478 1540.123413 784.365173 1572.511353 801.161682 0.340516
bicycle 538 908.104492 610.380127 929.282288 646.545105 0.413596
person 534 1228.799805 1290.651123 1317.755371 1375.594849 0.508599
person 451 899.366943 561.971008 927.339111 648.356812 0.543569
person 456 875.773193 582.772461 901.503723 656.442688 0.757411
person 533 853.761047 861.502808 909.933716 1004.758728 0.842252
airplane 1 2120.432129 1249.441772 2242.160156 1299.001587 0.972001
frisbee 179 2006.868896 1177.005981 2076.965576 1217.706909 0.968588
airplane 535 1578.339355 848.431152 1624.276001 872.948669 0.853208
