153295312500
airplane 536 1578.327026 847.668335 1647.557495 915.947937 0.262700
airplane 522 1577.811646 856.259827 1647.530029 885.629517 0.302033
airplane 467 2153.447510 680.419983 2268.217773 710.423645 0.521779
airplane 527 1776.511963 821.188965 2390.766357 1267.983887 0.530287
person 508 2364.631104 523.027039 2398.899902 622.413025 0.469820
kite 478 1540.128784 784.363953 1572.513550 801.174988 0.332961
bicycle 538 906.743958 607.512390 928.993164 645.764099 0.449766
person 533 855.893555 857.214905 911.460999 1001.170288 0.411629
person 451 899.299988 562.097839 927.054199 646.738708 0.486514
person 456 876.312927 582.456726 901.734253 655.581726 0.723824
airplane 1 2120.193604 1249.445679 2241.921631 1299.005493 0.965346
frisbee 179 2006.862671 1177.013184 2076.959473 1217.714111 0.966616
person 534 1226.971436 1288.491577 1315.927002 1373.435181 0.711490
airplane 535 1578.438599 848.391846 1624.375244 872.909363 0.816809
