153461328125
frisbee 179 2007.060303 1176.740601 2076.963379 1217.134033 0.373116
airplane 467 2153.648193 678.522766 2269.868896 709.929810 0.341072
airplane 1 2120.927734 1249.306519 2242.546631 1298.709229 0.366067
person 534 1214.739746 1272.350830 1311.164795 1372.455811 0.410666
person 451 899.440674 558.614441 925.147705 646.101501 0.582870
person 456 877.797974 581.261841 902.858826 653.902100 0.717364
person 533 859.628967 845.008911 915.478821 983.338745 0.836311
airplane 527 1739.354370 823.695740 2364.554199 1312.609985 0.333177
kite 478 1540.417969 784.453003 1572.798462 801.272522 0.908310
airplane 522 1577.267090 856.021423 1646.982422 885.411072 0.990773
airplane 535 1578.413818 848.666138 1624.350464 873.183655 0.804843
airplane 536 1579.102295 847.655579 1648.338013 915.867554 1.078737
