153628320312
frisbee 179 2007.067749 1176.762451 2076.955078 1217.130981 0.333588
airplane 527 1766.857056 802.305786 2402.356689 1298.471313 0.303683
airplane 467 2153.650879 678.307373 2270.083984 710.027954 0.349068
airplane 1 2120.565674 1249.282959 2242.368652 1298.699707 0.603070
person 534 1210.015381 1259.594971 1313.466675 1376.076660 0.311806
person 533 866.958191 841.851440 925.235107 981.473938 0.592480
person 451 899.693054 560.003784 925.108154 645.554871 0.672998
person 456 880.379944 580.513611 903.700195 652.951172 0.740047
kite 478 1540.441406 784.489380 1572.821899 801.308899 0.900982
airplane 522 1576.964966 856.135620 1646.680298 885.525269 1.007964
airplane 535 1578.391235 848.738647 1624.327881 873.256165 0.805168
airplane 536 1579.144653 847.680481 1648.380371 915.892456 1.061758
