153827343750
frisbee 179 2006.777466 1176.557373 2077.104980 1217.412354 0.484148
airplane 535 1578.212646 847.771851 1623.857910 872.713501 0.259355
airplane 522 1577.917480 855.303894 1647.015625 885.812805 0.293059
airplane 467 2154.075928 679.927246 2269.506836 709.613220 0.352439
airplane 1 2121.742676 1249.108398 2242.599365 1298.705200 0.577430
kite 478 1540.148315 783.993347 1572.580078 801.210083 0.449878
backpack 540 1204.583008 1238.597290 1287.391235 1377.925659 0.601158
person 451 901.166931 566.662659 923.150146 644.378784 0.595090
person 456 880.987305 579.728516 904.045654 651.625061 0.719813
person 533 873.819519 832.464600 930.143250 973.278931 0.780888
backpack 539 1226.556519 1293.513916 1280.824219 1376.991211 0.474484
person 534 1200.381592 1242.308960 1305.128662 1362.065552 0.528250
airplane 536 1579.554199 847.621033 1648.789917 915.833008 0.963850
