153994335937
frisbee 179 2006.788086 1176.525513 2077.145752 1217.429932 0.501415
airplane 535 1578.234619 847.736633 1623.879395 872.723572 0.258028
airplane 522 1577.965088 855.394226 1647.015381 885.868835 0.289605
airplane 467 2154.049805 679.984070 2269.541504 709.670593 0.325746
airplane 1 2121.829590 1249.096436 2242.612061 1298.698486 0.579783
kite 478 1540.153931 783.971497 1572.627930 801.224243 0.438305
person 451 901.126648 568.599548 922.303772 643.857056 0.593620
person 456 881.418152 578.623962 905.289551 651.553894 0.683440
person 534 1193.951050 1229.812134 1283.322388 1369.480713 0.827900
person 533 877.779358 822.714905 932.971130 957.010010 0.833570
backpack 540 1197.726074 1230.210205 1278.794067 1375.216919 0.817245
airplane 536 1580.238159 847.414978 1649.473877 915.626953 0.898655
backpack 539 1221.194580 1286.831665 1279.128296 1373.008667 0.370685
