154094335937
frisbee 179 2006.934326 1176.651123 2077.044434 1217.059937 0.482487
airplane 536 1578.362549 847.698792 1647.399780 917.324951 0.255148
airplane 467 2153.394775 679.637695 2269.320312 709.742249 0.263741
airplane 1 2120.279541 1249.680298 2241.858398 1298.731079 0.647431
backpack 540 1192.169312 1223.405640 1274.499146 1375.658936 0.358097
airplane 541 1438.760620 783.655884 1533.023438 817.129639 0.283686
person 451 896.792358 565.548401 922.227051 643.715027 0.555944
person 534 1190.582886 1222.468140 1276.052002 1374.588257 0.766811
person 456 882.648193 578.955566 905.397217 651.028320 0.769690
person 533 884.613586 820.454590 938.630066 956.283447 0.805870
backpack 539 1213.370605 1274.732910 1271.507690 1366.948120 0.428666
kite 478 1540.037109 784.049500 1572.567627 801.278809 0.913567
airplane 522 1577.908325 855.270935 1646.958618 885.745544 0.947126
