154560351562
airplane 543 1999.728271 636.383850 2110.573975 658.373474 0.318204
airplane 542 2131.510742 523.634277 2407.115234 619.109802 0.336193
airplane 467 2153.257568 678.537415 2269.420898 709.821777 0.428343
airplane 1 2120.772949 1249.171265 2242.439453 1298.748047 0.537905
kite 478 1540.626953 784.217651 1573.000122 801.231995 0.410202
backpack 539 1190.788208 1237.592896 1242.425171 1309.519287 0.471179
person 451 898.347046 564.853394 918.035278 641.708740 0.607050
person 533 889.363831 802.043213 944.354614 935.059265 0.693966
person 456 882.578552 575.998779 904.680420 648.781982 0.729052
person 534 1170.975708 1184.512329 1266.356934 1377.029541 0.914449
frisbee 179 2006.440186 1176.878784 2076.537109 1217.117310 0.970354
airplane 522 1578.502563 854.568359 1647.552856 885.042969 0.894019
backpack 540 1174.909912 1189.977051 1257.099731 1322.768677 0.694080
airplane 536 1576.144531 848.758606 1645.135742 918.722900 0.825893
