15316341145
truck 66 1577.585327 510.600281 1677.280640 606.483093 0.706782
airplane 65 1783.179321 813.837524 2404.167969 1280.699341 0.261454
airplane 49 1578.365845 848.371338 1647.508179 886.526855 0.278622
airplane 58 2195.331787 521.658447 2407.710449 620.126648 0.382894
airplane 1 2119.779297 1249.801514 2241.709961 1298.687866 0.403858
airplane 57 2153.789307 679.930603 2269.054932 709.782349 0.454759
person 63 2099.577393 467.712524 2139.482422 545.123718 0.614677
kite 68 1540.203979 783.972656 1572.510376 801.181213 0.390908
person 11 1043.385742 558.538391 1073.511108 631.815674 0.471964
person 7 901.807251 613.544250 939.606506 700.923950 0.857666
frisbee 38 2006.782593 1176.771362 2076.524414 1217.201538 0.969674
car 62 1574.807251 510.531830 1676.552246 608.667480 0.462017
person 41 2107.243652 472.276489 2136.490967 542.650330 0.668543
traffic light 18 769.749634 563.524109 813.901672 595.720215 0.781647
bicycle 64 1046.467529 584.727722 1072.442139 634.366150 0.791079
