155026302083
airplane 522 1578.334961 855.080566 1647.473511 885.319824 0.261662
airplane 467 2153.316406 678.602478 2269.530762 709.604370 0.296535
airplane 1 2119.489990 1248.937378 2242.301270 1298.783081 0.528577
kite 478 1540.207886 784.438538 1572.492798 801.478088 0.332230
backpack 539 1175.231812 1201.411011 1224.721924 1272.569580 0.325029
person 456 880.333862 575.973328 902.042908 646.280029 0.726333
person 533 903.005798 784.347290 956.968445 913.086792 0.786158
person 534 1154.567017 1153.601196 1247.747803 1368.373535 0.908153
person 544 1832.414062 467.131989 1858.573486 502.705872 0.823396
person 451 895.027405 558.779236 919.984802 637.627563 0.656211
frisbee 179 2006.860229 1176.735352 2077.311523 1216.963501 0.900157
airplane 542 2173.307617 523.580444 2404.938965 618.101685 0.554974
backpack 540 1156.521118 1161.021851 1238.710938 1293.813477 0.444585
airplane 536 1575.967529 851.185608 1644.958740 921.149902 0.712525
