155059309895
airplane 522 1578.181519 855.373413 1647.360352 885.517639 0.259686
airplane 467 2153.336914 678.894897 2269.460449 709.606201 0.322149
airplane 1 2119.727051 1249.061157 2242.314453 1298.808960 0.530264
person 544 1833.085327 467.185425 1859.871948 502.800446 0.525987
kite 478 1540.230835 784.451660 1572.474487 801.504395 0.325382
person 534 1152.805786 1150.790039 1244.219849 1363.110840 0.582476
person 456 880.541138 575.552429 902.007141 645.553833 0.727474
person 533 903.778625 783.912354 959.415894 912.374573 0.810546
backpack 539 1174.003784 1199.962891 1223.493896 1271.121460 0.621788
person 451 895.056030 559.253662 920.013428 638.101990 0.642723
frisbee 179 2006.793579 1176.784790 2077.244873 1217.012939 0.906576
airplane 542 2172.734863 523.432007 2404.366211 617.953247 0.565182
backpack 540 1155.286743 1160.614136 1237.476562 1293.405762 0.497676
airplane 536 1576.437622 851.091248 1645.428833 921.055542 0.727173
