155126302083
airplane 522 1578.045166 852.699890 1647.059570 885.517151 0.259644
airplane 467 2153.305176 679.203491 2269.463623 709.609558 0.314785
airplane 1 2119.907471 1249.154175 2242.292725 1298.801514 0.530830
person 544 1834.163086 467.432251 1862.839966 503.507202 0.537320
kite 478 1540.257568 784.467529 1572.465942 801.529297 0.325526
backpack 539 1167.227295 1193.897583 1218.150146 1261.592896 0.490289
person 451 895.249756 558.810425 918.884216 638.501831 0.318873
person 456 880.717529 575.270142 901.729248 645.149231 0.713484
person 533 904.419800 783.504639 961.248291 912.118347 0.779646
person 534 1148.568115 1144.747314 1238.377563 1350.708496 0.865085
frisbee 179 2006.705078 1176.866211 2077.156250 1217.094360 0.926972
airplane 542 2171.309326 523.293640 2402.940430 617.814880 0.591683
backpack 540 1153.297852 1157.757812 1235.487671 1290.549438 0.347753
airplane 536 1576.462280 850.855469 1645.453491 920.819763 0.728835
