15349348958
frisbee 38 2007.073975 1176.640381 2076.852051 1217.032471 0.280368
truck 66 1577.434814 515.577332 1676.499390 605.829834 0.467431
airplane 49 1578.396851 848.104248 1647.517212 886.613892 0.278811
airplane 1 2119.782471 1249.796265 2241.706543 1298.682007 0.350035
airplane 58 2193.236328 521.638062 2407.273438 619.974365 0.371170
airplane 57 2153.744629 679.973145 2269.008301 709.872192 0.459973
car 62 1576.910034 517.516418 1676.894409 606.329102 0.400115
person 41 2109.156738 469.845306 2140.624756 537.464172 0.692878
kite 68 1540.221558 783.958618 1572.502197 801.187927 0.381959
person 11 1043.391724 558.511963 1073.533691 631.929871 0.478978
person 7 901.842285 613.602661 939.592102 700.946838 0.850383
airplane 65 1783.748413 793.261780 2404.737061 1260.123657 0.553125
person 63 2100.555664 467.756500 2140.460693 545.167664 0.567902
traffic light 18 769.776733 563.514221 813.928772 595.710327 0.771684
bicycle 64 1046.477417 584.718140 1072.452026 634.356567 0.786261
