155492317708
frisbee 179 2007.010742 1176.682495 2076.913574 1217.091675 0.645911
airplane 545 2315.795654 733.690125 2403.112061 770.586548 0.253141
airplane 542 2185.064453 522.683105 2407.619629 617.090942 0.256963
airplane 1 2120.252930 1249.121582 2243.057861 1298.757446 0.440942
airplane 467 2153.166992 679.480164 2268.923096 709.896301 0.444367
bicycle 546 2002.873901 466.988434 2038.061646 498.618317 0.281080
person 544 1842.659180 467.626251 1870.479980 503.988007 0.544268
kite 478 1540.168701 784.041016 1572.832031 801.221619 0.341678
backpack 540 1146.303833 1133.041992 1216.109253 1251.934570 0.316944
person 451 891.092590 562.703918 914.633606 637.145020 0.619318
person 456 876.110840 575.069519 900.387939 646.121338 0.756449
person 533 908.088013 773.598328 959.727356 899.725647 0.836005
person 534 1136.288330 1123.371704 1220.236084 1336.681885 0.849516
traffic light 547 771.931763 570.217285 796.611206 595.072266 0.930475
airplane 522 1577.493774 855.829346 1646.720825 885.918457 0.956809
airplane 536 1576.035889 850.716431 1645.027100 920.680725 0.819555
