155525325520
frisbee 179 2007.031128 1176.688721 2076.916260 1217.091064 0.625189
airplane 1 2120.582520 1249.167969 2243.201172 1298.744141 0.430630
airplane 467 2153.160889 679.483398 2268.899658 709.929626 0.446321
bicycle 546 2002.847168 466.985718 2038.028687 498.552582 0.286539
person 544 1844.577271 467.661346 1870.600830 504.154266 0.561213
kite 478 1540.156860 784.036621 1572.835571 801.230652 0.330988
traffic light 547 771.885864 570.186646 796.671997 595.104370 0.342684
person 451 890.209229 562.470703 913.569763 637.464600 0.643538
person 456 875.325562 574.955811 900.116394 646.181824 0.767390
person 533 908.514832 771.848572 960.485229 898.590698 0.813175
person 534 1136.311035 1120.977417 1219.105103 1332.724609 0.840089
airplane 545 2315.796387 733.773926 2403.112793 770.670288 0.987198
airplane 542 2185.326904 522.706665 2407.882080 617.114502 0.596036
backpack 540 1145.606079 1130.913940 1215.411499 1249.806519 0.585775
airplane 522 1577.411255 855.867004 1646.638306 885.956116 0.946577
airplane 536 1575.824585 850.745667 1644.815796 920.709961 0.734330
