155858333333
frisbee 179 2006.900757 1176.975708 2077.070312 1216.879272 0.563458
airplane 467 2153.210205 677.909424 2270.010986 709.878052 0.299451
airplane 1 2119.289062 1249.124023 2242.397461 1298.745605 0.553519
bicycle 546 2001.091675 467.825653 2051.288818 502.642578 0.264340
person 451 887.485352 561.325134 910.926697 637.541016 0.694917
person 456 872.983582 572.549194 895.842041 643.315796 0.737891
person 533 916.776184 768.327209 968.180908 896.757812 0.840215
person 534 1130.291260 1099.412842 1210.249512 1306.729980 0.889622
backpack 540 1146.315186 1115.655762 1200.575195 1209.011475 0.371627
kite 478 1539.760742 784.175659 1572.528076 801.344971 0.813260
airplane 522 1576.847046 856.238098 1646.074097 886.327209 0.927212
airplane 536 1575.100586 851.075745 1644.091797 921.040039 0.775973
traffic light 547 771.902649 570.137268 796.784485 595.284363 0.948490
