155958333333
frisbee 179 2006.902710 1176.993286 2077.084717 1216.883545 0.557816
airplane 467 2153.185791 677.881653 2269.947998 709.964111 0.308825
airplane 1 2119.287842 1249.079224 2242.460449 1298.739990 0.554930
bicycle 546 2001.533447 467.379639 2049.222656 502.224701 0.291167
backpack 540 1137.389038 1104.896606 1193.743164 1205.454590 0.397550
person 451 887.061829 561.609802 910.342407 636.547913 0.662847
person 456 872.733215 572.554993 894.991821 643.329163 0.732779
person 533 921.219604 760.854492 974.844482 886.461304 0.829597
person 534 1126.742310 1096.624878 1207.583984 1300.713501 0.878156
kite 478 1539.705933 784.228394 1572.473267 801.397705 0.818390
airplane 522 1576.823242 856.259705 1646.050293 886.348816 0.923766
airplane 536 1575.079590 851.198792 1644.070801 921.163086 0.733062
traffic light 547 771.919067 570.276428 796.800903 595.423523 0.613098
