156025325520
frisbee 179 2006.976685 1176.921143 2077.083984 1216.858521 0.301236
airplane 522 1577.490479 855.435181 1646.896729 885.906250 0.300285
airplane 536 1576.838989 849.711426 1645.848999 919.377930 0.319526
airplane 467 2153.459717 678.473572 2269.513916 709.600891 0.424384
airplane 1 2119.569336 1249.387451 2242.161621 1298.721558 0.575906
kite 478 1539.994629 784.270142 1572.717285 801.576355 0.373708
backpack 540 1133.223022 1108.962646 1189.760742 1201.410034 0.415313
person 451 888.341797 560.250549 911.184143 635.975708 0.456443
person 456 872.479309 572.578918 894.505493 642.976562 0.731603
person 533 921.724487 758.129822 975.226990 881.579224 0.749871
person 534 1122.165161 1092.686401 1202.450439 1292.679199 0.898835
airplane 548 1578.056396 848.298950 1623.816162 872.780579 1.000000
bicycle 546 2001.925415 467.134796 2045.719482 501.411987 0.713010
traffic light 547 771.928345 570.299011 796.810181 595.446106 0.646070
