1364322916
airplane 9 1578.083252 856.106323 1647.197510 886.330444 0.309310
airplane 2 2153.760498 679.432556 2269.735352 709.753784 0.436810
airplane 1 2119.231445 1249.372803 2241.675293 1298.707275 0.596504
person 5 2115.324951 467.857910 2151.190918 533.471069 0.509561
person 4 2312.043945 484.880554 2336.982422 552.152771 0.701815
kite 14 1540.359619 784.148804 1572.380737 800.953552 0.285388
motorcycle 10 1125.959595 683.171753 1206.439331 768.512451 0.345488
person 11 1027.449829 548.421814 1055.583862 610.349243 0.583027
person 7 848.164246 556.044739 868.261780 623.027222 0.690658
motorcycle 16 1028.661743 563.763550 1053.327148 614.456543 0.757803
person 8 1129.724976 667.115479 1179.446655 741.957520 0.630089
airplane 20 2181.989990 522.626709 2408.738770 618.869995 1.000000
skis 15 1441.632568 542.613708 1560.974365 581.183655 0.672257
traffic light 18 771.461060 569.512390 795.847778 595.381592 1.005797
