156424348958
chair 549 2160.484619 467.329376 2259.997559 525.273438 0.372905
frisbee 179 2007.059570 1176.744751 2077.220459 1217.129272 0.371522
boat 550 1703.931396 873.112366 1810.487183 909.012085 0.255932
airplane 467 2153.879639 680.070984 2268.778320 708.782227 0.265673
airplane 1 2121.472900 1249.973022 2242.528320 1298.752686 0.381011
kite 478 1540.090454 783.759949 1572.824219 801.352539 0.326552
backpack 540 1120.803955 1102.713013 1172.170166 1184.503418 0.302702
person 451 888.216492 557.577576 910.624817 635.771667 0.600260
person 534 1111.360352 1067.111938 1193.047729 1271.875366 0.639197
person 456 872.003601 571.963989 894.771790 641.103516 0.760300
person 533 928.794373 752.304688 978.108887 871.247620 0.801064
airplane 536 1578.518433 848.078918 1647.522705 917.389221 0.846271
bicycle 546 2001.476318 466.754578 2045.270386 501.031769 0.679286
traffic light 547 772.243713 570.119141 797.125549 595.266235 0.596703
airplane 522 1578.063354 854.445557 1647.670166 885.244934 0.945982
