15515364583
truck 66 1577.493286 504.344177 1675.082397 595.690735 0.354524
airplane 49 1578.325562 847.851562 1647.417969 887.120117 0.334723
airplane 57 2153.436523 679.673462 2268.861816 709.804382 0.383534
airplane 1 2119.953369 1249.570801 2241.846436 1298.674194 0.495045
car 62 1577.512817 506.626190 1674.150635 595.240234 0.357288
person 63 2111.084473 467.636841 2148.398193 548.466431 0.793195
kite 68 1540.307373 783.887756 1572.804688 801.250427 0.338154
traffic light 18 769.882629 563.101440 813.998596 595.604675 0.301778
person 7 900.925659 614.022949 936.058838 699.666260 0.802895
airplane 69 1961.820190 793.219727 2409.154297 1066.042847 1.000000
car 70 1627.505005 467.074829 1645.392944 473.630859 1.000000
bicycle 71 2004.118408 467.000000 2044.026855 499.865479 1.000000
person 11 1043.488892 558.514038 1073.644287 631.705322 0.820273
frisbee 38 2007.192261 1176.672974 2077.049072 1217.078369 0.898332
bicycle 64 1046.460205 585.005493 1072.434814 634.643921 0.758949
