156957356770
frisbee 179 2006.986938 1176.708374 2076.958008 1216.800171 0.479774
airplane 1 2120.124512 1248.860962 2242.445557 1298.723267 0.659485
traffic light 547 771.954651 569.178040 796.632141 595.629578 0.339565
person 533 938.254272 738.060974 987.347229 855.093079 0.697054
person 534 1102.369263 1039.987061 1177.897705 1229.113770 0.719500
person 451 885.830994 556.502197 909.506470 630.695618 0.722501
person 456 866.454529 569.751221 891.927124 638.856506 0.770393
bicycle 546 2006.223267 467.341431 2055.437500 505.395599 0.624693
backpack 540 1118.031372 1084.763916 1161.691284 1151.823486 0.338348
airplane 467 2144.726807 678.510986 2259.438232 706.553589 0.608669
kite 478 1540.173340 784.131653 1572.904175 801.727417 0.911051
chair 549 2158.228027 467.428223 2258.106201 525.406494 0.731492
airplane 522 1578.052368 854.208313 1647.659180 885.007690 0.915046
