157257356770
chair 549 2161.133301 467.179840 2260.672852 525.844360 0.258813
frisbee 179 2006.934937 1176.703125 2077.431885 1217.253418 0.489001
airplane 1 2120.572021 1249.206177 2242.502930 1298.714355 0.316336
airplane 467 2154.799561 681.023621 2269.153320 709.196106 0.428807
bicycle 546 2007.271118 467.066864 2055.467773 504.977356 0.359661
kite 478 1540.225708 784.121521 1572.797974 801.081238 0.418136
person 534 1099.328979 1022.337402 1173.642090 1215.218872 0.501555
person 533 941.294434 730.774963 993.825562 846.586975 0.700163
person 451 887.205994 554.437805 911.695496 628.677063 0.728645
person 456 866.424744 567.865234 889.339661 638.099060 0.775296
traffic light 547 772.197876 569.617859 796.875366 596.069397 0.710375
backpack 540 1106.518433 1052.680176 1159.941650 1139.731201 0.438645
airplane 522 1578.027588 852.566284 1647.128784 887.036621 0.803877
