157323307291
chair 549 2160.999756 467.178284 2260.764404 525.887390 0.253227
frisbee 179 2006.925415 1176.713989 2077.437012 1217.265381 0.464847
airplane 1 2120.586426 1249.238037 2242.457764 1298.720581 0.358208
airplane 467 2154.701416 681.084290 2269.021973 709.150513 0.400813
bicycle 546 2007.478638 467.077148 2055.470215 504.996429 0.363659
kite 478 1540.260010 784.134399 1572.838257 801.095337 0.399820
person 533 941.439636 731.027100 992.496460 844.926147 0.695705
person 451 887.239746 554.593384 911.601990 627.424683 0.749933
person 456 866.419678 567.468750 889.086853 637.274658 0.773890
person 534 1100.566528 1020.592285 1174.888672 1212.130371 0.830339
person 552 1519.987061 1367.661255 1553.318726 1378.786011 1.000000
traffic light 547 772.242371 569.633728 796.919861 596.085266 0.697068
backpack 540 1106.187500 1052.456909 1159.610718 1139.507935 0.445454
airplane 522 1577.967896 852.734863 1647.069092 887.205200 0.852498
