157357356770
frisbee 179 2006.859985 1176.743042 2077.201904 1217.187378 0.410095
airplane 467 2154.092773 680.068787 2268.959229 709.308228 0.409008
kite 478 1540.003906 784.119080 1572.859497 801.283508 0.321960
person 451 888.816284 555.075378 911.350159 626.908630 0.589194
person 534 1101.825562 1019.221313 1175.825317 1209.482788 0.636522
person 456 866.583435 567.273621 888.536438 637.155884 0.731013
person 533 941.627563 730.860596 992.327087 845.247742 0.813273
person 552 1517.126831 1365.699341 1551.382446 1378.173950 0.648138
airplane 1 2120.418457 1249.241333 2242.289795 1298.723877 0.978572
traffic light 547 772.345276 569.674438 797.022766 596.125977 0.660893
backpack 540 1107.005371 1051.907959 1160.428589 1138.958984 0.439641
chair 549 2161.112305 467.176392 2260.876953 525.885498 0.763395
airplane 522 1577.862061 852.770752 1646.963257 887.241089 0.822755
