15582356770
truck 66 1577.516235 502.335144 1674.324219 592.333984 0.454673
airplane 69 1964.515259 792.875610 2409.969727 1065.974121 0.291544
airplane 49 1578.277710 847.902954 1647.383423 887.416199 0.332531
airplane 57 2153.634766 679.881836 2268.873779 709.472351 0.374491
airplane 1 2120.957764 1249.416992 2242.448975 1298.676758 0.477237
car 70 1627.473145 467.043579 1645.404785 473.607727 0.286819
car 62 1577.577148 503.583618 1673.845093 592.153076 0.455206
bicycle 71 2004.019531 466.930786 2042.619141 499.474762 0.251648
person 63 2112.566162 467.505829 2149.221680 548.978577 0.758044
kite 68 1540.350952 783.836243 1573.099365 801.298584 0.306675
traffic light 18 769.967712 562.844177 814.072754 595.587769 0.289374
person 7 901.077820 614.042908 934.383240 699.922180 0.823600
person 11 1043.578247 558.235046 1073.733643 631.426331 0.801882
frisbee 38 2007.046753 1176.824585 2076.903564 1217.229980 0.930804
bicycle 64 1046.471924 585.340454 1072.446533 634.978882 0.770914
