157656315104
frisbee 179 2006.885498 1176.772461 2076.959229 1217.007324 0.378177
airplane 467 2153.433350 677.971375 2269.226318 709.485840 0.434178
person 553 1914.730713 467.266785 1941.392822 512.599670 0.520913
kite 478 1539.631714 784.035706 1572.920654 801.544861 0.318426
backpack 540 1107.166626 1025.951782 1164.016479 1113.798828 0.277056
traffic light 547 771.634766 569.085083 796.363281 595.102051 0.295866
person 552 1493.335327 1335.286621 1535.142822 1374.417603 0.736021
person 456 865.374634 566.281189 887.271606 635.504700 0.751746
person 451 889.924133 555.130066 911.532104 626.722107 0.756778
person 533 940.953735 721.733582 990.234375 836.852112 0.757930
person 534 1100.554443 1000.884705 1171.536987 1184.017212 0.856704
airplane 1 2119.620605 1249.295166 2241.405273 1298.731567 0.981917
chair 549 2162.306152 467.617126 2262.070801 526.326233 0.609729
airplane 522 1577.406616 853.371765 1646.507812 887.842102 0.909967
