157756315104
surfboard 554 1646.643799 918.769043 1916.012207 1098.008057 0.376405
frisbee 179 2006.928711 1176.831787 2076.916748 1217.146606 0.429406
airplane 467 2153.345459 678.658325 2269.917480 709.733643 0.370514
airplane 1 2119.278809 1249.067749 2242.677002 1298.749268 0.502434
person 553 1916.497681 467.860199 1942.221436 514.964905 0.406760
kite 478 1540.046509 784.436523 1573.382324 801.299377 0.383885
backpack 540 1107.203857 1021.783142 1166.223267 1105.162842 0.334409
person 451 889.150024 553.269653 911.619324 627.236938 0.739118
person 456 863.875916 565.739380 886.439148 635.338257 0.748182
person 533 943.660034 720.568848 991.995728 834.008667 0.776652
person 552 1480.118652 1319.558228 1546.315063 1375.131958 0.796224
person 534 1100.130127 999.532898 1171.003662 1184.030518 0.859188
chair 549 2162.550537 467.314301 2262.315186 526.023376 0.600044
airplane 522 1577.365234 853.381592 1646.466431 887.851929 0.926841
