157856315104
surfboard 554 1646.501465 918.978699 1916.216675 1098.183960 0.392923
frisbee 179 2006.965942 1176.843140 2076.940918 1217.180542 0.450655
airplane 467 2153.205811 678.960205 2269.885254 709.774658 0.356154
airplane 1 2119.223633 1249.082397 2242.753418 1298.755371 0.448027
person 553 1918.101318 467.320709 1943.037476 514.803467 0.662931
kite 478 1540.131226 784.524597 1573.411621 801.251648 0.375677
person 456 862.290405 566.161316 884.466187 635.372131 0.738227
person 451 888.621582 553.508301 910.979675 627.341064 0.739895
person 533 945.743958 719.946228 993.663574 832.536194 0.788403
person 534 1101.716675 996.810364 1169.971680 1177.895142 0.816606
person 552 1468.206787 1308.923584 1545.261108 1376.077515 0.846688
person 555 908.069946 584.400635 924.116028 621.687927 0.908776
backpack 540 1106.887451 1019.881836 1163.535767 1101.481812 0.589717
chair 549 2162.244385 467.074310 2262.009033 525.783386 0.656285
airplane 522 1577.256958 853.445557 1646.358154 887.915894 0.902488
