157889322916
surfboard 554 1646.386841 918.964172 1916.140625 1098.189941 0.386844
frisbee 179 2006.968750 1176.845947 2076.940430 1217.181396 0.427988
airplane 467 2153.115479 678.862488 2269.815430 709.860474 0.354666
airplane 1 2119.219238 1249.093750 2242.745361 1298.757202 0.447688
person 553 1918.842896 467.229279 1943.248047 514.716187 0.569709
kite 478 1540.137817 784.534180 1573.421997 801.238525 0.375299
person 555 907.541992 583.553955 924.095459 621.369019 0.252002
person 451 888.405273 553.865601 910.780396 627.363831 0.711303
person 456 861.989014 566.080261 884.056763 635.232422 0.739430
person 533 945.872437 720.013000 993.385254 833.079346 0.749551
person 534 1101.763428 995.504456 1168.609863 1174.901978 0.846591
person 552 1465.001099 1306.232178 1544.411987 1376.332520 0.848122
backpack 540 1106.626221 1018.748962 1163.274536 1100.348999 0.591399
chair 549 2162.101318 466.995697 2261.865967 525.704773 0.689975
airplane 522 1577.209106 853.541016 1646.310303 888.011353 0.900086
