157923307291
surfboard 554 1646.367188 919.034302 1916.069458 1098.068481 0.358223
frisbee 179 2006.967041 1176.848877 2076.943604 1217.195435 0.386788
airplane 467 2153.065674 678.800232 2269.775635 709.911682 0.354268
airplane 1 2119.225342 1249.082275 2242.746094 1298.741211 0.446620
person 553 1920.089600 467.184723 1943.558228 514.631104 0.437726
kite 478 1540.141235 784.545227 1573.408691 801.245667 0.379914
person 451 888.168396 553.383911 910.577332 626.651855 0.658852
person 456 861.552612 565.819336 883.679871 634.815674 0.723358
person 533 946.078552 718.781494 993.842407 833.103821 0.759594
person 552 1461.593140 1304.044678 1542.346680 1376.549683 0.878914
person 534 1101.882202 993.351562 1168.188599 1170.301392 0.879905
person 555 908.173035 583.718445 924.726501 621.533508 0.783952
backpack 540 1106.619629 1017.455383 1163.267944 1099.055420 0.567132
chair 549 2161.924316 466.958435 2261.688965 525.667542 0.691521
airplane 522 1577.099365 853.637634 1646.200562 888.107971 0.864867
