158722330729
frisbee 179 2006.673218 1176.756714 2077.168213 1216.913452 0.333857
airplane 522 1578.080566 853.480774 1647.252075 886.739563 0.345956
airplane 467 2153.531494 677.544250 2269.056641 709.494995 0.456075
airplane 1 2118.522461 1249.117554 2242.208984 1298.669800 0.626489
kite 478 1540.043335 784.046448 1572.845703 801.110413 0.333851
person 456 860.364502 562.533325 882.125977 632.208618 0.638646
person 533 944.378601 702.893738 991.035889 812.473938 0.791911
person 552 1401.788574 1226.682739 1493.840942 1372.650269 0.904932
person 553 1942.088013 467.790039 1966.893921 517.788086 0.704742
airplane 556 1578.131226 848.025269 1646.890259 917.349792 1.000000
person 534 1122.372925 961.740051 1189.519775 1134.018921 0.669069
person 451 890.017761 553.493591 912.338379 622.685486 0.819840
backpack 540 1125.229614 984.285095 1169.805908 1062.227905 0.491240
chair 549 2152.507324 467.135559 2262.751953 525.769531 0.657052
