158888346354
frisbee 179 2006.774170 1176.691895 2077.405518 1216.882568 0.330343
airplane 522 1577.740479 855.760559 1647.070068 885.795166 0.338453
airplane 556 1578.083740 848.020935 1646.837036 917.357910 0.348941
airplane 467 2153.747314 678.412964 2268.635254 709.581848 0.464350
airplane 1 2117.971436 1248.835571 2242.347412 1298.739014 0.616010
person 553 1948.674805 468.008362 1974.314453 519.549622 0.420876
kite 478 1539.890381 783.969727 1572.862793 801.147705 0.328274
person 451 888.236450 551.210876 911.833130 619.292786 0.344699
person 456 858.486694 563.045410 879.477844 630.112915 0.749268
person 533 945.658386 702.520630 991.747437 811.849121 0.786059
person 534 1125.883301 958.256897 1193.843018 1132.541504 0.794673
person 552 1392.744385 1204.478394 1482.370239 1372.356812 0.892627
backpack 540 1128.573364 981.997375 1173.149658 1059.940186 0.499243
chair 549 2149.646729 467.694458 2259.891357 526.328430 0.460355
