158922330729
frisbee 179 2006.777100 1176.690430 2077.417480 1216.884033 0.364849
airplane 522 1577.745361 855.865417 1647.080200 885.774353 0.338450
airplane 556 1578.139526 848.263184 1646.853638 917.445374 0.347831
airplane 467 2153.826416 678.383972 2268.860596 709.585999 0.463841
airplane 1 2118.260742 1248.845703 2242.466064 1298.750366 0.615844
kite 478 1539.890625 783.965881 1572.865845 801.147522 0.322393
person 451 889.052795 551.438904 912.272461 619.300781 0.370923
person 456 858.018433 562.979492 878.922852 629.888184 0.736338
person 533 945.625427 702.591370 991.479248 811.740662 0.803912
person 534 1127.189453 956.797852 1194.709351 1131.970215 0.854704
person 552 1388.564941 1202.132812 1481.395996 1372.912476 0.906615
backpack 540 1128.860107 981.749695 1173.436401 1059.692505 0.551618
chair 549 2149.292725 467.745361 2259.537354 526.379333 0.399134
person 553 1949.419922 468.341339 1975.059570 519.882629 0.781656
