159121354166
frisbee 179 2006.717163 1176.331421 2077.067627 1216.777832 0.486971
airplane 1 2121.225098 1249.494507 2243.431885 1298.747070 0.358220
airplane 467 2153.713867 678.854248 2268.822754 710.142334 0.475770
person 451 888.508179 550.754028 911.761475 618.547913 0.681406
person 534 1132.074585 948.315735 1198.913330 1114.605225 0.702299
person 456 855.997192 561.619141 876.434204 628.262817 0.777287
person 533 945.554688 694.793762 991.974609 801.254150 0.787597
person 552 1367.195557 1193.773438 1467.206055 1375.404663 0.909637
backpack 540 1132.320557 965.171875 1177.235962 1050.899902 0.517483
airplane 556 1579.127563 847.629517 1647.896240 917.030823 0.895074
kite 478 1539.889038 784.168762 1572.875610 801.361755 0.818972
chair 549 2149.317627 467.473663 2259.562256 526.107666 0.560215
person 553 1955.511963 470.012421 1981.151611 521.553711 0.407980
airplane 522 1577.318237 855.470032 1646.660889 885.279602 0.959271
