159221354166
frisbee 179 2006.737427 1176.305054 2077.050537 1216.791626 0.492546
airplane 1 2121.554932 1249.569214 2243.459961 1298.731201 0.359758
airplane 467 2153.755371 678.818115 2269.203125 710.179626 0.462886
person 451 888.284241 550.979004 910.458740 618.887573 0.692484
person 533 944.905579 691.492798 991.309937 798.555481 0.709944
person 456 855.234253 561.691711 876.326660 627.978333 0.788539
person 534 1134.531372 946.062988 1201.484863 1112.830811 0.838827
person 552 1359.200195 1185.671265 1462.602417 1375.463257 0.899136
backpack 540 1133.812988 963.210510 1178.728394 1048.938477 0.625739
airplane 556 1579.929321 847.193054 1648.697998 916.594360 0.768294
kite 478 1540.021118 784.254578 1573.007690 801.447571 0.795100
chair 549 2149.401367 467.556305 2259.645996 526.190308 0.415552
person 553 1956.206177 467.937866 1981.845825 519.479126 0.515419
airplane 522 1577.209106 855.162231 1646.551758 884.971802 0.978615
