159288346354
frisbee 179 2006.763672 1176.308716 2077.069092 1216.800415 0.496874
airplane 1 2121.594238 1249.573486 2243.446045 1298.720581 0.356418
airplane 467 2153.712891 678.801025 2269.273926 710.176086 0.469954
person 451 888.306580 550.469666 909.482849 618.461853 0.630931
person 533 943.954590 691.257385 990.872559 797.553955 0.747114
person 456 854.790771 561.420044 875.901978 627.546875 0.762350
person 534 1137.362305 945.127991 1209.088135 1111.924194 0.837522
person 552 1354.406494 1176.943848 1455.325317 1374.247314 0.891392
backpack 540 1135.847778 962.238403 1180.763184 1047.966431 0.589102
airplane 556 1580.561646 846.668762 1649.330322 916.070068 0.633325
kite 478 1540.099609 784.257507 1573.086182 801.450500 0.802789
chair 549 2149.217773 467.714020 2259.462402 526.348022 0.442494
person 553 1958.205811 466.997803 1983.845459 518.539062 0.475308
airplane 522 1577.289795 855.005310 1646.632446 884.814880 0.961471
