159355338541
frisbee 179 2006.708740 1176.423340 2076.863525 1217.006226 0.263573
airplane 556 1579.646973 847.144958 1648.667725 916.417358 0.318127
airplane 467 2153.539551 679.135071 2269.329590 710.286072 0.378523
airplane 1 2120.877686 1249.232422 2242.967285 1298.685547 0.523526
backpack 540 1140.393311 965.724792 1173.580200 1038.223511 0.519305
person 451 888.167969 549.683655 910.316467 618.065125 0.712507
person 456 854.689270 560.922607 875.332153 627.624695 0.720966
person 534 1141.435547 944.897522 1219.316406 1112.667725 0.816410
person 533 943.013916 691.550232 989.862732 795.828308 0.825439
person 552 1351.563232 1168.396362 1447.295898 1373.415283 0.897026
kite 478 1540.050415 784.219971 1573.036987 801.412964 0.808015
bicycle 557 2003.535400 467.084656 2060.312500 504.800140 1.000000
traffic light 558 1218.395752 767.294617 1267.076782 817.839844 1.000000
chair 549 2149.172607 467.348083 2259.417236 525.982056 0.513467
person 553 1959.973877 467.024750 1985.613525 518.566040 0.325642
airplane 522 1577.444336 854.810486 1646.786987 884.620056 0.935568
