15782356770
airplane 69 1961.957764 792.403137 2410.216309 1065.852661 0.289485
airplane 49 1578.241089 847.805115 1647.347900 887.438110 0.329633
airplane 57 2153.673828 679.962036 2268.806396 709.377991 0.396940
airplane 1 2120.903809 1249.241821 2242.389160 1298.668945 0.467279
car 70 1627.190552 467.049347 1645.480225 473.645935 0.302217
car 62 1577.649902 497.443604 1671.488403 585.059937 0.413643
person 63 2112.509521 467.354034 2146.331299 549.316223 0.767308
kite 68 1540.380615 783.837158 1573.259766 801.351501 0.324384
traffic light 18 769.966675 562.671387 814.103394 595.645325 0.286964
person 7 900.654114 612.635132 931.673462 700.220825 0.832800
person 11 1044.021118 558.078003 1074.176514 631.269287 0.656584
truck 66 1576.231567 497.467133 1670.126953 587.002808 0.591426
frisbee 38 2006.742065 1176.916504 2076.598877 1217.321899 0.910131
bicycle 64 1046.677246 585.577148 1072.651855 635.215576 0.746013
bicycle 71 2004.233398 466.516449 2042.833008 499.060425 0.840919
