159721354166
chair 549 2153.538330 467.288300 2260.546387 525.856262 0.425398
frisbee 179 2006.713135 1176.540649 2076.939941 1216.963135 0.418070
airplane 467 2153.379395 679.593567 2269.052979 710.147888 0.399385
airplane 1 2119.930176 1249.050659 2242.505859 1298.734253 0.452619
person 534 1164.605713 932.686462 1233.960938 1099.541870 0.427275
person 456 854.218750 558.489563 875.664124 626.693176 0.588436
person 451 887.438843 549.554688 909.632324 615.900208 0.681273
person 533 937.843018 686.197998 983.006836 792.640625 0.858922
person 552 1336.072144 1145.561035 1422.619751 1374.543701 0.882001
person 559 902.502991 572.339539 916.325562 612.796936 0.988060
backpack 540 1164.668335 956.931091 1203.688843 1029.205811 0.445467
person 553 1985.168457 476.218445 2010.808105 527.759705 0.687548
kite 478 1540.308594 784.213684 1572.908081 801.247803 0.863272
airplane 522 1578.817017 853.498047 1648.159668 883.307617 0.811905
traffic light 558 1218.395996 767.451599 1267.103760 817.971680 0.803945
