159754361979
chair 549 2154.246094 467.243927 2260.638916 525.809570 0.431738
frisbee 179 2006.707275 1176.533203 2076.993164 1216.886353 0.449933
airplane 467 2153.420166 679.634460 2268.956787 710.099365 0.397935
airplane 1 2119.959961 1249.090942 2242.495850 1298.724365 0.449416
backpack 540 1166.555664 945.168884 1209.744507 1026.423096 0.532970
person 559 902.505371 572.568481 916.514465 612.556152 0.303994
person 456 854.091309 558.181152 875.303711 626.567505 0.628893
person 534 1167.092651 933.317322 1235.529053 1097.538574 0.686421
person 451 887.565674 549.523499 909.329773 615.771423 0.693397
person 533 938.086548 685.944946 983.074036 792.583191 0.851189
person 552 1334.569824 1142.377075 1419.391846 1374.001465 0.880226
person 553 1986.023560 476.585022 2011.663208 528.126282 0.658555
kite 478 1540.333862 784.203918 1572.933350 801.238037 0.848826
airplane 522 1578.850464 853.485596 1648.193115 883.295166 0.827407
traffic light 558 1218.400513 767.478149 1267.108276 817.998230 0.799915
