15815364583
airplane 69 1960.193359 792.324097 2410.182129 1065.893921 0.277766
airplane 49 1578.236206 847.789673 1647.343628 887.428955 0.328019
airplane 57 2153.529297 679.598633 2268.897217 709.511780 0.411155
airplane 1 2121.109131 1249.260498 2242.508789 1298.690552 0.465973
car 70 1627.150635 467.046539 1645.494141 473.660400 0.296178
car 62 1575.631836 504.011383 1665.185425 583.796631 0.426981
person 63 2112.471680 467.367188 2144.222656 549.039368 0.753237
kite 68 1540.279297 783.935364 1573.318481 801.490479 0.326857
traffic light 18 769.973450 562.694885 814.105835 595.647034 0.284213
person 7 900.575989 612.442017 931.325745 700.072449 0.837309
person 11 1044.046387 558.077087 1074.201782 631.268372 0.655615
truck 66 1574.580078 496.906067 1668.475464 586.441772 0.476822
frisbee 38 2006.714111 1176.903442 2076.571045 1217.308838 0.910225
bicycle 64 1046.689697 585.594177 1072.664307 635.232605 0.748328
bicycle 71 2004.289185 466.495789 2042.888794 499.039764 0.826869
