159954361979
chair 549 2154.842285 467.169464 2260.563232 525.753479 0.395068
frisbee 179 2006.680420 1176.560425 2077.074951 1216.803101 0.418675
airplane 467 2153.524170 679.553589 2268.843750 710.013245 0.398202
airplane 1 2120.051514 1249.152832 2242.526367 1298.707886 0.443529
backpack 540 1175.045532 940.360291 1216.961670 1019.392029 0.327782
person 534 1181.147827 929.185425 1250.925049 1092.271240 0.558381
person 451 887.806335 550.113892 909.910461 614.730286 0.644367
person 456 851.823425 559.839478 872.476746 626.437012 0.778938
person 533 938.747192 686.359619 983.191650 792.374939 0.861739
person 552 1322.102783 1122.512085 1402.989380 1349.185791 0.899868
person 553 1988.000366 475.906891 2013.640015 527.448181 0.628576
kite 478 1540.346558 784.201721 1572.946045 801.235840 0.848819
person 559 902.720276 572.233643 916.863647 611.870239 0.989362
airplane 522 1578.921143 853.443237 1648.263794 883.252808 0.823300
traffic light 558 1218.433228 767.647034 1267.140991 818.167114 0.852059
