160087304687
airplane 522 1578.054077 855.761353 1647.605835 885.659851 0.256846
airplane 560 1931.517212 787.276245 2410.643066 1065.882690 0.270054
airplane 1 2119.460693 1249.284790 2241.833496 1298.661499 0.314323
airplane 467 2153.713623 679.435181 2269.388184 709.260925 0.397636
person 553 1993.776733 469.773071 2024.772827 526.810669 0.460896
kite 478 1540.341553 783.922913 1572.874268 801.200684 0.485917
skis 561 1461.653564 547.154053 1582.245361 587.063110 0.303166
backpack 540 1182.105957 944.507690 1220.271484 1017.259644 0.567883
person 559 902.731262 569.385559 914.166931 610.823181 0.283648
person 451 888.374329 551.215820 907.789734 612.971436 0.550589
person 534 1192.673828 927.378540 1261.879639 1090.527100 0.684195
person 456 850.369629 559.325378 871.784119 625.189941 0.738901
person 533 939.830994 682.184326 984.251343 788.136108 0.823003
person 552 1308.125732 1117.544800 1397.149902 1346.509155 0.915895
chair 549 2157.899414 467.143158 2260.997559 525.255371 0.891579
traffic light 558 1218.086548 767.660828 1266.794312 818.180908 0.790050
frisbee 179 2006.531128 1176.713013 2076.928223 1216.948853 0.970298
