160187304687
chair 549 2161.471924 467.336426 2261.499268 524.987305 0.250442
airplane 522 1577.853394 856.098145 1647.444824 886.000977 0.255293
airplane 560 1933.734619 786.853821 2411.487305 1065.429688 0.267078
airplane 1 2119.407227 1249.310303 2241.758057 1298.649292 0.312730
airplane 467 2153.786621 679.365662 2269.561035 709.120667 0.412088
person 553 1993.285522 468.571289 2027.941284 528.135681 0.394589
kite 478 1540.346680 783.877258 1572.868286 801.196960 0.483418
skis 561 1461.677979 547.103271 1582.244995 586.963440 0.288270
backpack 540 1188.631104 949.125549 1221.741211 1015.173584 0.696207
person 451 888.890320 551.134155 908.831848 612.959167 0.403004
person 456 849.435059 559.175049 871.880310 624.739563 0.760300
person 534 1199.183105 926.422241 1270.657349 1090.768799 0.813583
person 533 940.201721 678.705078 984.858093 783.378784 0.818426
person 552 1298.275513 1114.223022 1395.109253 1341.659912 0.914068
person 559 903.337646 567.944153 914.767883 610.278320 0.581972
traffic light 558 1217.939819 767.648010 1266.647583 818.168091 0.796146
frisbee 179 2006.385498 1176.768311 2076.782715 1217.004150 0.969749
