160453320312
airplane 467 2153.520020 679.651794 2269.409668 709.978088 0.401041
airplane 562 2190.352295 523.204346 2406.912109 619.134460 0.460298
airplane 1 2119.720215 1249.053345 2241.523193 1298.743164 0.519221
backpack 540 1204.619995 935.291687 1247.426758 1006.679077 0.481647
traffic light 558 1217.476196 767.265259 1267.001587 817.767761 0.256610
person 451 883.886902 549.314209 904.965820 615.606689 0.564774
person 534 1219.822144 919.485168 1274.271851 1079.215454 0.729428
person 456 850.064880 559.371765 870.523987 623.876831 0.762361
person 533 938.842285 678.274719 981.603455 780.655945 0.837347
person 552 1276.351929 1092.765869 1367.017822 1312.329834 0.899863
kite 478 1539.956543 784.020508 1572.675049 801.649292 0.930940
person 553 2001.281006 467.488525 2031.423706 527.313171 0.349930
airplane 522 1577.384766 855.901855 1646.989624 885.798889 0.975852
chair 549 2162.470459 468.093811 2262.497803 525.744629 0.485838
frisbee 179 2006.405518 1176.777222 2076.802734 1217.013062 0.977479
person 559 901.176575 555.388733 918.738281 607.216187 0.406450
