15882356770
airplane 49 1578.331543 847.786621 1647.160278 886.961060 0.315397
airplane 1 2119.861084 1249.242676 2242.132080 1298.692017 0.441977
airplane 57 2153.480957 678.588562 2269.352051 708.537048 0.532943
car 70 1627.619751 467.115875 1645.836304 473.746796 0.309956
car 62 1576.405029 506.707825 1660.392456 577.325134 0.333106
person 63 2112.036133 467.288055 2142.005371 548.895874 0.822031
person 11 1043.389648 558.623718 1073.481323 629.435608 0.419864
person 7 900.132263 612.197998 931.241394 700.057800 0.844719
frisbee 38 2006.604492 1176.947632 2076.461426 1217.353027 0.993112
bicycle 64 1046.826538 585.594727 1072.801147 635.233154 0.758991
truck 66 1574.163818 494.342560 1668.591431 580.861023 0.617312
kite 68 1540.131104 784.021484 1573.170288 801.576599 0.902012
bicycle 71 2004.300171 466.523560 2042.899780 499.067535 0.766086
traffic light 18 770.003540 562.658508 814.135925 595.610657 0.795733
