160753320312
chair 549 2165.436768 468.494904 2260.618408 524.985596 0.281675
airplane 522 1577.793335 857.511292 1647.538940 885.901184 0.251794
airplane 562 2164.095459 524.282532 2403.428223 619.140259 0.277243
airplane 467 2153.736328 679.758667 2269.498047 710.098816 0.466687
airplane 1 2120.046875 1249.041748 2242.613770 1298.737793 0.712966
person 553 2015.164551 467.278870 2047.727661 529.586426 0.616179
kite 478 1539.539673 784.071960 1573.251831 801.532471 0.295931
suitcase 564 1299.411011 956.541565 1349.903442 1024.818848 0.392199
backpack 540 1220.800659 943.466736 1251.632568 999.187317 0.466865
person 451 880.755371 549.524475 904.128479 613.098938 0.701533
person 456 851.735840 555.468384 870.760376 621.450439 0.711559
person 534 1239.670166 916.229858 1314.739624 1076.031494 0.807117
person 533 935.348938 671.828125 982.088135 773.723022 0.860081
person 552 1258.620972 1081.577026 1343.396606 1305.574463 0.895297
frisbee 179 2006.358521 1176.792847 2076.755615 1217.028687 0.927174
person 559 898.357788 550.621521 915.919495 602.448975 0.367816
traffic light 563 771.430359 566.883240 795.741882 594.451904 0.885583
