160919335937
chair 549 2165.899902 468.003540 2260.347656 524.470337 0.262122
airplane 522 1577.771362 857.661499 1647.544067 885.768250 0.251007
airplane 562 2162.936768 524.045593 2405.012451 619.033081 0.261590
airplane 467 2153.869385 679.566711 2269.729492 710.059082 0.450133
airplane 1 2120.036621 1249.053345 2242.838135 1298.735718 0.713113
person 553 2025.098145 467.212769 2053.280029 530.325195 0.524532
kite 478 1539.363892 784.097900 1573.318359 801.471558 0.270361
suitcase 564 1299.697876 956.431519 1350.123413 1025.005859 0.340455
backpack 540 1233.457275 941.852783 1267.515503 999.943604 0.599600
person 451 881.291260 549.389099 904.226318 612.299133 0.259962
person 456 851.445129 555.056946 870.455139 621.260010 0.729837
person 534 1246.605225 915.688477 1319.951538 1074.805908 0.797497
person 533 937.919373 672.251953 983.315369 774.551331 0.835342
person 552 1250.651978 1066.953125 1324.779541 1280.044189 0.856708
frisbee 179 2006.366577 1176.812866 2076.763672 1217.048706 0.928985
person 559 897.511780 547.568787 915.073486 599.396240 0.389975
traffic light 563 771.323547 566.949036 795.635071 594.517700 0.882274
