161552343750
airplane 467 2153.380859 678.782471 2269.512939 709.790161 0.415665
airplane 1 2120.546631 1248.612061 2243.091797 1298.765137 0.550093
airplane 562 2174.009521 523.585266 2405.404785 618.620972 0.557047
person 553 2049.007324 467.447479 2080.872559 535.955994 0.504154
kite 478 1539.992188 784.680969 1572.860229 801.313110 0.350539
backpack 540 1264.281982 933.600403 1302.715576 994.617554 0.363125
traffic light 563 771.643555 569.414612 795.780396 594.079041 0.368015
person 559 896.250793 567.410461 909.574402 605.213257 0.273252
person 534 1283.304443 907.216858 1338.608032 1070.649658 0.640782
person 456 847.104126 556.415649 866.264648 619.547607 0.766666
person 533 940.004211 664.351624 982.401978 762.427185 0.861137
person 552 1194.440796 1033.110596 1281.727173 1242.016724 0.903611
frisbee 179 2006.390747 1176.872559 2076.456787 1216.994995 0.951124
airplane 522 1577.500122 856.722961 1647.273560 884.769653 1.008181
person 451 881.943726 548.792114 903.088684 610.341797 0.659577
