161619335937
airplane 467 2153.370850 678.824585 2269.517334 709.789490 0.384316
airplane 562 2175.596680 523.539368 2405.327148 618.545410 0.546942
airplane 1 2120.552979 1248.609131 2243.113525 1298.764648 0.552119
person 553 2054.501221 467.346802 2082.027100 535.875610 0.654071
kite 478 1539.993408 784.697876 1572.860962 801.307617 0.341719
backpack 540 1267.381348 935.729065 1306.741089 993.717651 0.506819
person 559 895.480652 567.170654 909.053406 603.708740 0.282196
person 534 1279.972656 905.231445 1340.014038 1070.594971 0.369589
person 456 846.920837 556.631470 865.977966 619.583374 0.766328
person 533 939.390503 663.006897 982.056885 759.827698 0.842033
person 552 1188.518799 1031.377441 1277.529663 1241.917603 0.894571
frisbee 179 2006.310303 1176.875610 2076.376221 1216.998047 0.948664
traffic light 563 771.634094 568.761536 795.770935 593.425964 0.687496
airplane 522 1577.637451 856.665466 1647.410889 884.712158 1.009903
person 451 880.775208 549.008606 901.920166 610.558350 0.682158
