161652343750
airplane 467 2153.354492 678.783142 2269.511475 709.842041 0.388959
airplane 1 2120.571289 1248.607544 2243.120605 1298.764038 0.553574
airplane 562 2178.296875 523.559875 2405.541260 618.568970 0.555116
person 553 2057.030762 467.240448 2082.769531 536.038940 0.669408
kite 478 1539.995239 784.702026 1572.861084 801.305725 0.354158
backpack 540 1269.049683 935.703918 1308.240112 992.322998 0.452542
person 559 894.845764 567.057434 908.609070 602.722412 0.348797
person 534 1277.982910 904.465576 1340.965942 1070.605713 0.659577
person 456 846.730652 556.804565 865.812988 619.710693 0.768833
person 533 939.178589 662.215881 981.787170 759.256897 0.808745
person 552 1186.514648 1030.794678 1275.329712 1241.671509 0.899360
frisbee 179 2006.256226 1176.890503 2076.322266 1217.012939 0.954521
traffic light 563 771.632629 568.576294 795.769470 593.240723 0.773479
airplane 522 1577.685913 856.605164 1647.459351 884.651855 0.993357
person 451 880.198486 548.916138 901.343445 610.465820 0.706250
