161719335937
frisbee 179 2006.931396 1176.672485 2076.914795 1216.980347 0.406558
airplane 562 2188.017334 523.373901 2408.349609 618.803284 0.275312
airplane 467 2153.895020 678.941406 2269.941162 708.334229 0.333542
airplane 1 2120.456543 1248.602539 2242.644287 1298.729370 0.487107
person 553 2060.170654 467.360077 2084.626465 537.216370 0.754993
kite 478 1539.765869 784.296082 1573.010864 801.473206 0.420922
backpack 540 1272.818115 931.305847 1314.866089 991.440857 0.572038
person 534 1284.924927 903.049805 1344.220093 1070.379150 0.688649
person 456 846.801514 557.065125 865.892212 618.414917 0.756058
person 533 938.289795 659.423828 981.709778 757.784851 0.825461
person 552 1183.809204 1029.141846 1272.238037 1240.267456 0.910264
surfboard 567 1703.700562 872.668701 1810.405640 908.463013 0.994265
traffic light 563 771.605652 568.338013 795.742493 593.002441 0.819040
airplane 522 1577.812500 856.669250 1647.585938 884.715942 0.959131
person 451 879.120667 548.599487 900.265625 610.149170 0.699058
