161818359375
surfboard 567 1703.558472 872.690002 1810.266479 908.473267 0.278280
frisbee 179 2007.089478 1176.648804 2077.043945 1217.022217 0.411020
airplane 562 2191.293213 523.295532 2408.045654 619.297607 0.274059
airplane 467 2153.963379 678.980164 2270.029785 707.319275 0.324368
airplane 1 2120.401123 1248.605225 2242.428223 1298.725342 0.487186
person 553 2063.959229 467.417328 2090.148193 539.155334 0.734072
kite 478 1539.687622 784.127808 1573.108887 801.566833 0.410882
backpack 540 1275.027710 934.512817 1314.027222 990.199341 0.345711
person 534 1289.802490 901.199768 1345.359741 1065.630737 0.344659
person 456 846.873352 557.675781 865.607788 617.443420 0.689954
person 533 938.235962 659.196167 981.385254 758.074707 0.737763
person 552 1181.131226 1024.781738 1266.979736 1236.962524 0.894954
bicycle 568 885.913086 569.187988 910.062683 606.880737 0.926166
traffic light 563 771.625793 568.216064 795.762634 592.880493 0.857041
airplane 522 1577.976440 856.593018 1647.749878 884.639709 0.965957
person 451 878.663940 548.216980 899.808899 609.766724 0.646036
