161918359375
surfboard 567 1703.619751 872.744629 1810.312744 908.490051 0.301842
frisbee 179 2007.107178 1176.647461 2077.054932 1217.036011 0.411240
airplane 562 2191.684082 523.391174 2408.029297 619.744141 0.277825
airplane 467 2154.062744 678.984924 2270.134766 707.171143 0.322692
airplane 1 2120.397461 1248.625122 2242.390381 1298.740479 0.487135
person 553 2064.153809 467.751068 2095.218262 541.735229 0.736628
kite 478 1539.689331 784.105225 1573.141602 801.600586 0.417992
backpack 540 1278.029907 933.997681 1315.338745 987.796753 0.297832
person 534 1297.140625 900.727417 1348.941406 1062.482544 0.586817
person 456 846.782166 557.907776 865.124878 617.080261 0.704251
person 533 938.341125 660.026794 981.066101 757.980225 0.795974
person 552 1179.139404 1016.890381 1262.806274 1223.625000 0.892060
traffic light 563 771.641418 568.187256 795.778259 592.851685 0.873269
airplane 522 1577.980103 856.582947 1647.753540 884.629639 0.965043
person 451 878.235229 547.633606 899.380188 609.183350 0.663978
bicycle 568 885.727417 569.202026 909.806335 606.970642 0.863188
