161985351562
surfboard 567 1703.558716 872.743835 1810.259521 908.494202 0.277882
frisbee 179 2007.100952 1176.648438 2077.047363 1217.040039 0.411195
airplane 562 2190.373047 523.370239 2408.235596 619.475830 0.285184
airplane 467 2154.090576 678.879333 2270.180908 706.710083 0.296561
airplane 1 2120.400146 1248.631714 2242.386719 1298.746338 0.487116
person 553 2068.739746 467.714813 2097.768555 542.087158 0.465845
kite 478 1539.679321 784.095703 1573.142090 801.600403 0.418410
person 534 1298.053955 899.835449 1349.928101 1060.873779 0.438442
person 456 846.659912 558.366821 864.941162 617.052856 0.701207
person 533 939.134155 659.891296 981.362305 757.075378 0.838386
person 552 1178.223877 1011.096680 1256.133667 1214.281982 0.870221
airplane 522 1578.035034 856.570862 1647.808472 884.617554 0.964088
backpack 540 1279.777100 932.002808 1317.085938 985.801880 0.557918
person 451 877.203003 546.812561 898.347961 608.362305 0.687002
traffic light 563 771.657593 568.649536 796.012817 593.987793 0.595057
bicycle 568 885.314819 569.226990 909.393738 606.995605 0.821006
