162085351562
frisbee 179 2007.174805 1176.877808 2077.053223 1216.927734 0.407557
airplane 467 2153.723877 679.070618 2269.788818 709.509033 0.253717
airplane 522 1578.051636 849.520874 1647.209961 886.850952 0.318186
airplane 1 2120.183594 1248.861328 2242.288086 1298.713623 0.519455
person 553 2074.688232 468.067444 2101.476074 542.691650 0.661421
kite 478 1539.861084 783.955872 1572.937256 801.233276 0.276671
person 534 1299.924072 899.142395 1358.743652 1059.126343 0.556780
person 456 845.358521 556.937073 865.087402 617.146179 0.673246
person 451 877.155457 547.061890 896.409546 607.735352 0.715702
person 533 938.838684 659.087097 980.351624 757.536316 0.801218
person 552 1173.981689 1005.248352 1244.380371 1207.651001 0.877969
backpack 540 1282.200317 928.356812 1322.173828 985.828857 0.607543
airplane 562 2189.866943 523.562256 2407.729492 619.667847 0.840934
traffic light 563 771.731445 568.385742 796.086670 593.723999 0.682255
bicycle 568 884.593689 568.951294 908.672607 606.719910 0.732356
