162151302083
frisbee 179 2007.172119 1176.914429 2077.038086 1216.900146 0.407480
airplane 467 2153.546143 679.019775 2269.633789 710.076965 0.263900
airplane 522 1578.050903 848.772827 1647.121338 887.477417 0.316904
airplane 1 2120.135498 1248.878296 2242.261230 1298.681396 0.519374
person 553 2077.889648 468.063507 2103.552979 542.871582 0.692814
kite 478 1539.872925 784.055725 1572.971191 801.397217 0.281459
backpack 540 1284.572266 932.393311 1318.124512 984.957275 0.417171
person 451 876.770081 547.146667 895.746582 607.647583 0.623742
person 456 845.292114 556.969971 865.033569 617.214844 0.641332
person 534 1297.582153 899.041443 1369.026855 1059.238037 0.769770
person 533 938.903381 658.316040 981.537720 755.942993 0.823003
person 552 1171.514404 1004.039612 1244.646606 1207.362305 0.885658
airplane 562 2189.402100 523.574585 2407.264404 619.680176 0.840169
traffic light 563 771.776917 568.309082 796.132141 593.647339 0.697810
bicycle 568 884.465454 568.923950 908.544373 606.692566 0.730752
