162351302083
airplane 467 2153.323730 679.353394 2269.230957 710.554565 0.255601
airplane 522 1578.406006 851.686279 1647.715454 887.319458 0.270464
airplane 1 2120.687500 1248.952637 2242.498291 1298.707275 0.586435
person 553 2085.250244 467.797058 2120.327881 544.497803 0.839215
person 451 874.382202 547.145264 894.549744 602.763550 0.289407
person 534 1302.608398 896.341797 1375.591553 1059.031006 0.561760
person 456 843.758545 556.045227 863.930481 616.849060 0.711374
person 533 939.566956 655.457825 983.053162 750.705261 0.823846
person 552 1158.683105 1000.521423 1236.709595 1200.177246 0.916800
traffic light 563 771.910706 568.198425 796.265930 593.536682 0.732077
backpack 540 1293.649292 927.489258 1331.230957 984.112427 0.681700
kite 478 1539.807251 784.213501 1572.912842 801.582397 0.905472
frisbee 179 2007.037354 1176.999390 2076.900146 1216.947876 0.924384
airplane 562 2192.968994 520.579834 2406.517334 619.502319 0.812779
bicycle 568 884.463501 568.386719 908.542419 606.155334 0.761546
