162384309895
airplane 467 2153.220459 679.597534 2268.961914 710.678162 0.253498
airplane 522 1578.194458 853.620300 1647.680786 886.897217 0.270638
airplane 1 2121.019043 1248.971558 2242.627930 1298.712646 0.583839
person 553 2085.232178 468.551941 2122.363525 545.560425 0.816369
person 534 1301.837036 895.155029 1375.200806 1058.686401 0.605625
person 456 843.506042 556.070679 863.990967 616.609558 0.704864
person 533 939.949219 655.143616 983.330994 749.938416 0.841581
person 552 1156.167358 998.826355 1235.299194 1197.659424 0.909466
person 451 874.362183 547.653381 894.529724 603.271667 0.707385
traffic light 563 772.018555 568.205261 796.373779 593.543518 0.732657
backpack 540 1294.148193 927.433960 1331.729858 984.057129 0.648311
kite 478 1539.723267 784.236755 1572.828857 801.605652 0.906601
frisbee 179 2006.898926 1177.047852 2076.761719 1216.996338 0.927667
airplane 562 2193.710205 520.569885 2407.258545 619.492371 0.747191
bicycle 568 884.546753 568.215820 908.625671 605.984436 0.730907
