162518359375
airplane 467 2152.976562 679.879639 2268.900391 710.863159 0.255676
airplane 570 1578.193481 847.788757 1623.858765 872.933777 0.261779
airplane 522 1577.816895 856.057983 1647.566528 886.041382 0.300940
airplane 1 2121.457764 1248.999756 2242.791504 1298.725220 0.586230
person 553 2086.079834 471.170776 2126.540283 548.673645 0.787744
backpack 540 1303.892334 915.454590 1351.240479 985.273438 0.290994
traffic light 563 771.260071 568.835693 796.204102 594.460083 0.362713
person 451 873.127380 548.197510 894.100098 605.538025 0.460715
person 534 1306.135620 894.024475 1375.240845 1057.973145 0.593521
person 456 843.143433 556.000793 863.746765 615.802979 0.664574
person 533 939.238220 654.794067 981.527832 746.264771 0.817962
person 552 1146.302490 988.642395 1224.997437 1182.243530 0.886562
handbag 569 1195.396729 1037.449829 1229.518433 1111.067749 0.735388
kite 478 1539.743408 784.298401 1572.848999 801.667297 0.919716
frisbee 179 2006.567627 1177.124268 2076.430420 1217.072754 0.953019
airplane 562 2193.041748 521.517090 2406.590088 620.439575 0.760461
bicycle 568 884.397644 567.710388 908.476562 605.479004 0.712286
