162651302083
airplane 570 1578.200562 847.805237 1623.863037 872.940186 0.274108
airplane 522 1577.759766 856.473572 1647.583496 885.967285 0.309719
airplane 467 2153.132568 679.598694 2269.172363 710.694214 0.312364
airplane 1 2121.461182 1249.009521 2242.758301 1298.733032 0.586128
person 553 2098.748535 472.243011 2130.524902 547.798462 0.464452
kite 478 1539.971069 783.835205 1573.379761 801.828979 0.305022
backpack 540 1309.663574 917.298584 1365.745972 992.589600 0.309473
person 451 872.439575 547.471802 892.834717 607.165649 0.371862
person 534 1309.111816 894.494507 1376.767090 1057.196655 0.584473
person 456 842.918396 556.322937 862.963989 615.398560 0.642990
person 533 936.442505 651.401428 980.515442 742.935364 0.807376
person 552 1139.466431 983.401306 1218.019775 1180.160889 0.901292
frisbee 179 2006.445190 1177.110107 2076.308105 1217.058594 0.949816
handbag 569 1190.479736 1032.833008 1223.926025 1106.082275 0.764238
traffic light 563 771.448486 568.601074 796.378296 594.139099 0.763445
airplane 562 2192.151123 522.145874 2405.699463 621.068359 0.823870
bicycle 568 883.542786 567.543152 907.621704 605.311768 0.720967
