16115364583
airplane 49 1578.421753 847.762085 1647.084717 886.667847 0.319082
airplane 1 2119.302490 1249.280151 2242.040527 1298.720215 0.460147
airplane 57 2153.743164 677.931274 2269.476074 708.872253 0.516551
car 70 1627.864380 467.041870 1645.862915 473.635132 0.359512
car 62 1575.342773 489.262054 1645.672729 570.150269 0.688708
person 63 2113.365234 467.171295 2141.214844 547.918762 0.827323
person 11 1043.099487 558.936096 1073.405151 629.630798 0.404468
person 7 898.117432 611.388367 929.928650 697.471619 0.836123
frisbee 38 2006.578979 1176.974731 2076.435791 1217.380127 0.987822
bicycle 64 1047.200439 585.659912 1073.175049 635.298340 0.771435
truck 66 1561.625854 491.325500 1656.053467 577.843994 0.482484
kite 68 1540.004150 784.083191 1573.043335 801.638306 0.921538
bicycle 71 2004.355835 466.586823 2042.955444 499.130798 0.767498
traffic light 18 769.975647 562.599182 814.108032 595.551331 0.813721
