163050325520
airplane 562 2197.545166 523.182922 2406.217041 619.035461 0.314027
airplane 1 2120.168701 1249.511230 2241.686523 1298.706543 0.383223
airplane 467 2153.835449 679.270447 2269.151855 709.487183 0.432848
bicycle 572 2315.792969 1098.692261 2411.926514 1228.197998 0.914803
person 553 2114.110596 472.375427 2143.830566 554.036743 0.667974
kite 478 1540.246582 784.410034 1572.716797 801.425476 0.482094
suitcase 573 1299.020020 956.827393 1336.015869 1023.148132 0.632878
backpack 540 1319.730835 917.602112 1369.385132 985.652588 0.356070
airplane 571 1437.420410 784.869873 1532.915039 822.494446 0.335255
person 456 843.949951 555.379211 860.859253 613.543213 0.553211
person 533 936.155090 648.575317 976.831604 742.979736 0.818606
person 534 1317.330200 894.772949 1380.794189 1054.335693 0.841451
person 552 1129.777466 962.535583 1198.188599 1152.365356 0.857469
handbag 569 1175.679810 1013.216003 1209.010376 1087.750854 0.648936
person 574 2368.421143 1021.904968 2409.797363 1226.654785 1.000000
person 451 873.112915 547.210999 892.617859 607.658447 0.751520
frisbee 179 2006.955444 1176.695068 2076.946045 1217.567261 0.947341
bicycle 568 898.259033 563.671509 922.337952 601.440125 0.570558
traffic light 563 771.377441 568.894348 795.699646 594.313293 0.633907
airplane 522 1577.141602 855.719788 1646.965332 885.213501 0.965794
airplane 570 1579.263550 847.355774 1624.926025 872.490723 0.837044
