163117317708
airplane 1 2120.601074 1249.648804 2241.773682 1298.791870 0.280734
airplane 562 2198.067383 523.875366 2404.671143 618.900024 0.313658
airplane 467 2153.842285 679.062256 2269.126953 709.698364 0.446872
bicycle 572 2292.734863 1100.736572 2407.653076 1222.844727 0.888739
person 553 2118.560303 477.301819 2145.900879 554.293030 0.600468
person 574 2344.844238 1018.300415 2406.699463 1224.513184 0.883436
kite 478 1540.189941 784.496277 1572.738647 801.431030 0.443780
suitcase 573 1299.429321 956.879395 1336.798462 1022.924438 0.654654
handbag 569 1173.865479 1007.030579 1206.966797 1082.731812 0.541303
airplane 571 1438.318237 785.040405 1533.580322 822.770142 0.295713
person 456 844.145935 555.446716 860.916504 613.378052 0.616662
person 533 936.107361 647.128540 976.745300 740.648926 0.818388
person 534 1317.291626 894.554993 1379.921265 1054.264771 0.839235
person 552 1129.478882 959.258667 1196.521240 1148.889648 0.855133
backpack 540 1321.539429 917.680786 1371.193726 985.731262 0.365726
person 451 873.098633 547.374878 892.603577 607.822327 0.768725
frisbee 179 2006.777222 1176.824951 2076.767822 1217.697144 0.939861
bicycle 568 897.980103 564.025452 922.059021 601.794067 0.546949
traffic light 563 771.511169 568.729797 795.833374 594.148743 0.641612
airplane 522 1577.153076 855.659302 1646.976807 885.153015 0.968213
airplane 570 1579.236084 847.380676 1624.898560 872.515625 0.837380
