163217317708
airplane 562 2200.001221 523.600037 2404.628906 618.951294 0.268525
airplane 467 2153.877441 678.944824 2269.456299 709.877930 0.444707
bicycle 572 2260.882812 1096.912354 2403.015869 1231.794434 0.918651
person 553 2124.185547 473.321289 2149.659668 549.684021 0.598303
person 574 2311.172607 1015.311768 2397.213135 1221.312256 0.675974
kite 478 1540.178223 784.533691 1572.745483 801.410767 0.423737
suitcase 573 1299.537109 956.675232 1337.734985 1022.772339 0.634488
handbag 569 1169.542847 997.046265 1202.498901 1073.226318 0.562058
backpack 540 1319.886597 916.045837 1375.576172 986.634521 0.349326
person 456 844.167542 556.325867 860.932251 613.328796 0.631792
person 534 1317.691650 894.418640 1378.669556 1054.147095 0.748262
person 533 936.004578 645.354065 977.042969 737.694336 0.810005
person 552 1125.675171 956.723145 1193.425293 1147.229492 0.846835
frisbee 179 2006.596802 1176.874756 2076.587402 1217.746948 0.944301
bicycle 568 898.301453 564.094910 922.380371 601.863525 0.509097
person 451 872.887512 547.720886 893.602417 605.217712 0.756397
traffic light 563 771.645325 568.641602 795.967529 594.060547 0.672081
airplane 522 1577.166260 855.642151 1646.989990 885.135864 0.970664
airplane 570 1579.266602 847.450623 1624.929077 872.585571 0.817566
airplane 1 2120.107178 1249.684082 2241.145508 1298.801025 0.937236
airplane 571 1439.470215 784.511292 1534.766235 822.239136 0.545791
