16148307291
airplane 49 1578.412842 847.761475 1647.073608 886.665649 0.317072
airplane 1 2119.297119 1249.271240 2242.037354 1298.720215 0.464658
airplane 57 2153.528564 677.988525 2269.453857 708.180237 0.521205
car 70 1627.820557 467.053894 1645.870239 473.650299 0.311242
car 62 1576.032104 488.005005 1644.382568 569.704407 0.704197
person 63 2113.296143 467.186584 2141.218506 547.940552 0.825057
person 11 1043.087280 558.650391 1073.481934 629.955200 0.308353
person 7 897.329834 611.601501 929.772583 697.101013 0.841848
frisbee 38 2006.565796 1176.967407 2076.422607 1217.372803 0.988346
bicycle 64 1047.197998 585.719482 1073.172607 635.357910 0.791622
truck 66 1559.336304 488.761078 1653.763916 575.279541 0.521101
kite 68 1540.009888 784.085632 1573.049072 801.640747 0.921539
bicycle 71 2004.386108 466.596985 2042.985718 499.140961 0.783013
traffic light 18 770.032410 562.629089 814.164795 595.581238 0.798895
