163417317708
frisbee 179 2006.993164 1176.709229 2076.973877 1217.015137 0.557376
airplane 467 2153.625977 678.744751 2269.714111 710.375549 0.411644
bicycle 572 2195.956055 1084.119019 2387.178467 1225.489258 0.920957
person 553 2132.875244 476.978271 2158.660400 553.840698 0.741099
person 574 2245.601562 995.537659 2354.409424 1201.031006 0.837607
kite 478 1540.454346 784.138794 1572.619263 801.447937 0.321306
person 456 844.160217 550.280884 861.982483 612.052734 0.616606
person 451 871.677551 547.115662 897.216675 605.776978 0.755008
person 533 934.622864 643.657104 976.974304 733.225586 0.816213
person 552 1115.680542 952.118652 1187.567871 1141.138062 0.875515
traffic light 563 772.059753 568.511292 796.381958 593.930237 0.689048
handbag 569 1162.953491 995.051636 1194.332153 1066.744507 0.663719
airplane 562 2195.475342 524.818359 2401.291504 619.707336 0.632216
person 534 1318.070801 893.214844 1377.322876 1052.537231 0.485873
suitcase 573 1299.685425 956.144348 1338.930542 1022.484253 0.706671
backpack 540 1321.489746 915.954285 1378.038208 987.495422 0.468561
airplane 522 1577.181885 855.512024 1647.005615 885.005737 0.966135
airplane 570 1579.534790 847.295532 1625.197266 872.430481 0.800154
airplane 1 2118.888672 1249.374878 2239.926758 1298.491821 0.884617
airplane 571 1440.661011 783.411743 1535.957031 821.139526 0.508850
