16181315104
frisbee 38 2006.920654 1176.622192 2076.694580 1217.055298 0.255906
truck 66 1569.950073 491.787567 1645.897461 568.700684 0.389711
airplane 57 2153.618164 678.080505 2269.587891 708.783875 0.355647
airplane 1 2119.260498 1249.216187 2242.121338 1298.700317 0.405763
car 70 1627.549683 467.034088 1645.783691 473.623199 0.308717
car 62 1576.039307 489.471771 1642.115479 567.665588 0.379829
person 63 2113.219971 467.165344 2140.403076 547.583862 0.761465
kite 68 1540.151733 784.071045 1572.993286 801.462769 0.289566
bicycle 64 1042.167603 587.593079 1070.421143 637.368469 0.316179
person 11 1042.103760 558.884338 1073.294800 630.380127 0.362569
person 7 897.914795 611.830505 929.068726 698.332520 0.839013
airplane 49 1578.503540 847.771301 1647.164307 886.675476 0.886083
bicycle 71 2004.288696 466.633728 2042.888306 499.177704 0.817955
traffic light 18 770.105286 562.682617 814.237671 595.634766 0.835672
