163683333333
frisbee 179 2007.193237 1176.578003 2077.008789 1216.754150 0.513247
backpack 575 2220.906250 1003.978210 2269.709717 1048.770264 0.514942
airplane 467 2153.273926 678.665466 2269.313965 709.901123 0.440132
bicycle 572 2131.675293 1062.429810 2317.675537 1204.713135 0.914162
person 574 2165.231689 979.314758 2275.627441 1183.611450 0.858988
kite 478 1540.421143 784.357666 1572.668579 801.516785 0.275396
suitcase 573 1299.316284 957.100525 1342.122681 1023.567139 0.380374
person 576 1028.010742 547.494202 1045.323364 567.214966 0.256146
person 456 840.735779 552.551025 860.028076 610.463501 0.632132
person 533 930.955811 641.958252 970.444702 731.924072 0.758139
person 552 1100.247559 935.671631 1174.636597 1119.054443 0.864440
person 553 2140.080566 471.638733 2175.139404 554.123718 0.551872
person 451 870.808594 547.171936 897.702698 603.850403 0.758342
backpack 540 1326.481812 916.488770 1383.030273 988.029907 0.330035
person 534 1319.227173 893.510437 1377.936523 1053.037354 0.631384
handbag 569 1147.358276 978.842285 1178.331177 1050.101562 0.681689
traffic light 563 771.880249 567.563049 796.394470 594.483582 0.784334
airplane 522 1577.582642 855.109619 1647.406372 884.603333 0.936466
airplane 570 1579.487427 847.206787 1625.149902 872.341736 0.813622
airplane 1 2118.837402 1249.185547 2239.875488 1298.302490 0.877833
airplane 571 1440.647583 783.160522 1535.943604 820.888306 0.497676
