163716341145
backpack 575 2211.377686 1003.097168 2260.028320 1047.228271 0.372389
airplane 467 2153.210693 678.387512 2269.113281 709.681580 0.463600
bicycle 572 2122.728271 1060.052612 2307.482178 1201.858765 0.915552
person 553 2140.244141 470.015289 2175.483154 553.777283 0.558942
person 574 2157.607178 976.468567 2266.555664 1175.130615 0.824322
kite 478 1540.323730 784.512207 1572.692261 801.500671 0.262523
suitcase 573 1299.522705 957.645569 1343.656860 1024.580078 0.365553
person 576 1028.356934 547.559387 1045.364380 567.565308 0.309308
person 451 871.428223 547.143372 898.018250 603.729248 0.454127
person 456 839.808411 550.664490 859.632385 610.572937 0.626685
person 533 930.795166 641.127197 970.675903 732.072388 0.769096
person 552 1099.583740 934.738647 1173.464844 1119.074707 0.865458
backpack 540 1327.067627 916.539490 1383.616089 988.080627 0.308764
frisbee 179 2007.083374 1176.654663 2076.898926 1216.830811 0.961018
bicycle 577 2000.037720 467.087311 2055.497803 504.903229 1.000000
person 534 1319.429810 893.562317 1378.139160 1053.089233 0.621949
handbag 569 1146.666504 978.845520 1177.639404 1050.104858 0.690717
traffic light 563 771.809998 567.562622 796.324219 594.483154 0.783737
airplane 522 1577.669800 855.047424 1647.493530 884.541138 0.933726
airplane 570 1579.463135 847.231079 1625.125610 872.366028 0.811988
airplane 1 2118.817383 1249.186279 2239.855469 1298.303223 0.890229
airplane 571 1440.828735 783.478394 1536.124756 821.206177 0.470140
