163983333333
frisbee 179 2007.359009 1176.593018 2076.872559 1216.684082 0.495048
airplane 467 2153.234863 678.373901 2268.991211 709.304871 0.488174
bicycle 577 2000.242798 467.015625 2054.981445 504.813477 0.286441
bicycle 572 2051.860596 1039.145508 2232.157227 1180.511597 0.919769
person 553 2158.479980 474.182159 2184.732666 558.155762 0.659089
person 574 2093.290527 962.031372 2192.398438 1154.107422 0.828850
kite 478 1540.326538 784.330811 1572.664917 801.131836 0.347549
suitcase 573 1299.454102 957.833191 1344.839600 1024.317627 0.432246
person 576 1031.510254 547.822693 1048.509033 572.111511 0.335124
person 451 872.864441 546.995667 897.548462 602.762756 0.536739
person 534 1320.588623 894.539062 1379.228271 1053.727661 0.635158
person 456 838.537537 547.725769 858.557007 611.309692 0.670891
person 533 932.260132 638.770386 971.695374 729.351990 0.770492
person 552 1100.072266 925.264038 1166.753662 1110.628906 0.854422
airplane 522 1578.306152 854.317932 1648.129883 883.811646 0.857701
airplane 570 1579.486450 847.212463 1625.148926 872.347412 0.803249
backpack 575 2142.077637 987.407715 2191.916992 1032.431152 0.539953
airplane 1 2118.748779 1249.283447 2239.787109 1298.400391 0.877022
backpack 540 1320.961060 912.537476 1380.461060 1051.456787 0.268533
traffic light 563 771.274292 568.884827 795.602661 595.097900 0.652135
airplane 571 1440.629150 783.192993 1535.925171 820.920776 0.495903
