164016341145
frisbee 179 2007.178345 1176.722046 2076.926025 1216.841797 0.408487
airplane 570 1578.796875 847.610840 1624.482544 872.492004 0.274800
airplane 522 1578.136353 855.640564 1647.999634 884.940613 0.372924
airplane 467 2153.490479 678.352112 2269.178223 709.305359 0.388127
bicycle 572 2042.975464 1036.413696 2222.679443 1177.774536 0.907593
person 553 2160.321533 474.730957 2186.019775 558.508484 0.757201
person 574 2086.439941 959.740540 2182.926270 1152.177002 0.860767
person 576 1032.450317 547.518494 1049.889160 573.799744 0.322167
person 456 838.365540 547.592773 858.035706 610.636292 0.620346
person 533 932.888184 638.778076 973.215637 728.443848 0.790999
person 552 1099.871094 923.069031 1164.843506 1106.760498 0.859045
backpack 575 2134.726562 987.142151 2184.565918 1032.165527 0.519240
person 534 1320.333008 894.815063 1378.972656 1054.003662 0.591762
person 451 872.897705 546.975403 897.581726 602.742493 0.749653
airplane 1 2118.588379 1249.404785 2239.626465 1298.521729 0.872478
kite 478 1540.337891 784.375244 1572.676270 801.176270 0.852547
backpack 540 1320.958862 914.427551 1380.458862 1053.346924 0.301285
traffic light 563 771.342224 568.688660 795.670593 594.901733 0.671023
airplane 571 1440.870728 783.624329 1536.166748 821.352173 0.461747
bicycle 577 2000.114868 467.067902 2054.853516 504.865753 0.954635
