164116341145
frisbee 179 2006.997925 1176.798950 2076.933838 1217.005005 0.379073
backpack 578 2106.497803 1015.353455 2151.777100 1071.068848 0.453963
backpack 575 2101.923096 978.171021 2149.398682 1021.803833 0.454803
airplane 570 1578.374512 848.006104 1624.061768 872.671570 0.270273
airplane 522 1577.874268 856.578064 1647.760864 885.623779 0.359971
airplane 467 2153.687256 678.188660 2269.563965 708.577209 0.370567
bicycle 572 2017.479248 1026.538818 2195.570312 1170.524902 0.910286
person 553 2162.983398 474.170837 2190.000732 559.069763 0.692527
person 574 2058.942871 953.454163 2157.235107 1143.863647 0.736971
person 451 873.746704 547.141602 895.616882 601.731018 0.329975
person 456 838.162842 547.419617 857.747925 609.766296 0.643111
person 534 1319.395996 894.868347 1379.104248 1055.350342 0.735903
person 533 932.020447 639.157776 972.877869 729.883728 0.775312
person 552 1098.403198 916.049377 1161.960449 1094.318359 0.839018
airplane 1 2118.451172 1249.468018 2239.489258 1298.584961 0.850706
kite 478 1540.355347 784.495117 1572.693726 801.296143 0.870674
backpack 540 1320.952515 920.097717 1380.452515 1059.017090 0.324449
person 576 1033.801025 549.640259 1051.665161 577.491577 0.689055
traffic light 563 771.542908 568.320007 795.871277 594.533081 0.719966
airplane 571 1440.820679 783.498169 1536.116699 821.225952 0.529741
bicycle 577 1999.798462 467.183197 2054.537109 504.981049 0.872677
