164182356770
airplane 570 1578.388062 848.064087 1624.091553 872.691711 0.262958
airplane 467 2153.626465 678.212097 2269.643311 708.979919 0.351199
airplane 522 1577.839111 856.625488 1647.737183 885.695679 0.361817
bicycle 572 2000.374512 1028.081177 2178.544189 1165.532593 0.893299
person 574 2041.736572 952.195374 2138.417480 1139.179810 0.660726
person 553 2163.806885 475.289093 2192.027344 559.394287 0.734131
person 456 838.864624 547.347107 857.619629 609.571350 0.603768
person 534 1319.075562 895.008728 1379.588379 1055.721924 0.684145
person 533 931.637146 636.932068 972.639221 727.356750 0.811161
person 552 1096.579224 912.881775 1159.877319 1089.925537 0.874508
backpack 578 2092.757080 1014.000305 2138.036377 1069.715698 0.607542
backpack 575 2087.948242 976.242126 2135.423828 1019.874878 0.537552
airplane 1 2118.542480 1249.456421 2239.580566 1298.573364 0.864188
frisbee 179 2006.902100 1176.866211 2076.933350 1217.032471 0.960676
kite 478 1540.295898 784.511902 1572.634277 801.312927 0.873572
backpack 540 1320.948486 923.877869 1380.448486 1062.797241 0.293828
person 576 1034.076904 552.127625 1051.941040 579.978943 0.809935
person 451 873.924072 546.958252 895.794250 601.547668 0.702750
traffic light 563 771.642334 568.189941 795.970703 594.403015 0.729542
airplane 571 1440.860107 783.498718 1536.156128 821.226562 0.535254
bicycle 577 1999.549561 467.282349 2054.288330 505.080200 0.836695
