164382356770
frisbee 179 2007.002075 1176.663208 2077.326904 1216.977295 0.672624
airplane 1 2120.914795 1249.215698 2242.780273 1298.658813 0.324636
airplane 467 2153.399170 679.419312 2269.095703 709.928772 0.433928
bicycle 572 1950.764893 1013.510437 2125.579102 1149.858521 0.927899
person 553 2171.453125 479.566193 2198.910156 563.682861 0.623523
person 574 1989.320801 941.250549 2083.630371 1129.903198 0.842613
kite 478 1540.260620 784.126038 1572.615723 801.215271 0.360032
backpack 540 1317.114502 903.664978 1378.027222 1060.288208 0.315294
person 534 1317.452759 895.118225 1378.918457 1058.421997 0.595331
person 456 838.887390 547.162598 858.088562 608.525940 0.597227
person 451 871.594116 547.101318 895.022949 600.708374 0.688101
person 533 934.970947 632.387817 975.760315 721.537720 0.824187
person 552 1089.825562 909.276672 1158.624756 1087.693726 0.868366
person 576 1041.034912 556.037476 1056.686890 586.872009 0.703370
traffic light 563 771.829346 568.200500 796.157715 594.413574 0.730662
airplane 579 1578.428345 899.280762 1928.422485 1297.921631 1.000000
backpack 575 2029.967896 964.209900 2079.068604 1006.535034 0.706030
airplane 571 1440.701904 783.440430 1535.997925 821.168213 0.464242
backpack 578 2040.372803 1003.135010 2087.121582 1061.034912 0.480859
airplane 522 1577.691528 856.588684 1647.583618 885.651855 0.931714
airplane 570 1578.541504 848.046814 1624.247437 872.657532 0.993926
bicycle 577 1999.221069 467.363556 2053.959717 505.161407 0.759481
