164416341145
frisbee 179 2007.043213 1176.695068 2077.481445 1217.061523 0.576658
airplane 1 2120.909424 1249.309326 2242.766846 1298.662109 0.332690
airplane 467 2153.359131 679.680237 2268.978271 710.078613 0.411965
bicycle 572 1942.671387 1010.102356 2116.748779 1147.404419 0.896491
person 553 2172.200195 479.595856 2200.332520 563.711121 0.552549
person 574 1981.261963 940.193726 2074.281738 1128.980347 0.864770
kite 478 1540.239502 784.077271 1572.638184 801.216675 0.279132
person 576 1042.295654 555.546570 1057.726562 587.975342 0.339564
person 534 1316.958618 895.073120 1378.533936 1059.108276 0.581284
person 456 838.890564 547.158997 858.105713 608.343445 0.600621
person 451 871.429016 547.143311 895.152466 600.560486 0.698388
person 533 934.859558 632.360779 975.590576 721.211365 0.826908
person 552 1087.921265 908.687012 1158.152100 1086.319336 0.859073
backpack 540 1316.777954 903.117310 1377.690674 1059.740479 0.339157
traffic light 563 771.839844 568.228577 796.168213 594.441650 0.728833
airplane 579 1578.272827 897.417175 1928.401123 1297.954346 1.000558
backpack 575 2023.937866 963.247253 2073.038574 1005.572388 0.595008
airplane 571 1440.721680 783.455383 1536.017700 821.183228 0.481994
backpack 578 2031.926270 1001.325500 2078.674805 1059.225342 0.464108
airplane 522 1577.590210 856.559265 1647.482300 885.622437 0.958488
airplane 570 1578.695312 848.021729 1624.401245 872.632446 0.970283
bicycle 577 1999.202759 467.350891 2053.941406 505.148743 0.763667
