164582356770
airplane 1 2120.637695 1249.452881 2242.697266 1298.641602 0.369041
airplane 467 2153.258789 679.893677 2268.722656 710.259338 0.438699
bicycle 572 1903.624023 1003.516113 2072.793701 1137.573975 0.894000
person 553 2173.726318 480.462585 2208.059326 562.672241 0.713608
person 574 1937.301514 931.140930 2029.473511 1117.383301 0.842289
kite 478 1540.216797 784.019043 1572.656616 801.260742 0.329168
airplane 571 1438.830811 785.694092 1534.299072 822.484924 0.256079
person 576 1042.771362 559.139221 1060.900391 592.650696 0.375208
person 456 838.553650 547.142029 857.818237 608.173035 0.593534
person 451 871.376709 547.246155 895.137695 600.203918 0.696824
person 533 933.648438 632.539124 974.024902 719.969299 0.795113
person 534 1310.912476 896.709534 1374.945435 1061.856812 0.804793
person 552 1081.932373 899.196167 1152.364502 1067.937500 0.872484
frisbee 179 2007.044189 1176.696289 2077.500732 1217.236816 0.994263
backpack 540 1311.818848 895.401184 1374.066406 1056.666992 0.341082
backpack 578 1988.405396 991.992188 2035.154053 1049.892090 0.412288
airplane 522 1577.357544 856.641357 1647.249634 885.704529 0.956829
airplane 570 1579.214600 847.750610 1624.920532 872.361328 0.921657
bicycle 577 1999.126343 467.151123 2053.864990 504.948975 0.773361
