16281315104
truck 66 1574.993896 483.862976 1636.502319 562.059753 0.435771
airplane 1 2119.276123 1249.191528 2242.273193 1298.717041 0.337338
airplane 57 2153.440430 678.343811 2269.492188 709.795288 0.345498
car 62 1572.802612 485.188995 1634.583008 563.577515 0.404166
person 63 2113.120117 467.182739 2139.363525 547.061462 0.755845
kite 68 1540.212036 784.076355 1572.876953 801.330444 0.291128
bicycle 64 1039.338379 587.811157 1069.994873 638.750000 0.361172
person 11 1040.924805 558.894653 1073.135986 630.658813 0.505532
person 7 897.977234 611.540894 927.515198 698.596680 0.826083
frisbee 38 2007.000610 1176.698608 2076.758301 1217.123779 0.986006
car 70 1627.334229 467.050415 1645.695190 473.637421 0.760791
airplane 49 1578.860596 847.722534 1647.521362 886.626709 0.887895
bicycle 71 2004.112061 466.729309 2042.711670 499.273285 0.827046
traffic light 18 770.301697 562.723938 814.434082 595.676086 0.850201
