164649348958
frisbee 179 2007.102173 1176.615967 2077.492188 1217.187866 0.406945
airplane 1 2119.745361 1249.273193 2242.228516 1298.642700 0.444990
airplane 467 2153.353271 679.880493 2268.722656 710.261169 0.464634
bicycle 572 1888.189819 1001.053101 2055.977539 1133.322510 0.888431
person 553 2172.894775 482.469604 2211.832764 563.761963 0.727357
person 574 1921.299561 933.091003 2011.388184 1112.889404 0.779659
kite 478 1540.213989 783.997803 1572.669556 801.252930 0.293314
person 456 838.601685 547.133911 857.966614 607.511475 0.624057
person 534 1308.415161 897.201660 1372.595581 1061.714478 0.671061
person 451 871.309631 547.144592 894.534119 600.152161 0.700286
person 533 933.226013 631.256104 973.607666 719.109680 0.825872
person 552 1077.355103 895.724915 1147.408203 1065.356323 0.876229
backpack 540 1310.696777 893.880005 1372.944336 1055.145752 0.339275
person 576 1044.019409 561.320374 1062.148438 594.831848 0.707462
backpack 578 1971.451172 990.310242 2018.199829 1048.210205 0.492782
airplane 522 1577.297974 856.702393 1647.190063 885.765564 0.970571
airplane 570 1579.234497 847.593384 1624.940430 872.204102 0.957403
bicycle 577 1999.237061 467.088104 2053.975830 504.885956 0.760862
airplane 571 1438.451904 786.068726 1533.920166 822.859558 0.720798
