164915364583
frisbee 179 2006.572754 1176.753784 2077.134033 1217.379639 0.275951
airplane 467 2154.241211 680.968079 2269.318604 709.316162 0.484454
airplane 1 2120.503662 1249.050659 2242.028564 1298.678833 0.529806
bicycle 572 1820.501221 989.119446 1986.886475 1116.820923 0.870799
person 553 2187.867188 482.427216 2224.318604 563.946045 0.701786
person 574 1850.899780 918.111633 1942.092041 1099.329468 0.806277
kite 478 1540.373291 784.034546 1572.365479 801.195496 0.405140
backpack 580 1315.197266 927.729065 1361.857300 992.299805 0.315907
person 534 1304.948975 900.978271 1373.599487 1064.131226 0.527269
person 456 838.930420 547.252441 858.821777 604.730652 0.531271
person 533 932.157349 631.406250 972.768311 716.137085 0.681603
person 552 1070.684692 889.939941 1138.915161 1063.023560 0.849114
person 576 1047.923096 567.376404 1066.052124 600.887878 0.670030
person 451 874.795837 549.446655 892.216309 599.116882 0.684730
backpack 578 1901.810303 975.480103 1948.558960 1033.380005 0.467447
airplane 522 1577.326050 856.531799 1647.218140 885.594971 0.990932
airplane 570 1579.526245 847.571228 1625.232178 872.181946 0.804097
bicycle 577 1999.399902 466.898254 2054.138672 504.696106 0.827956
backpack 540 1302.451538 895.321411 1367.933350 1056.035400 0.368066
airplane 571 1436.067749 788.070251 1531.536011 824.861084 0.552988
