164982356770
backpack 578 1880.010986 975.738037 1925.945557 1033.470947 0.288503
airplane 467 2154.284424 681.018555 2269.204834 709.399536 0.476698
airplane 1 2120.688965 1249.016968 2242.041992 1298.677490 0.580300
bicycle 572 1802.372925 984.387939 1969.946533 1112.443604 0.912636
person 553 2196.538330 482.050842 2226.876465 555.092529 0.626496
person 574 1833.748047 917.103577 1924.182007 1097.157104 0.805402
kite 478 1540.392334 784.037292 1572.365601 801.196777 0.424279
person 456 838.877502 547.284607 858.926636 604.386230 0.536442
person 534 1303.651855 901.092407 1373.902344 1064.233398 0.628725
person 533 932.780029 632.569885 973.352417 716.855103 0.733077
person 552 1071.014404 887.451416 1138.608521 1061.284790 0.863230
airplane 522 1577.328613 856.524292 1647.220703 885.587463 0.985499
person 451 876.109070 549.981140 892.281738 598.463196 0.634946
airplane 570 1579.569702 847.486206 1625.275635 872.096924 0.821180
bicycle 577 1999.420898 466.911133 2054.159668 504.708984 0.839342
backpack 540 1300.956543 895.063843 1366.438354 1055.777832 0.377260
backpack 580 1313.446655 927.771179 1360.106689 992.341919 0.812180
frisbee 179 2006.422974 1176.838501 2076.984131 1217.464355 0.942064
airplane 571 1436.280273 788.062134 1531.748535 824.852966 0.521522
