165115364583
backpack 581 1834.727539 936.894653 1879.214111 974.404724 0.262935
backpack 578 1846.698486 969.397766 1889.385010 1019.469360 0.340145
airplane 522 1577.939209 854.645142 1647.734131 885.608032 0.273826
airplane 467 2153.857910 679.017578 2269.144287 709.626465 0.463812
airplane 1 2119.972656 1248.650391 2242.448730 1298.737061 0.644969
bicycle 572 1764.978394 991.798401 1937.401367 1105.948242 0.932735
person 553 2204.259277 482.152008 2231.460693 564.205688 0.707691
person 574 1797.877930 918.145935 1888.403809 1089.129028 0.772310
kite 478 1540.489014 784.133057 1572.681641 801.299805 0.395033
airplane 582 996.217834 550.887268 1576.062256 1156.405762 0.389524
person 534 1300.769287 901.440857 1373.944824 1064.219360 0.263135
person 451 875.675720 547.310120 894.383972 595.382812 0.276505
person 533 935.153748 635.285706 974.257446 714.967834 0.624517
person 456 837.831055 547.156189 858.987549 604.709839 0.655535
person 552 1069.782715 881.088684 1135.699463 1051.118652 0.868395
motorcycle 583 1052.702026 570.095093 1071.382935 605.783081 1.000000
airplane 570 1579.641846 847.174866 1625.347778 871.785583 0.786184
bicycle 577 1999.464966 466.471344 2054.203613 504.269196 0.818614
backpack 540 1297.966675 894.548706 1363.448486 1055.262695 0.360666
backpack 580 1312.245605 929.402344 1358.905640 993.973145 0.718056
frisbee 179 2006.529297 1176.944946 2077.090576 1217.570801 0.944721
airplane 571 1436.599731 788.392273 1532.067993 825.183105 0.523359
