165381315104
backpack 581 1756.820312 930.754639 1805.540039 968.630920 0.271251
backpack 578 1776.906738 964.498474 1817.951782 1012.124451 0.372931
airplane 467 2153.798096 679.132812 2269.373779 709.620056 0.421910
airplane 1 2120.903076 1249.663818 2242.482910 1298.806641 0.533420
bicycle 577 2000.743042 466.834717 2055.814453 504.607422 0.324395
bicycle 572 1689.669678 970.134460 1868.662354 1097.667114 0.731933
person 553 2212.458252 484.913208 2242.218994 565.028564 0.708685
person 574 1728.713501 912.804199 1816.663574 1084.833008 0.763304
kite 478 1540.082397 784.282227 1572.767456 801.386108 0.348998
backpack 540 1296.361938 899.699158 1365.077515 1060.178223 0.300268
airplane 582 972.917419 551.686646 1560.754150 1162.958740 0.297005
person 451 873.980164 547.254028 895.847168 596.336731 0.470061
person 584 1052.516113 546.877136 1079.540771 583.830017 0.533040
person 456 839.111389 547.164978 859.185852 601.909302 0.615930
person 533 934.686035 620.291992 974.832886 709.599060 0.820870
person 552 1062.782349 873.323669 1124.980103 1039.406250 0.838795
person 585 2053.153320 467.076447 2072.269531 495.789734 0.945946
bicycle 586 1055.627563 580.089050 1077.299316 613.535034 0.944535
airplane 522 1577.875732 854.809937 1647.692749 885.723328 0.928857
person 534 1299.843994 902.022095 1370.775635 1064.937378 0.845139
backpack 580 1305.478882 932.187927 1352.138916 996.758667 0.470461
motorcycle 583 1056.345581 570.701477 1077.178101 613.679077 0.520107
frisbee 179 2006.836060 1177.013306 2077.397217 1217.639160 0.954451
airplane 571 1437.182983 787.964355 1532.651245 824.755188 0.585559
airplane 570 1578.544678 848.000549 1624.452271 872.571289 0.968776
