165548307291
backpack 581 1713.833008 931.295532 1760.056763 966.528992 0.275772
backpack 578 1728.987549 963.354309 1770.409668 1011.244873 0.366882
airplane 467 2153.534912 678.981506 2269.489746 709.666809 0.417335
airplane 1 2121.284668 1250.128418 2242.308594 1298.765503 0.521125
bicycle 577 2000.744995 466.974518 2056.416992 504.592194 0.337204
bicycle 572 1641.875977 972.802368 1824.311401 1089.812500 0.890303
person 585 2052.899414 467.148926 2072.289307 496.105438 0.298683
person 553 2220.863281 485.952301 2247.891846 561.460876 0.712582
person 574 1682.072021 913.363708 1769.148438 1079.420776 0.796556
kite 478 1539.931763 784.303772 1572.858521 801.366638 0.354127
backpack 540 1298.904541 904.542969 1370.525024 1064.915405 0.340809
airplane 582 982.598328 555.857300 1568.593750 1174.411621 0.276401
bicycle 586 1061.199951 582.815186 1082.203125 618.782715 0.347168
person 534 1299.736450 903.473083 1371.052002 1065.295776 0.356325
person 584 1056.766479 548.035278 1084.604614 594.936340 0.465810
person 456 839.666504 547.153381 859.546814 601.498108 0.515156
person 533 934.489624 620.295166 974.454956 709.837097 0.811177
person 552 1055.723755 873.293030 1122.514404 1033.048462 0.867994
person 451 872.054993 547.656616 892.104614 595.679749 0.669095
airplane 522 1577.560547 854.807251 1647.222778 885.891663 0.943306
backpack 580 1307.662354 930.540222 1354.322388 995.110962 0.591060
motorcycle 583 1060.901611 576.038818 1081.734131 619.016418 0.567538
frisbee 179 2006.855469 1177.005249 2077.416748 1217.631104 0.955615
airplane 571 1436.182373 788.084473 1531.650635 824.875305 0.589575
airplane 570 1578.694824 848.203369 1624.602417 872.774109 0.989558
