165914322916
airplane 467 2150.726074 678.200317 2267.126465 705.054016 0.386322
airplane 1 2121.928467 1248.885742 2243.117432 1298.692383 0.398079
airplane 522 1578.395630 848.003784 1648.247070 887.993896 0.420638
bicycle 572 1566.550903 959.329285 1722.085938 1090.251099 0.781325
person 574 1582.253174 936.012451 1665.855835 1084.227295 0.482782
person 553 2231.231445 487.757111 2266.069580 571.075623 0.767372
kite 478 1540.278809 784.325623 1573.090942 801.499390 0.362192
backpack 540 1299.848511 903.953491 1370.548828 1049.841064 0.427133
backpack 580 1315.809570 929.757690 1360.470825 994.107117 0.459084
bicycle 588 943.606018 660.914551 968.496155 707.796204 0.450031
bicycle 586 1069.995239 576.836182 1096.111450 628.019226 0.710437
person 534 1299.677490 903.662720 1370.406372 1065.356689 0.284388
person 451 869.867249 547.844238 891.100952 595.342651 0.324733
person 456 838.004089 547.338745 858.474060 600.540344 0.443209
person 533 934.458374 618.791931 973.820190 706.319336 0.462578
person 584 1067.264038 548.444275 1097.083374 612.679810 0.672980
person 552 1043.850830 861.917725 1103.686035 1021.918945 0.790877
airplane 571 1436.744629 788.087708 1532.212891 824.878540 0.592945
frisbee 179 2006.564453 1176.788940 2076.841797 1217.395874 0.906913
surfboard 587 1673.529175 927.465149 1955.313599 1115.015381 0.310935
motorcycle 583 1069.668579 581.103821 1093.224365 629.204407 0.451376
airplane 570 1579.190308 847.734070 1625.097900 872.304810 0.862730
airplane 582 1023.427002 549.778870 1602.482422 1169.505371 0.436067
