166214322916
frisbee 179 2006.975220 1176.654541 2076.999268 1216.754883 0.368045
airplane 467 2153.262451 679.483887 2269.509277 710.533386 0.362972
airplane 1 2119.867188 1249.089478 2242.322510 1298.749023 0.438736
person 553 2251.407959 489.169464 2277.602783 557.681030 0.518620
kite 478 1540.331055 783.913635 1572.472656 801.236755 0.382672
backpack 580 1322.711548 939.260681 1360.165039 994.580688 0.279808
bicycle 586 1081.133667 578.355103 1108.340332 634.683655 0.500068
bicycle 589 1445.495605 976.590515 1576.459473 1117.744873 0.747640
person 574 1493.255249 934.755371 1575.168213 1083.256836 0.488994
person 456 836.625000 547.288086 857.803772 599.862000 0.534902
person 534 1301.126831 902.762207 1370.783203 1065.338379 0.667071
person 584 1077.699097 550.284668 1109.237061 622.832642 0.730498
person 533 936.598694 616.125061 977.064819 702.389221 0.804393
person 552 1040.930786 858.562439 1093.161255 1013.288330 0.813509
person 451 868.437073 547.132385 890.262512 593.345581 0.815261
potted plant 590 1709.434814 467.885193 1731.298462 499.058777 1.000000
backpack 540 1298.740723 905.623718 1369.059082 1042.934570 0.780302
airplane 570 1579.394775 847.238770 1625.302368 871.809509 0.928265
motorcycle 583 1081.134644 579.057739 1107.757446 634.430115 0.218956
airplane 582 1001.171021 576.662659 1580.226318 1196.389160 0.414127
airplane 522 1579.271606 849.611145 1649.132080 888.870850 0.722273
airplane 571 1437.154663 788.352112 1532.556641 824.189514 0.718854
