166247330729
frisbee 179 2006.977051 1176.656250 2076.994141 1216.755371 0.379768
airplane 467 2153.284424 679.392212 2269.585693 710.539307 0.377937
airplane 1 2119.830811 1249.096069 2242.315186 1298.748779 0.456013
person 553 2252.187744 487.378632 2277.977539 556.127075 0.609587
kite 478 1540.363892 783.893188 1572.480957 801.216797 0.435808
backpack 580 1323.009521 940.634155 1360.377319 995.781921 0.482351
bicycle 586 1082.311646 577.965881 1109.663818 635.496582 0.573807
bicycle 589 1433.790771 986.375122 1576.642334 1117.151245 0.814668
person 574 1476.532104 935.058838 1566.848999 1096.224976 0.379909
person 456 836.935181 547.369568 858.435913 599.843567 0.475608
person 451 868.690674 547.097412 890.375916 593.230835 0.545292
person 584 1079.052368 551.104614 1110.557739 623.919922 0.715476
person 534 1301.468262 902.836121 1371.048584 1065.421387 0.729159
person 552 1039.738159 856.953186 1089.635498 1013.750244 0.789236
person 533 936.403992 614.449585 976.817322 701.588257 0.805280
potted plant 590 1709.619995 467.965576 1731.270996 499.118439 0.999999
backpack 540 1298.915527 905.768555 1369.233887 1043.079346 0.753458
airplane 570 1579.454834 847.193481 1625.362427 871.764221 0.927384
motorcycle 583 1082.373413 579.475647 1108.996216 634.848022 0.329325
airplane 582 966.133545 588.239746 1545.188965 1207.966187 0.492752
airplane 522 1579.252808 849.625854 1649.113281 888.885559 0.687021
airplane 571 1437.195068 788.468628 1532.597046 824.306030 0.669490
