166347330729
airplane 1 2121.044434 1249.222656 2242.700195 1298.747437 0.407227
airplane 467 2153.395264 679.488403 2269.205566 710.320740 0.509473
person 553 2256.618164 487.140106 2283.141602 566.818726 0.385528
kite 478 1540.228882 783.815735 1572.772827 801.378052 0.530344
backpack 580 1322.272339 940.603821 1359.862671 995.822937 0.253943
bicycle 586 1086.413940 581.997803 1113.942383 640.211426 0.644641
bicycle 589 1399.353638 982.593018 1576.465576 1106.221558 0.903023
person 534 1301.862305 903.883789 1371.165771 1065.354004 0.575452
person 456 837.633057 547.223145 858.480652 599.052124 0.583056
person 584 1082.310791 553.094727 1113.809082 624.448181 0.703618
person 574 1442.149658 933.712463 1537.090210 1072.158203 0.705878
person 533 937.559082 614.125183 977.729736 699.097534 0.768329
person 552 1037.789551 854.710022 1087.027832 1012.896606 0.814921
backpack 540 1298.656616 905.927979 1368.974976 1043.238770 0.714981
airplane 570 1579.519287 847.030273 1625.426880 871.601013 0.851735
airplane 591 2201.493164 522.619263 2407.353516 622.594849 1.000000
person 451 868.233948 546.994934 889.793823 592.924805 0.787972
frisbee 179 2006.890991 1176.712524 2076.905029 1216.818359 0.972033
motorcycle 583 1086.089966 580.729370 1112.712769 636.101746 0.263405
airplane 582 952.930420 595.493774 1531.985840 1215.220215 0.295343
airplane 522 1579.193115 849.804810 1649.053589 889.064514 0.635650
airplane 571 1437.279297 788.552063 1532.681274 824.389465 0.591619
