166380338541
airplane 570 1578.744629 847.626465 1624.510254 872.253784 0.264726
airplane 1 2121.252930 1249.253418 2242.736328 1298.733521 0.405937
airplane 467 2153.540527 679.558899 2269.274658 710.212036 0.521943
person 553 2258.555908 487.459290 2284.570312 566.651367 0.655636
kite 478 1540.134399 783.778564 1572.995483 801.451721 0.470307
backpack 540 1299.765015 905.915100 1370.026611 1052.545410 0.359164
bicycle 586 1087.531738 584.337769 1115.110962 641.134827 0.661070
bicycle 589 1388.977173 981.067200 1571.563965 1105.848145 0.833447
person 574 1432.455444 935.941467 1531.489624 1088.374756 0.286459
person 534 1302.000488 904.173279 1371.374268 1065.465088 0.292798
person 456 837.954590 547.214172 858.250916 598.648071 0.599067
person 584 1083.639526 553.783630 1115.232544 621.778931 0.707806
person 533 937.871155 615.176392 977.919373 698.869751 0.762412
person 552 1037.393066 854.656860 1087.028564 1011.926331 0.815025
airplane 591 2203.230957 522.649597 2407.115967 622.786865 0.975587
backpack 580 1322.179565 940.227783 1359.769897 995.446899 0.517866
person 451 868.178589 546.963440 889.738464 592.893311 0.787285
frisbee 179 2006.764771 1176.761108 2076.778809 1216.866943 0.967473
motorcycle 583 1087.328735 581.147339 1113.951538 636.519714 0.267309
airplane 582 948.529358 597.911743 1527.584717 1217.638184 0.277148
airplane 522 1579.070435 849.885315 1648.930908 889.145020 0.686567
airplane 571 1437.245117 788.571960 1532.647095 824.409363 0.618246
