166580338541
frisbee 179 2006.521851 1176.586182 2076.721924 1216.849487 0.252589
airplane 570 1578.173340 848.269043 1623.796997 872.980042 0.254695
airplane 591 2184.213867 521.061462 2408.956055 620.627930 0.328237
airplane 1 2121.487305 1249.239380 2242.949951 1298.686401 0.414847
airplane 467 2153.641602 679.468140 2269.242920 710.019775 0.487875
person 553 2264.475098 492.820496 2293.072266 565.638916 0.683519
kite 478 1540.140381 783.781006 1573.088379 801.332703 0.330470
backpack 540 1300.898438 904.350098 1368.249146 1055.534424 0.288239
backpack 580 1321.830811 939.645569 1360.874756 995.701660 0.306260
backpack 592 1421.992188 953.581482 1464.900024 983.838623 0.312805
bicycle 586 1096.253784 590.598022 1123.830322 647.844482 0.581722
bicycle 589 1322.275513 994.655457 1508.721802 1110.746704 0.869949
person 534 1300.044189 903.733887 1367.831543 1060.722778 0.306610
person 584 1093.098145 559.263489 1122.713013 629.329407 0.571509
person 456 838.554810 547.057617 858.373962 597.679871 0.582451
person 574 1366.254639 942.823608 1467.549438 1081.222900 0.681996
person 533 937.393066 616.263916 978.238708 698.763367 0.806285
person 552 1032.156128 853.020813 1080.961670 1008.313232 0.835627
person 451 868.187195 547.519043 886.551147 592.329102 0.793404
motorcycle 583 1094.761597 583.654846 1121.384399 639.027222 0.251116
airplane 582 931.522583 578.574219 1510.578003 1198.300781 0.335586
airplane 522 1578.720947 849.964050 1648.581421 889.223755 0.745064
airplane 571 1437.253174 788.635986 1532.655151 824.473389 0.581813
