166879361979
frisbee 179 2007.195190 1176.506592 2077.111816 1217.207153 0.302652
airplane 1 2120.134766 1249.338989 2242.029541 1298.688110 0.515144
airplane 467 2153.397705 679.809265 2269.257324 709.667236 0.555747
person 553 2277.894531 492.328766 2304.912354 569.814636 0.732905
skateboard 593 1035.901001 997.450623 1079.510132 1013.256531 0.254291
kite 478 1540.538574 784.173462 1573.017822 801.106628 0.283056
skis 594 1459.326172 546.832458 1578.253296 591.658875 0.282082
bicycle 586 1108.117432 597.563843 1138.371094 657.720642 0.521530
bicycle 589 1242.331909 1001.222412 1430.914062 1121.440063 0.877460
person 456 841.575195 547.023987 868.372070 595.330750 0.498789
person 584 1105.585815 567.049683 1139.387817 643.922729 0.683552
person 534 1298.363647 913.763611 1386.237549 1087.458618 0.695504
person 533 937.022034 610.748718 977.539246 693.420105 0.774814
person 552 1022.337036 853.505005 1078.734863 1012.354614 0.865906
motorcycle 595 1311.290283 548.767273 1346.780640 610.908142 0.635031
backpack 580 1322.876709 938.567322 1361.920654 994.623413 0.390599
motorcycle 583 1105.911011 587.416016 1132.533813 642.788391 0.234289
airplane 582 931.398926 578.905334 1510.454346 1198.631836 0.342588
person 574 1294.227783 952.827393 1382.836182 1088.988525 0.330312
airplane 522 1578.618774 849.934082 1648.479248 889.193787 0.695788
airplane 570 1578.931641 848.170898 1624.550171 872.882263 0.788146
person 451 868.599426 545.602783 885.678711 590.666687 0.755829
airplane 571 1437.734741 788.649597 1533.136719 824.487000 0.571485
backpack 540 1297.380249 905.384705 1363.076782 1052.335938 0.911701
