166979361979
frisbee 179 2007.189697 1176.494873 2077.079346 1217.179321 0.308974
airplane 1 2120.181396 1249.324463 2242.025635 1298.681763 0.514828
airplane 467 2153.333984 679.663330 2269.038086 709.643738 0.558260
person 553 2279.922607 493.283325 2309.691650 567.639587 0.726161
kite 478 1540.575439 784.118042 1573.039917 801.103088 0.263129
skis 594 1459.755249 547.209290 1578.065063 593.217346 0.270091
motorcycle 583 1109.367676 601.191895 1142.023804 658.302185 0.303126
motorcycle 595 1323.694824 552.176697 1360.383545 617.158325 0.322130
bicycle 589 1218.362427 1008.291565 1407.004761 1124.875366 0.909791
person 456 841.911194 547.009521 868.646301 595.143311 0.414227
person 534 1275.983276 904.613159 1371.269531 1096.623535 0.569915
person 584 1110.005737 569.297607 1144.867798 639.809326 0.660738
person 533 937.468140 609.172180 975.924927 692.420044 0.675044
person 552 1019.292664 854.475159 1079.482788 1013.758728 0.872821
airplane 582 927.526245 578.407349 1506.581665 1198.133789 0.303320
person 574 1270.839600 953.690979 1359.447998 1089.852051 0.404084
backpack 580 1321.199463 936.250305 1362.505005 991.341431 0.457410
bicycle 586 1112.746948 598.037842 1143.905762 659.671509 0.480255
airplane 522 1578.617920 849.918823 1648.478394 889.178528 0.712447
airplane 570 1579.256592 847.843201 1624.875122 872.554565 0.761296
person 451 869.075317 545.177063 886.154602 590.240967 0.768283
airplane 571 1437.510742 788.549438 1532.912720 824.386841 0.615475
backpack 540 1296.866699 905.836365 1362.563232 1052.787598 0.813046
