167079361979
airplane 467 2153.357666 678.636719 2269.217041 709.706055 0.342339
airplane 1 2119.964111 1249.908081 2241.501465 1298.713867 0.425742
person 553 2282.512451 495.668732 2319.319336 579.181641 0.710599
kite 478 1539.975098 784.242859 1572.924072 801.619507 0.309729
backpack 580 1320.396606 938.523376 1362.582642 998.153381 0.701035
bicycle 586 1118.154419 603.843384 1148.567627 665.889648 0.559650
bicycle 589 1193.559326 1011.167419 1382.058838 1129.504517 0.884481
person 456 842.133667 547.106934 862.975647 592.116516 0.472612
person 534 1296.360352 902.148315 1370.293213 1061.049683 0.653138
person 584 1114.634277 571.874390 1150.342285 648.593994 0.670770
person 574 1236.065186 957.273010 1330.720825 1095.641357 0.701694
person 533 938.333191 608.033203 972.535645 692.212708 0.752833
person 552 1016.801758 855.443970 1078.274902 1014.026489 0.862259
motorcycle 595 1334.834351 556.743469 1373.364624 625.225830 0.616814
frisbee 179 2006.895508 1176.735718 2076.785156 1217.420166 0.984372
airplane 522 1578.831665 849.857361 1648.692139 889.117065 0.699872
airplane 570 1579.354126 847.809082 1624.972656 872.520447 0.805288
person 451 869.144836 545.066406 886.224121 590.130310 0.776675
airplane 571 1437.629150 788.551575 1533.031128 824.388977 0.627181
backpack 540 1297.323242 906.087097 1363.019775 1053.038330 0.894159
skis 594 1458.071289 547.439697 1576.381104 593.447754 0.818770
airplane 582 958.456055 548.678345 1571.396973 1159.707031 0.380287
