167146354166
airplane 467 2153.367920 678.513733 2269.242676 709.717834 0.356279
airplane 1 2120.016602 1249.981812 2241.487305 1298.690063 0.425383
person 553 2283.673340 495.993561 2322.133057 583.120972 0.735187
kite 478 1539.863892 784.069092 1572.970215 801.687256 0.282065
backpack 580 1321.556641 938.531738 1362.453491 999.297241 0.712913
motorcycle 595 1347.845825 567.201660 1387.569580 631.755432 0.602517
bicycle 586 1119.976807 606.300842 1151.513184 669.026917 0.382413
bicycle 589 1176.338989 1015.726379 1363.947876 1132.250122 0.905608
person 574 1218.296997 961.022278 1312.433960 1092.787109 0.310533
person 456 842.545532 547.324219 862.411499 592.472107 0.457071
person 533 938.622314 608.380981 971.943237 691.411682 0.660133
person 584 1117.502686 572.742126 1154.222046 657.689514 0.661151
person 534 1300.768188 902.164429 1370.557007 1056.720459 0.732644
person 552 1016.459595 855.961975 1078.033203 1014.123413 0.866730
frisbee 179 2006.861572 1176.825439 2076.751221 1217.509888 0.976046
airplane 522 1578.966797 849.842468 1648.827271 889.102173 0.701516
airplane 570 1579.355103 847.797913 1624.973633 872.509277 0.805179
person 451 869.263428 545.042480 886.342712 590.106384 0.792631
airplane 571 1437.680664 788.567261 1533.082642 824.404663 0.624888
backpack 540 1297.815796 906.408569 1363.512329 1053.359741 0.842938
skis 594 1457.011597 547.522644 1575.321411 593.530701 0.808291
airplane 582 995.992920 542.553955 1608.933838 1153.582642 0.422278
