167246354166
airplane 467 2153.312744 678.238525 2269.450928 709.702209 0.384891
airplane 1 2120.055420 1250.004150 2241.555176 1298.677002 0.475034
person 553 2291.064697 495.516876 2326.279053 571.893555 0.583559
kite 478 1539.780518 783.966248 1573.005737 801.753723 0.272704
backpack 596 1234.187988 986.277832 1284.026611 1044.692749 0.471544
backpack 580 1322.828003 938.926819 1361.825562 999.617554 0.747378
motorcycle 595 1356.612793 574.689514 1404.148682 640.071960 0.824241
bicycle 586 1126.284668 608.722168 1159.123535 672.628418 0.273851
bicycle 589 1148.486694 1022.600220 1335.725098 1137.301025 0.898936
person 456 842.515076 547.179871 862.022217 592.779114 0.525450
person 533 939.964783 609.170654 972.886292 688.791077 0.648050
person 584 1122.122559 575.525696 1158.775879 660.846741 0.685144
person 574 1191.225586 964.792175 1274.270508 1098.152832 0.728615
person 534 1302.552246 903.187988 1371.416748 1062.939697 0.853409
person 552 1016.905884 856.370056 1078.993042 1014.338867 0.874104
frisbee 179 2006.895874 1176.909790 2076.785645 1217.594238 0.990712
airplane 522 1579.030518 849.809509 1648.890991 889.069214 0.654378
airplane 570 1579.343384 847.787231 1624.961914 872.498596 0.805048
person 451 869.536011 544.908875 886.615295 589.972778 0.784344
airplane 571 1437.750610 788.570129 1533.152588 824.407532 0.625377
backpack 540 1298.276733 907.119080 1363.973267 1054.070312 0.788208
skis 594 1455.841431 547.406189 1574.151245 593.414246 0.756210
airplane 582 961.133057 574.702881 1574.073975 1185.731567 0.435921
