167346354166
frisbee 179 2007.095093 1176.775391 2076.984863 1217.191528 0.405440
airplane 570 1578.634033 847.969055 1624.452148 872.630249 0.255463
airplane 522 1578.504517 851.514954 1648.220337 887.442749 0.287448
airplane 467 2153.428955 678.664124 2269.245605 709.682190 0.431550
airplane 1 2120.878906 1249.568237 2242.289062 1298.652588 0.464339
person 553 2294.883301 496.009552 2328.758301 576.685791 0.606794
kite 478 1539.556152 783.368103 1573.087646 801.658386 0.484158
backpack 580 1322.890259 939.098877 1362.115479 999.360901 0.572392
motorcycle 595 1373.345337 582.531189 1422.254883 648.950195 0.610910
bicycle 586 1121.330688 616.584473 1163.345825 676.857971 0.283643
bicycle 589 1119.591919 1026.779541 1306.869995 1142.200806 0.893709
person 456 843.502686 547.216980 862.288269 592.253357 0.523427
person 533 942.033264 610.809204 973.806091 684.949341 0.535762
person 584 1126.750244 577.813538 1164.415771 662.221619 0.580833
person 534 1302.235718 903.720398 1371.709473 1064.885742 0.617209
person 574 1166.390259 968.260986 1250.207031 1107.258667 0.818603
person 552 1018.693481 856.373718 1078.516724 1014.398315 0.877169
backpack 596 1208.847168 992.427246 1259.479492 1050.977173 0.560915
person 597 1380.121704 555.921692 1420.726562 632.112671 0.697861
person 451 870.080872 544.650818 887.160156 589.714722 0.703862
airplane 571 1437.794800 788.654480 1533.196777 824.491882 0.637265
backpack 540 1298.597778 907.049683 1364.294312 1054.000854 0.754728
skis 594 1455.825073 547.176453 1574.134888 593.184509 0.743157
airplane 582 963.954773 577.844543 1576.895508 1188.873291 0.277632
