167412304687
frisbee 179 2007.153931 1176.688843 2077.039551 1216.927856 0.411093
airplane 570 1578.265625 848.107056 1624.228760 872.733704 0.252596
airplane 522 1578.075562 852.734680 1647.689331 886.316101 0.287281
airplane 467 2153.500977 679.052368 2268.962402 709.692444 0.406729
airplane 1 2121.563721 1249.166138 2242.924316 1298.661133 0.456147
person 553 2301.039062 495.263550 2332.806396 582.691223 0.646228
kite 478 1539.472168 783.116455 1573.159546 801.710022 0.474118
backpack 596 1194.028809 1000.031067 1238.723633 1051.667847 0.326652
backpack 580 1323.519897 938.698792 1362.611450 998.913208 0.513716
motorcycle 595 1387.924072 588.577820 1435.421509 654.486450 0.748354
bicycle 586 1130.328125 615.698730 1167.242920 678.401245 0.254183
bicycle 589 1101.021851 1029.939575 1287.992554 1145.553833 0.902256
person 451 870.634949 545.787354 886.802551 589.295654 0.302514
person 597 1389.169678 556.850830 1429.669800 630.361694 0.335612
person 584 1128.626953 579.658081 1167.455566 667.052246 0.418567
person 534 1300.964722 903.648071 1371.824707 1065.576660 0.476948
person 456 844.033447 547.119690 863.214172 591.873169 0.563672
person 533 942.948486 607.284119 974.974854 683.852661 0.686102
person 574 1149.445801 970.902405 1235.005615 1119.296631 0.791911
person 552 1019.516052 856.218750 1077.979126 1014.371948 0.875759
airplane 571 1437.911499 788.672180 1533.313477 824.509583 0.581266
backpack 540 1298.614380 907.151428 1364.310913 1054.102661 0.776621
skis 594 1456.227783 546.952454 1574.537598 592.960510 0.727636
airplane 582 965.835938 579.938965 1578.776855 1190.967773 0.298555
