16581315104
truck 66 1573.478760 479.800201 1613.077148 551.428223 0.472731
airplane 49 1578.235840 854.247498 1647.324097 885.434387 0.281022
airplane 72 1578.217529 848.597046 1646.845459 918.001160 0.290958
airplane 57 2153.421631 678.511536 2268.897949 709.963013 0.411709
airplane 1 2119.680664 1248.869751 2242.099365 1298.717163 0.546951
person 63 2113.485107 467.170990 2140.030518 546.438171 0.742658
person 7 895.965515 609.257324 925.705994 696.177551 0.833269
skis 73 1460.869507 547.180481 1575.675903 596.090393 0.985263
kite 68 1540.233276 784.229614 1572.852417 801.434998 0.930085
bicycle 71 2001.354004 466.998657 2048.909668 502.403900 0.687553
frisbee 38 2006.872314 1176.647827 2076.592041 1217.042603 0.925003
bicycle 64 1040.029297 587.756165 1070.939087 638.999817 0.718355
traffic light 18 770.288574 562.694519 814.420959 595.646667 0.825294
person 11 1040.050903 560.081177 1072.372803 630.361206 0.494604
