167612304687
frisbee 179 2007.154053 1176.699707 2077.033447 1216.838867 0.410575
airplane 570 1578.087158 848.265015 1624.073120 872.754272 0.280507
airplane 522 1577.911743 853.684326 1647.466064 885.691711 0.280647
airplane 467 2153.509033 679.289612 2268.987061 709.742554 0.353059
airplane 1 2121.823242 1248.945435 2243.168945 1298.704346 0.470590
person 553 2311.172607 498.243561 2339.212158 578.772827 0.358514
backpack 580 1323.861572 938.340271 1362.241211 998.400391 0.392711
backpack 596 1121.851807 998.508789 1178.332520 1058.692505 0.403360
backpack 540 1300.457031 904.119385 1370.510620 1060.494507 0.423436
motorcycle 595 1425.262085 603.510803 1472.560303 672.920593 0.764490
bicycle 586 1144.109985 620.415405 1177.290161 687.376038 0.348258
bicycle 589 1043.256348 1040.178955 1229.596558 1155.940308 0.898121
person 597 1421.456787 570.588440 1471.696289 654.525635 0.352880
person 451 871.399292 546.911194 886.584106 588.163269 0.369454
person 584 1140.503052 585.618835 1177.456421 672.723633 0.462555
person 456 845.070312 546.931274 865.232239 591.355713 0.542447
person 574 1092.617554 979.762817 1179.820923 1133.137817 0.562119
person 533 944.725037 609.653931 977.125610 683.361145 0.563428
person 552 1021.055298 856.272339 1078.433716 1013.940369 0.857762
backpack 598 1111.575684 981.614746 1166.137207 1011.712891 0.721658
kite 478 1539.383057 783.026306 1573.150635 801.780701 0.772937
person 534 1300.189819 903.396362 1371.720947 1065.130493 0.880034
skis 594 1456.121948 546.964294 1574.431763 592.972351 0.754631
airplane 582 967.106018 578.729187 1580.046875 1189.757812 0.326122
