167912304687
frisbee 179 2006.772583 1176.566772 2077.224121 1216.835938 0.267811
airplane 522 1578.278931 849.319824 1647.496460 886.617920 0.264571
airplane 599 2224.631104 718.204224 2280.614990 740.464355 0.293854
airplane 1 2121.806885 1249.654419 2242.613037 1298.698730 0.393918
airplane 467 2153.475830 678.663391 2268.676270 710.045898 0.451798
bicycle 600 2010.333740 466.582550 2042.028564 499.271790 0.251356
person 553 2324.194580 500.652130 2352.299072 577.577087 0.717248
backpack 540 1299.476074 904.081787 1369.031494 1058.863159 0.364179
backpack 580 1317.939087 935.278015 1362.533813 998.002930 0.449135
motorcycle 595 1489.089844 628.062683 1539.824829 709.579224 0.677549
bicycle 586 1161.794189 637.517273 1192.796387 702.387939 0.274954
bicycle 589 956.253662 1042.572388 1141.574585 1170.084351 0.851700
person 584 1150.325684 595.906067 1195.627319 677.009888 0.321575
person 574 999.531311 988.455688 1091.726074 1137.734131 0.487153
person 597 1489.368896 596.535095 1540.057983 688.047485 0.523561
person 456 844.267151 547.035034 864.062073 590.971130 0.577504
person 552 1023.690430 855.307312 1078.085449 998.335449 0.803996
person 533 947.955322 600.567322 980.283447 678.997986 0.352253
person 534 1299.698242 903.334351 1371.229370 1065.068481 0.800623
backpack 598 1038.907715 996.306335 1087.889404 1026.012817 0.528756
backpack 596 1045.589355 1013.849304 1094.187866 1072.945923 0.552789
person 451 870.659241 546.788513 885.917969 587.938293 0.651380
skis 594 1455.770630 546.693604 1574.080444 592.701660 0.695684
kite 478 1539.695801 783.493164 1573.175781 802.066895 0.840380
airplane 582 971.693665 581.510559 1584.634399 1192.539307 0.365856
