168078320312
airplane 522 1578.349976 848.212341 1647.661011 887.088745 0.307733
airplane 1 2120.364258 1249.440308 2242.202148 1298.669189 0.388571
airplane 467 2153.789551 679.226013 2269.283936 708.833069 0.448726
person 553 2330.544189 501.465393 2358.578369 588.716309 0.732414
backpack 598 985.812805 1005.060730 1033.146240 1034.305786 0.275625
backpack 540 1300.056763 904.070923 1370.142212 1054.820190 0.403031
backpack 580 1322.324951 939.221375 1362.589233 996.885193 0.512138
motorcycle 595 1531.148193 636.434937 1582.662109 732.393127 0.348100
bicycle 586 1169.133301 637.807434 1206.987427 711.044983 0.605749
bicycle 589 906.148132 1056.596313 1090.322998 1175.333008 0.864441
person 456 844.584106 547.056946 865.508972 588.000488 0.403973
person 534 1301.939453 903.736572 1371.012939 1064.784668 0.425844
person 584 1162.385986 602.819214 1208.752808 691.015381 0.446570
person 533 953.979004 606.948181 982.500793 679.595520 0.469795
person 574 947.841248 993.544678 1037.824097 1148.475586 0.734617
person 552 1023.766418 856.021545 1079.216553 1012.863770 0.858850
backpack 596 995.859619 1019.617493 1044.458130 1078.714111 0.498131
person 597 1527.411621 611.741028 1577.694580 708.713379 0.775865
person 451 871.451782 546.215759 886.710510 587.365540 0.668998
skis 594 1455.527588 546.789490 1573.837402 592.797546 0.693235
kite 478 1539.697144 783.507446 1573.177124 802.081177 0.809975
frisbee 179 2006.191162 1176.760620 2076.662598 1217.027832 0.898520
bicycle 600 2012.505249 466.435760 2052.570801 500.490845 0.483439
airplane 582 931.552368 596.304504 1544.493164 1207.333252 0.256271
