168145312500
airplane 522 1578.383301 848.062195 1647.722656 888.945190 0.260548
airplane 1 2120.099854 1249.416626 2242.134521 1298.686523 0.407280
airplane 467 2153.825195 679.317810 2269.445801 708.662170 0.450144
person 553 2333.390137 502.714600 2361.465332 591.611084 0.779274
backpack 540 1300.361450 904.600342 1370.310181 1058.819580 0.395913
backpack 580 1322.965210 939.742554 1362.509644 996.643372 0.518335
motorcycle 595 1545.988159 655.896484 1588.618896 737.079712 0.571983
bicycle 586 1173.355835 642.263672 1209.515625 715.316956 0.302829
bicycle 589 886.113586 1060.387695 1068.289429 1176.721924 0.887490
person 533 956.451965 609.560974 983.617126 679.045532 0.433483
person 534 1302.241333 903.769043 1370.922241 1064.700806 0.433659
person 456 843.999512 547.237305 865.183960 587.265076 0.459330
person 597 1547.145020 620.506104 1586.618652 705.955261 0.521933
person 574 926.074280 997.251587 1013.178345 1151.431763 0.703334
person 552 1024.031738 856.022522 1079.031250 1013.805298 0.860675
motorcycle 601 1579.925659 655.787842 1610.023804 746.939941 0.647258
person 584 1163.613525 605.159546 1212.335083 692.929382 0.795673
person 451 871.711975 545.959595 886.970703 587.109375 0.649589
person 602 1578.020142 624.868347 1591.862915 671.211609 1.000000
backpack 596 969.126892 1027.002197 1018.005554 1084.068237 0.568081
skis 594 1455.676880 546.891663 1573.986694 592.899719 0.704177
kite 478 1539.705811 783.503174 1573.185791 802.076904 0.809514
frisbee 179 2005.913208 1176.804443 2076.384521 1217.071655 0.884222
bicycle 600 2012.658813 466.193298 2052.724365 500.248352 0.492286
airplane 582 924.939636 599.291138 1537.880615 1210.319824 0.368488
