168178320312
airplane 1 2119.999268 1249.409180 2242.144043 1298.690918 0.415001
airplane 467 2153.807617 679.364197 2269.449463 708.579163 0.453588
motorcycle 601 1582.898682 659.034180 1618.713013 751.257324 0.694395
person 553 2334.263184 502.765198 2362.821533 591.945068 0.802662
backpack 540 1300.382935 904.610413 1370.315186 1059.635864 0.382130
backpack 580 1323.086548 939.694214 1362.409546 996.518066 0.549651
bicycle 586 1175.578003 645.614746 1210.810181 717.570007 0.424670
bicycle 589 876.053040 1061.054443 1058.049438 1177.678101 0.880646
person 451 872.774170 546.404663 891.021606 585.585571 0.276394
person 597 1556.758789 626.086426 1589.520630 716.797180 0.429681
person 534 1301.774536 903.927185 1370.854736 1064.526245 0.445544
person 584 1165.075073 605.807556 1214.561890 696.008301 0.449142
person 533 956.960144 608.781738 983.776306 678.841125 0.450046
person 456 844.209167 547.299377 865.114136 586.891968 0.562465
person 574 914.166565 998.194641 1002.975037 1153.658447 0.780987
person 552 1024.229004 855.923950 1078.903320 1014.056030 0.860448
airplane 522 1578.444580 848.130127 1647.783936 889.013123 0.773606
person 602 1580.373047 626.588501 1600.706543 676.499939 0.812654
backpack 596 961.159119 1027.297241 1010.037781 1084.363281 0.546949
skis 594 1455.797485 546.900635 1574.107300 592.908691 0.708956
kite 478 1539.705688 783.508606 1573.185669 802.082336 0.811137
frisbee 179 2005.834106 1176.837036 2076.305420 1217.104248 0.886944
bicycle 600 2012.588867 466.075989 2052.654297 500.131042 0.496076
airplane 582 921.633362 600.784485 1534.574219 1211.813232 0.313213
