168245312500
airplane 1 2119.931885 1249.405762 2242.174805 1298.696655 0.417460
airplane 467 2153.794922 679.394348 2269.480713 708.554504 0.436931
motorcycle 601 1587.166626 666.901672 1637.173096 760.924194 0.762084
person 597 1579.988892 633.130676 1617.011230 730.077454 0.322102
person 553 2335.837158 504.159058 2366.313477 593.150391 0.788555
skis 594 1457.091675 546.974243 1577.712769 592.195374 0.270476
backpack 596 925.096313 1023.296021 981.721252 1079.938354 0.301315
backpack 540 1300.392090 904.748718 1370.303589 1060.419678 0.389110
backpack 580 1323.234619 939.500183 1362.473145 996.482544 0.555249
bicycle 586 1180.646973 648.327271 1221.568359 720.672363 0.535141
bicycle 589 856.128723 1060.442261 1036.202271 1178.415039 0.895207
person 456 844.222534 547.385864 864.957947 586.770691 0.447294
person 534 1301.245117 904.151672 1370.744873 1064.380371 0.458064
person 584 1174.898926 607.873718 1219.198486 698.851074 0.545751
person 574 894.533752 1000.928406 980.913818 1147.677734 0.679640
person 552 1024.592407 855.950989 1078.720093 1014.213684 0.854092
kite 478 1539.714355 783.501343 1573.194336 802.075073 0.806349
backpack 603 923.357422 1012.492126 968.538757 1042.144409 0.606143
airplane 522 1578.144531 847.747253 1647.459961 900.782471 0.721917
frisbee 179 2005.722046 1176.882202 2076.193359 1217.149414 0.905200
person 451 872.182251 546.328186 890.429688 585.509094 0.681630
person 602 1591.566772 632.721863 1617.886353 683.550293 0.499845
bicycle 600 2012.573608 465.840515 2052.639160 499.895569 0.477754
airplane 582 948.570068 582.789185 1561.510986 1193.817871 0.319294
