168711328125
frisbee 179 2007.001831 1176.727295 2076.894775 1216.722412 0.441732
airplane 467 2153.755127 679.130676 2269.112305 709.711853 0.322535
airplane 1 2121.073486 1249.036377 2242.329346 1298.707520 0.534132
motorcycle 601 1731.886353 751.838562 1814.134766 857.668091 0.641468
person 597 1736.158691 703.406799 1786.619873 807.689758 0.640999
person 553 2358.724121 506.485840 2386.632080 584.968018 0.750486
kite 478 1540.398804 783.762329 1572.818237 801.553040 0.398861
skis 594 1457.120483 547.444824 1576.481201 595.026794 0.262496
backpack 580 1322.458252 941.761475 1360.842773 998.219971 0.431511
airplane 582 1204.132202 554.602966 1592.652466 1151.097900 0.275309
bicycle 586 1222.404907 692.376709 1258.247192 750.529480 0.595526
person 534 1300.931519 903.575989 1371.012207 1064.381348 0.342378
person 456 847.832642 547.229614 868.549622 586.839539 0.499309
person 584 1214.365967 630.080566 1256.622437 731.554565 0.595048
person 552 1026.433594 855.562683 1078.320312 1013.736572 0.860312
airplane 522 1576.923706 843.660828 1645.802490 911.536499 0.614442
backpack 540 1299.967529 903.855042 1368.932983 1060.485107 0.838459
person 451 878.977112 551.756958 899.964783 582.778381 0.637046
