168811328125
frisbee 179 2006.934937 1176.727173 2076.956543 1216.682861 0.391443
airplane 522 1577.578003 845.224670 1646.779663 893.535583 0.318406
airplane 467 2153.886475 679.127991 2268.737305 709.720947 0.328304
airplane 1 2121.547363 1248.915161 2242.543945 1298.712158 0.537781
motorcycle 601 1772.853271 769.208618 1860.829712 880.834900 0.763545
person 597 1780.291382 724.072510 1829.001709 839.045227 0.693514
person 553 2364.323730 507.749023 2394.226807 584.257019 0.700281
kite 478 1540.625000 783.812378 1572.743652 801.430237 0.396829
backpack 580 1322.311401 942.828369 1360.238892 997.969238 0.452665
airplane 582 1175.556641 552.439392 1583.228149 1164.916382 0.293838
person 584 1223.532593 633.230103 1265.371948 737.386169 0.364571
person 534 1300.921387 903.592163 1371.086304 1064.533936 0.369003
person 456 848.151367 547.128296 869.223694 586.798401 0.503374
person 552 1026.528198 855.661926 1078.048340 1013.887878 0.864140
bicycle 586 1229.791870 694.093933 1267.750244 754.527222 0.453176
backpack 540 1299.739380 903.655945 1368.704834 1060.286011 0.885551
person 451 878.822083 552.021423 899.809753 583.042847 0.635158
