168844335937
frisbee 179 2006.926758 1176.729492 2076.968994 1216.678711 0.386190
airplane 467 2153.916992 679.142090 2268.715332 709.676941 0.324291
airplane 522 1577.948608 846.095886 1647.226318 890.788452 0.336405
airplane 1 2121.597412 1248.907593 2242.572021 1298.715210 0.531098
motorcycle 601 1786.245605 776.452820 1875.042725 890.513855 0.836477
person 597 1794.500000 730.874634 1844.305786 846.696777 0.448386
person 553 2365.440430 508.389191 2395.059326 585.766052 0.709766
kite 478 1540.650391 783.819702 1572.734863 801.417480 0.399398
backpack 580 1322.327026 943.005310 1360.190674 997.982300 0.458267
airplane 582 1191.901123 552.031250 1585.276733 1161.846436 0.348089
bicycle 586 1233.432617 698.297302 1271.374023 756.705872 0.254011
person 534 1300.969604 903.609009 1371.108887 1064.547852 0.378030
person 584 1226.595947 635.901733 1267.394043 740.531311 0.438290
person 456 848.130981 547.132507 869.331970 586.818420 0.528070
person 552 1026.572266 855.648132 1078.044312 1013.911316 0.865277
backpack 540 1299.630737 903.756653 1368.596191 1060.386719 0.928461
person 451 878.773865 552.278931 899.761536 583.300354 0.622207
