169044335937
frisbee 179 2007.040161 1176.765747 2076.954102 1216.847412 0.327440
airplane 522 1578.285156 849.638672 1647.895386 885.823975 0.294366
airplane 467 2154.065674 679.970520 2269.438232 709.573486 0.336904
airplane 1 2121.595947 1249.084351 2243.082031 1298.694946 0.345947
motorcycle 601 1880.878662 821.685242 1976.936646 948.635254 0.820011
person 553 2368.068359 511.617035 2403.786133 597.157043 0.660806
person 597 1890.249390 774.806335 1945.061035 900.182617 0.679536
backpack 580 1321.358765 940.585388 1362.025024 998.651978 0.371285
backpack 540 1300.031372 904.698547 1369.151123 1061.158447 0.440606
person 552 1027.030884 855.694824 1078.128052 1014.131653 0.856491
airplane 582 1203.679688 551.231323 1580.781860 1164.422852 0.595355
person 534 1301.154541 903.865906 1371.056274 1064.794678 0.945828
kite 478 1540.524292 783.903015 1572.557495 801.476624 0.874065
person 451 878.996643 552.680237 899.984314 583.701660 0.593995
person 584 1243.157471 647.659424 1283.955566 752.288940 0.157810
bicycle 586 1247.905640 703.965515 1285.847046 762.374084 0.331104
person 456 848.061890 547.200562 869.577881 586.906555 0.819950
