169177343750
frisbee 179 2007.091675 1176.789917 2076.951660 1216.928833 0.306501
airplane 522 1578.494019 847.813721 1647.991821 886.552795 0.286399
airplane 467 2154.231689 680.331299 2269.545410 708.869324 0.295665
airplane 1 2121.569092 1249.170410 2243.323730 1298.672852 0.355362
motorcycle 601 1943.870850 855.530518 2056.028809 990.966064 0.752174
person 597 1966.826904 807.962769 2030.065796 953.909363 0.494392
person 553 2379.335205 512.087585 2407.616211 589.271057 0.604852
backpack 580 1321.482056 940.015259 1362.498657 998.991577 0.324146
backpack 540 1300.777832 904.998840 1369.537720 1061.631592 0.342506
airplane 582 1041.768188 550.944702 1569.358154 1169.087891 0.289953
person 534 1302.723267 904.886597 1371.004028 1065.387695 0.278278
person 552 1027.045410 855.684143 1078.122803 1014.273682 0.858263
kite 478 1540.216064 783.894653 1572.249268 801.468262 0.892832
person 451 879.152893 552.119324 900.140564 583.140747 0.604502
person 584 1254.198608 655.497925 1294.996704 760.127502 0.267937
bicycle 586 1264.758789 710.192078 1302.700195 768.600647 0.322485
person 456 847.645203 547.226929 869.161194 586.932922 0.845100
