169477343750
airplane 467 2154.180664 680.090637 2269.646973 709.479065 0.264938
motorcycle 601 2139.165283 954.256592 2265.603760 1108.921875 0.818432
person 553 2387.680176 520.408691 2409.576172 602.057739 0.301645
kite 478 1540.347290 783.824585 1572.765991 801.118408 0.254392
backpack 540 1299.438354 905.591064 1368.658081 1059.793091 0.567770
person 605 993.449341 599.702393 1027.290894 669.286987 0.627486
person 552 1027.883911 855.295410 1079.380859 1013.726013 0.850899
person 584 1291.506470 670.474670 1332.304565 775.104248 0.512755
person 451 876.400146 549.249451 899.409241 582.958069 0.673184
bicycle 586 1299.569458 726.067871 1337.510864 784.476440 0.274671
airplane 522 1579.509766 848.164307 1648.985474 887.244873 0.892516
backpack 580 1320.660889 939.315857 1362.060303 999.963928 0.731463
person 456 846.485229 547.413269 868.001221 587.119263 0.744224
person 534 1301.655884 904.172119 1369.876709 1064.579102 0.891355
airplane 1 2121.160156 1249.733887 2242.024902 1298.856567 1.009394
frisbee 179 2006.660522 1176.995117 2076.596436 1217.110352 0.975883
