169743359375
airplane 522 1578.534790 848.164856 1647.250610 887.125549 0.298642
airplane 467 2153.705078 678.818115 2269.614502 710.021484 0.408486
backpack 540 1299.815796 904.683228 1369.558228 1058.601562 0.421234
backpack 580 1322.140259 938.820679 1363.411865 997.118469 0.435732
bicycle 586 1333.340454 740.963440 1382.469604 836.435303 0.680134
person 456 849.729614 547.091736 869.611145 586.770142 0.289651
person 451 873.280518 547.328918 893.062744 584.373718 0.485570
person 584 1329.146118 693.531799 1380.535278 810.115479 0.507671
person 605 998.543213 599.482605 1027.583984 669.334717 0.595406
person 552 1027.501099 854.953064 1078.630737 1013.652161 0.842941
kite 478 1540.391602 783.979431 1573.008423 801.093933 0.809724
person 534 1301.521729 903.648743 1370.216431 1064.273560 0.892846
airplane 1 2119.363770 1249.693115 2240.228516 1298.815796 0.899028
frisbee 179 2006.605347 1177.111328 2076.541260 1217.226562 0.946037
