169776302083
airplane 522 1578.467896 848.202820 1647.112671 887.152039 0.297393
airplane 467 2153.729004 678.662231 2269.636719 709.954590 0.409155
kite 478 1540.414795 783.994080 1573.038452 801.061462 0.325484
backpack 540 1299.879883 904.677917 1369.681641 1059.478760 0.336676
backpack 580 1322.418091 938.918640 1363.547241 996.726685 0.397422
bicycle 586 1336.933716 741.772949 1386.897339 841.060547 0.283406
person 534 1301.630859 903.988159 1370.644897 1064.640503 0.283773
person 456 849.971802 547.038208 869.685547 586.722534 0.296561
person 584 1333.361572 696.239197 1385.036011 808.771118 0.455093
person 451 872.988953 547.377380 892.831665 584.495605 0.511355
person 605 999.160095 599.217529 1027.527832 669.125610 0.560300
person 552 1027.454590 854.994446 1078.692261 1013.697815 0.841417
airplane 1 2119.343018 1249.645386 2240.207764 1298.768066 0.884159
frisbee 179 2006.621582 1177.132324 2076.557373 1217.247559 0.948712
