170076302083
chair 607 2160.947510 467.097290 2263.227295 525.566711 0.307665
frisbee 179 2007.001465 1176.869629 2077.087402 1216.787354 0.605936
airplane 522 1577.907715 847.842651 1634.612915 879.326477 0.263823
airplane 467 2153.442383 678.647461 2269.618896 710.337891 0.336926
airplane 1 2120.760010 1249.701904 2242.324463 1298.750488 0.417867
backpack 540 1300.838379 904.053589 1368.325928 1061.044922 0.401936
backpack 580 1322.866577 935.817505 1363.032959 996.541626 0.644314
bicycle 586 1377.126221 774.987854 1433.841431 877.910889 0.534282
person 534 1301.159058 903.594910 1369.312500 1063.929077 0.298863
person 584 1376.048340 723.971924 1435.780640 850.187744 0.629962
person 552 1028.176636 855.183228 1078.906738 1013.862427 0.852346
person 605 1001.297607 600.859558 1028.933105 668.297546 0.738682
person 451 875.774414 547.214355 893.153564 584.043945 0.697396
kite 478 1540.035400 784.093201 1573.032227 801.355286 0.841692
person 456 849.992493 547.035889 869.371887 586.695374 0.815404
