170209309895
chair 607 2160.900391 467.081482 2263.189209 525.539673 0.292998
frisbee 179 2006.958130 1176.848511 2077.078857 1216.722900 0.616550
airplane 522 1580.378784 847.938049 1627.933472 873.799683 0.260786
airplane 467 2153.398682 678.702881 2269.603516 710.419617 0.345129
airplane 1 2120.684814 1249.690308 2242.445312 1298.708252 0.416674
backpack 540 1301.349243 903.968872 1368.362183 1061.106812 0.442284
backpack 580 1323.032227 935.025513 1363.003052 996.585510 0.643436
bicycle 586 1396.327881 791.779663 1460.048828 896.260010 0.735881
person 534 1302.424561 903.638794 1369.268066 1064.291138 0.405075
person 584 1397.349121 738.319275 1456.780396 860.556763 0.658643
person 552 1028.182861 855.087646 1078.707153 1013.864197 0.853840
person 605 999.972107 599.168945 1027.607666 666.606934 0.691974
person 451 875.718872 547.251099 893.098022 584.080688 0.699053
kite 478 1540.047729 784.107544 1573.044556 801.369629 0.841908
person 456 849.570007 547.147522 868.949402 586.807007 0.833225
