170409309895
frisbee 179 2007.140747 1176.903198 2077.631836 1217.278442 0.353397
airplane 608 1578.140869 847.684998 1646.945801 911.383545 0.283256
airplane 467 2153.798828 678.523499 2269.222168 710.165955 0.383969
airplane 609 2195.456299 522.727966 2403.254883 619.299744 0.476002
airplane 1 2119.676270 1248.957031 2241.985840 1298.680542 0.619850
skateboard 610 1036.981445 997.660339 1077.793091 1013.204590 0.284945
backpack 540 1300.647827 904.560486 1369.129883 1061.204712 0.424590
backpack 580 1322.859253 936.275513 1362.720093 996.772278 0.585475
bicycle 586 1429.180420 815.864624 1502.646240 930.024109 0.349213
person 451 878.062927 547.061218 894.457825 581.557373 0.324779
person 534 1300.879883 904.077881 1370.423340 1065.035889 0.419559
person 605 1004.988953 591.386780 1029.847412 669.058716 0.517918
person 584 1432.785522 762.871643 1496.513306 884.599976 0.606085
person 552 1027.697021 854.272827 1078.246216 1013.511230 0.843346
kite 478 1540.035889 784.130798 1573.032715 801.392883 0.919376
airplane 522 1577.168579 846.418945 1623.522705 871.544678 0.326485
person 456 849.157227 547.219116 868.536621 586.878601 0.907294
chair 607 2161.371094 466.816864 2263.461914 525.255615 0.745842
