170708333333
frisbee 179 2007.197632 1176.880005 2077.278076 1217.129639 0.341533
airplane 609 2194.692871 523.075989 2402.939209 619.114319 0.279399
airplane 522 1575.062256 845.198242 1621.101562 870.132507 0.282247
airplane 467 2153.873535 678.693848 2269.455078 710.021301 0.457159
airplane 1 2120.756104 1248.891479 2242.216553 1298.706299 0.578375
skateboard 610 1036.807373 997.974792 1077.372314 1013.427979 0.482502
kite 478 1539.839111 784.291870 1573.283447 801.432617 0.292642
backpack 580 1320.079590 933.622070 1362.697388 997.391785 0.585547
person 451 876.591370 547.162231 894.834473 581.039551 0.387271
person 605 1005.969177 591.684631 1031.202881 669.669373 0.457541
person 534 1304.104736 904.766479 1370.927979 1065.269531 0.714015
person 584 1493.829224 802.655762 1561.265015 930.868958 0.736179
person 552 1027.951782 853.967957 1078.357910 1012.939941 0.843408
airplane 608 1578.020996 847.071289 1646.713867 905.091370 0.604363
airplane 611 1437.031982 784.442505 1534.324219 823.894714 1.000000
person 456 849.064758 547.116760 868.444153 586.776245 0.907451
bicycle 586 1484.751953 862.197388 1560.294678 978.694092 0.623962
chair 607 2160.327148 465.884125 2262.417969 524.322876 0.626462
backpack 540 1299.895996 904.585938 1368.923096 1061.447021 0.939742
