171008333333
chair 607 2158.723145 466.689270 2262.049561 525.190369 0.341954
frisbee 179 2007.139038 1176.850952 2076.967773 1216.880737 0.257429
airplane 467 2153.903076 679.214783 2269.607178 709.534424 0.287370
airplane 1 2120.674072 1249.237183 2241.909180 1298.720093 0.495454
bicycle 612 1581.596313 911.532715 1642.474854 1043.792480 0.669978
skateboard 610 1036.754272 998.138794 1077.594971 1013.438721 0.312365
kite 478 1540.103271 784.491272 1573.233521 801.428101 0.377891
backpack 580 1318.702026 931.018433 1363.545654 997.835144 0.483658
person 456 850.876648 547.081665 868.882629 586.446472 0.323490
person 605 1006.930298 599.862732 1030.215454 669.112122 0.495026
person 552 1028.224121 853.889038 1078.705811 1013.067078 0.842049
person 584 1561.649536 848.595703 1595.266113 957.639404 0.376908
person 451 875.676270 547.233887 895.885925 581.630920 0.874805
airplane 522 1573.042969 844.053406 1619.082275 868.987671 0.227137
airplane 608 1579.814575 848.355896 1648.784668 894.914978 0.506539
backpack 540 1297.862305 905.841064 1366.889404 1062.702148 0.836161
person 534 1305.492554 905.383728 1370.553955 1065.593750 0.785561
airplane 609 2195.185791 523.573792 2402.138428 619.466125 0.904671
airplane 611 1432.326294 787.468079 1528.834595 825.396240 0.716271
