171175325520
chair 607 2158.203369 467.186462 2262.882080 525.830444 0.363109
frisbee 179 2006.989136 1176.835449 2076.859131 1216.828613 0.326020
airplane 467 2153.933838 679.888611 2269.558350 708.975891 0.293749
airplane 1 2119.823242 1249.631958 2241.644775 1298.692139 0.460113
bicycle 612 1601.989502 940.346252 1686.838623 1076.857910 0.424361
person 584 1610.149536 878.921143 1682.260864 1016.817139 0.560070
person 613 1831.959106 467.424683 1854.716064 506.652679 0.581404
skateboard 610 1036.640015 998.290833 1077.980103 1013.467468 0.293339
backpack 580 1318.379639 929.954346 1363.729248 997.900146 0.477217
person 456 850.828369 547.036255 869.066101 587.299072 0.374141
person 605 1008.265808 604.297729 1029.788696 667.937988 0.456692
person 552 1028.019775 853.908447 1079.298462 1013.641052 0.842361
airplane 608 1579.237793 848.778564 1648.207886 895.337646 0.583367
person 451 877.384338 547.084534 893.326538 582.693665 0.796026
backpack 540 1298.237427 907.300354 1367.264526 1064.161377 0.772980
kite 478 1540.223022 784.151245 1572.703003 801.536072 0.963612
person 534 1304.077271 904.599365 1369.138672 1064.809326 0.862996
airplane 609 2191.905762 524.376953 2398.858398 620.269287 0.809252
airplane 611 1433.073242 786.621033 1529.581543 824.549194 1.086015
