171208333333
chair 607 2158.372070 467.195282 2262.984375 525.834473 0.363616
frisbee 179 2007.013550 1176.816528 2076.885010 1216.812012 0.284241
airplane 608 1578.620972 847.939697 1647.540405 891.219055 0.268377
airplane 467 2153.941650 679.898254 2269.555908 708.961792 0.302529
airplane 1 2119.808594 1249.644775 2241.649414 1298.677002 0.473918
bicycle 612 1609.590820 943.868347 1696.901611 1084.224854 0.625587
person 613 1832.058838 467.477966 1855.085938 506.906342 0.645711
person 584 1618.928955 884.607788 1693.570190 1024.378052 0.680438
skateboard 610 1036.630981 998.288513 1077.988403 1013.465393 0.300384
backpack 580 1318.292358 929.736328 1363.711548 997.877258 0.476831
person 456 850.824463 547.025024 869.143066 587.335938 0.385351
person 605 1007.965332 603.520752 1029.742310 667.969910 0.485275
person 552 1027.955811 853.913940 1079.321655 1013.661621 0.843138
skis 614 1458.374390 547.244324 1577.138794 594.543823 1.000000
person 451 877.589233 546.911743 893.531433 582.520874 0.729743
backpack 540 1298.607910 907.208313 1367.635010 1064.069336 0.775329
kite 478 1540.223755 784.159912 1572.703735 801.544739 0.988132
person 534 1303.906738 904.503906 1368.968140 1064.713867 0.836700
airplane 609 2191.273193 524.393494 2398.225586 620.285828 0.807657
airplane 611 1432.240234 787.070984 1528.748535 824.999146 1.079959
