171241341145
chair 607 2158.592285 467.187836 2263.080566 525.819458 0.364018
frisbee 179 2007.033203 1176.803223 2076.901367 1216.798950 0.280552
airplane 467 2153.933105 679.913391 2269.551758 708.955017 0.295918
airplane 608 1578.521362 847.764709 1647.314697 889.566772 0.383720
airplane 1 2119.802490 1249.651367 2241.653320 1298.665161 0.473427
bicycle 612 1619.082764 953.064758 1708.099121 1092.236938 0.591352
person 613 1832.773315 467.411346 1855.375854 506.668640 0.565503
person 584 1627.644897 890.553528 1704.721313 1030.726562 0.673215
skateboard 610 1036.642334 998.297546 1077.997437 1013.464233 0.289766
backpack 580 1318.227051 929.744873 1363.727539 997.909607 0.464479
person 456 850.851440 547.022827 869.243896 587.325378 0.462726
person 605 1007.875671 603.016052 1029.754639 668.116516 0.486693
person 552 1027.889404 853.898743 1079.439209 1013.650940 0.844411
skis 614 1458.228882 547.290833 1577.009155 594.572388 0.990274
person 451 877.837463 546.773193 893.779663 582.382324 0.745311
backpack 540 1298.696045 907.129822 1367.723145 1063.990845 0.805982
kite 478 1540.267456 784.164001 1572.747437 801.548828 0.996246
person 534 1303.969727 904.389526 1369.031128 1064.599487 0.836033
airplane 609 2190.767578 524.319824 2397.720215 620.212158 0.825350
airplane 611 1431.716431 787.705933 1528.224731 825.634094 1.004612
