171641341145
chair 607 2161.007568 467.088898 2261.808594 524.810120 0.362834
frisbee 179 2007.033936 1176.498413 2077.094727 1217.291626 0.388940
airplane 608 1578.186768 820.135254 1647.408813 886.671753 0.378525
airplane 467 2153.647705 678.647583 2268.866211 709.745972 0.480796
airplane 1 2121.367676 1249.343262 2242.761230 1298.697021 0.497361
motorcycle 615 1738.494995 1046.845947 1845.844849 1199.781860 0.822749
person 613 1835.909546 467.658173 1868.845581 508.766022 0.434311
person 584 1754.777588 971.870483 1843.808228 1129.204102 0.757650
skateboard 610 1036.637695 998.092529 1078.813477 1013.295959 0.496304
backpack 580 1321.668945 935.574402 1364.286743 995.566467 0.362044
backpack 540 1300.314209 904.631470 1370.523193 1059.758911 0.495329
person 605 1009.056030 595.261719 1030.208008 669.902466 0.250328
person 456 852.431946 547.261658 869.136536 586.954041 0.324986
person 451 882.886841 547.014282 898.081421 582.412170 0.353727
person 552 1027.781372 853.948059 1078.697754 1011.612427 0.832441
kite 478 1540.283447 784.304382 1572.763428 801.689209 0.975166
person 534 1302.942871 903.431580 1368.004272 1063.641602 0.773454
airplane 609 2189.296631 524.439636 2396.249268 620.331970 0.836838
bicycle 612 1732.059326 1043.157959 1835.312134 1191.364014 0.464037
airplane 611 1431.196167 788.026306 1527.704468 825.954468 0.722068
