171907356770
airplane 616 1964.023438 786.531677 2408.007812 1067.337891 0.271473
airplane 609 2195.741943 523.306702 2406.084473 617.977112 0.289573
airplane 467 2153.618652 679.759949 2269.304199 710.019409 0.360975
airplane 608 1578.050903 847.831421 1646.738647 887.467773 0.402214
airplane 1 2119.973633 1248.932251 2242.102539 1298.779541 0.511063
motorcycle 615 1836.366089 1120.303223 1958.512817 1285.812622 0.592744
bicycle 612 1834.801025 1119.756592 1955.824341 1283.943604 0.699452
person 613 1854.969482 467.794342 1874.761353 507.117554 0.358988
person 584 1858.243408 1039.357788 1957.468872 1212.037476 0.864250
kite 478 1540.153442 785.158630 1572.922974 801.539001 0.481065
backpack 580 1324.176147 937.425232 1361.660889 996.281738 0.552918
person 456 853.034424 547.004761 870.466614 587.261841 0.400858
person 534 1305.565552 903.782776 1371.185669 1065.443481 0.483506
person 605 1010.199768 595.633972 1038.053711 667.724487 0.604364
person 552 1027.259277 854.339844 1079.045166 1013.310608 0.860302
airplane 611 1431.569336 788.144348 1528.077637 826.072510 0.713034
backpack 540 1300.367432 903.999878 1368.800171 1061.725098 0.855422
person 451 881.010010 545.790344 896.204590 581.188232 0.765805
chair 607 2161.410400 466.921051 2262.211426 524.642273 0.858619
frisbee 179 2006.658813 1176.968506 2076.719727 1217.761719 0.967627
skateboard 610 1035.889771 998.360229 1078.065552 1013.563660 0.777080
