172140364583
airplane 467 2153.566406 679.461792 2269.417480 710.078918 0.317669
airplane 1 2121.798340 1249.693848 2242.458252 1298.673950 0.318077
person 584 1963.291748 1107.191406 2074.461914 1289.600342 0.783036
backpack 540 1300.506836 903.883728 1369.864258 1061.986328 0.333793
airplane 611 1437.901367 784.381897 1533.932739 820.729248 0.261163
person 534 1300.958008 903.554993 1370.713013 1065.798096 0.290485
person 456 853.317871 547.129150 870.532837 585.921326 0.469833
person 451 882.760803 546.899780 898.481689 579.643433 0.504725
person 552 1026.917236 854.432861 1078.639160 1013.624817 0.848673
chair 607 2160.933838 466.438049 2261.734863 524.159241 0.755900
kite 478 1539.897461 784.986328 1572.672363 801.358887 0.975318
frisbee 179 2006.988892 1177.247070 2077.049805 1218.040283 0.278571
airplane 609 2194.431885 524.245422 2404.488770 619.014282 0.945939
skateboard 610 1035.765259 998.486389 1077.941040 1013.689819 0.884312
backpack 580 1324.331665 937.808960 1361.506592 995.791504 0.661245
airplane 608 1577.930054 848.214783 1646.599121 887.537476 0.604376
person 605 1011.997864 589.501160 1049.524536 670.532715 0.511552
