172440364583
chair 607 2159.746094 467.089630 2260.480713 525.328003 0.292227
frisbee 179 2007.540283 1176.612183 2076.711914 1216.541260 0.848718
airplane 608 1578.166870 847.233887 1646.750977 887.007629 0.251425
airplane 609 2189.487793 523.371033 2404.802002 618.051392 0.285492
airplane 467 2153.464600 679.096558 2269.047607 709.537476 0.445745
person 584 2144.119141 1209.770874 2262.970459 1308.499878 0.869306
skateboard 610 1036.947998 998.269653 1077.550171 1013.124878 0.396956
kite 478 1540.131958 784.739380 1573.007690 801.452881 0.278124
backpack 580 1318.652466 927.989258 1364.316772 996.232788 0.251307
backpack 540 1300.202026 904.488037 1369.332275 1057.632935 0.431126
person 451 883.536194 547.069336 897.767883 579.796936 0.284561
person 456 855.941467 547.222290 873.575867 584.719055 0.443433
person 552 1026.757324 854.213806 1078.807617 1013.246216 0.854244
person 605 1025.500732 591.162964 1063.027466 672.194458 0.547221
airplane 1 2119.097900 1248.512207 2239.757812 1297.492310 0.476959
airplane 611 1439.614502 783.996765 1535.543579 820.099548 0.604383
person 534 1299.990112 903.939514 1369.945801 1066.418823 0.926361
