172473307291
chair 607 2159.790771 467.119385 2260.508789 525.376343 0.285673
frisbee 179 2007.603638 1176.653809 2076.658691 1216.459961 0.772621
airplane 609 2190.080322 523.302429 2405.056885 617.927368 0.291584
airplane 467 2153.472168 679.067810 2269.030518 709.500305 0.449060
person 584 2168.707031 1222.723877 2277.778076 1307.586426 0.857495
skateboard 610 1037.000732 998.260254 1077.447144 1013.104919 0.403149
kite 478 1540.133911 784.729614 1573.013306 801.457092 0.265044
backpack 580 1318.169678 927.766235 1364.621948 996.571533 0.328307
backpack 540 1300.264771 904.819397 1369.285767 1057.139404 0.429825
person 605 1024.977783 588.642273 1067.763794 668.968689 0.447613
person 456 855.748962 547.102539 873.640076 584.550171 0.560894
person 552 1026.745361 854.125610 1078.771484 1013.170532 0.854582
person 451 883.695251 547.031372 897.926941 579.758972 0.810349
airplane 1 2118.638672 1248.803589 2239.298584 1297.783691 0.765891
airplane 611 1439.709595 783.941833 1535.638672 820.044617 0.600729
person 534 1300.103027 904.111572 1370.058716 1066.590820 0.949813
airplane 608 1578.188965 847.287354 1646.773071 887.061096 0.657607
