172540364583
chair 607 2159.721191 467.150452 2260.428467 525.457825 0.300623
frisbee 179 2007.348511 1176.737305 2076.670898 1216.480103 0.678183
airplane 609 2190.800049 523.278931 2405.425049 617.931213 0.280986
airplane 467 2153.471191 679.039246 2269.013916 709.481689 0.442364
airplane 1 2119.270020 1249.403687 2240.295654 1298.376343 0.612502
person 584 2218.296143 1248.032959 2301.266113 1306.708008 0.681717
skateboard 610 1037.061890 998.265503 1077.358032 1013.098694 0.402071
kite 478 1540.129272 784.718750 1573.011475 801.460754 0.265289
backpack 580 1317.576660 927.103394 1364.865601 996.536011 0.363953
backpack 540 1300.411133 904.670227 1369.207886 1055.681763 0.416741
person 451 883.766541 547.026672 896.521484 579.787964 0.345636
person 605 1024.954468 588.308655 1072.347778 668.134888 0.458608
person 456 855.594971 547.016663 874.270996 584.015625 0.656635
person 552 1026.702271 854.175049 1078.666504 1013.122986 0.855425
airplane 611 1439.754028 783.894531 1535.683105 819.997314 0.589984
person 534 1299.951538 904.289185 1369.907227 1066.768555 0.876489
airplane 608 1578.267944 847.419556 1646.852051 887.193298 0.651603
