172806315104
airplane 609 2143.102783 524.024353 2412.169434 618.454163 0.414357
airplane 467 2153.654297 678.843567 2268.543945 709.897278 0.537248
airplane 1 2119.787598 1249.478760 2241.910889 1298.729126 0.622000
skateboard 610 1036.800781 997.915161 1077.559448 1013.412476 0.361400
kite 478 1539.849609 784.524841 1573.444702 801.771606 0.279505
backpack 540 1301.635254 903.414490 1370.846680 1059.476807 0.253502
backpack 580 1323.690430 933.322632 1364.710327 996.393372 0.412376
traffic light 617 771.222046 569.693420 795.780151 595.455200 0.467536
person 456 855.433960 547.036865 872.837158 584.573792 0.511565
person 534 1304.851929 903.474548 1371.358398 1065.169434 0.551646
person 552 1026.504150 854.309265 1079.657715 1013.700867 0.847991
person 605 1047.034424 586.232300 1085.529297 665.925354 0.498426
airplane 608 1578.283447 847.405212 1646.867554 887.178955 0.672923
frisbee 179 2006.610229 1176.971436 2076.024902 1216.658203 0.975101
airplane 611 1436.474121 786.259827 1532.220947 822.604492 0.767502
person 451 885.856079 545.300415 898.611023 578.061707 0.654155
chair 607 2159.965332 468.422638 2260.324463 526.704163 0.603089
