173172330729
surfboard 618 1647.633179 918.833984 1912.496094 1097.476562 0.367136
airplane 467 2153.741211 678.555725 2269.138428 708.478027 0.285161
airplane 1 2121.561768 1249.130737 2242.724365 1298.652832 0.352778
bicycle 619 2007.608032 467.059448 2055.941650 504.700195 0.514579
kite 478 1539.637695 784.858704 1572.633423 801.572998 0.496912
person 534 1305.369995 904.016663 1370.487549 1064.995728 0.277157
person 605 1069.698730 581.559753 1115.058472 667.784241 0.290736
person 456 858.030457 547.235291 876.613220 583.262756 0.421112
person 552 1026.119751 854.554016 1079.425171 1013.514282 0.862091
airplane 608 1577.796753 851.075256 1646.755737 886.076050 0.579782
skateboard 610 1037.180054 998.141174 1077.769775 1013.734802 0.797007
frisbee 179 2006.396729 1177.008179 2075.811523 1216.694946 0.933703
backpack 540 1299.445557 903.395447 1368.045898 1060.146118 0.954014
airplane 611 1432.807373 787.890747 1528.554199 824.235413 0.711469
backpack 580 1324.133423 933.380737 1363.734863 995.108459 0.634487
person 451 886.166931 545.451416 898.921875 578.212708 0.720138
airplane 609 2152.552490 524.419556 2410.616455 618.914978 0.531178
chair 607 2162.271729 470.779388 2262.630859 529.060913 0.382712
