173306315104
surfboard 618 1647.476562 918.716370 1912.467773 1097.503052 0.409682
airplane 467 2153.777100 678.479980 2269.204834 708.415466 0.295814
airplane 1 2121.550537 1249.156738 2242.680908 1298.661499 0.354085
bicycle 619 2007.561157 467.044830 2056.149170 504.664825 0.493651
kite 478 1539.618286 784.864868 1572.615356 801.557983 0.493770
person 534 1305.566040 904.252930 1370.592651 1064.883301 0.266019
person 456 858.659302 547.134827 876.722778 582.610291 0.289536
person 552 1025.920532 854.569458 1079.380249 1013.543701 0.863801
airplane 608 1577.076538 850.941467 1646.035522 885.942261 0.618640
skateboard 610 1037.159424 998.173340 1077.749146 1013.766968 0.802576
frisbee 179 2006.474731 1176.982178 2075.889404 1216.668945 0.932521
person 605 1082.532104 579.834229 1117.779053 659.740723 0.661013
backpack 540 1299.157227 903.713867 1367.757568 1060.464600 0.902147
airplane 611 1433.974121 786.769043 1529.720947 823.113708 0.501423
backpack 580 1323.811279 933.037781 1363.412720 994.765503 0.653167
person 451 886.384399 545.564880 899.139343 578.326172 0.717525
airplane 609 2152.419678 524.543701 2410.483643 619.039124 0.529952
chair 607 2162.870605 471.424408 2263.229736 529.705933 0.396153
