17180338541
frisbee 38 2007.106201 1176.722900 2076.846436 1217.119629 0.468036
airplane 57 2153.660645 677.977905 2269.208984 709.791809 0.471961
person 63 2113.024170 467.089661 2137.355469 547.930786 0.764889
person 7 886.805542 610.612488 923.448547 696.788208 0.821854
airplane 1 2118.378662 1248.690796 2239.997070 1298.990601 0.868394
bicycle 64 1039.932739 588.014893 1070.842529 639.258545 0.732706
traffic light 18 769.502869 563.086487 813.635254 596.038635 0.776089
airplane 72 1579.254517 848.194580 1647.881470 917.613403 0.950666
person 11 1038.985474 556.450562 1071.307373 626.730591 0.610498
kite 68 1540.521973 784.409058 1572.664551 801.224060 0.935340
bicycle 71 1998.828125 466.816284 2050.921387 503.188232 0.724428
airplane 49 1576.860596 854.627625 1646.040039 884.074829 0.859465
