173772330729
airplane 467 2153.474854 678.778503 2269.253662 709.572388 0.420060
person 622 1918.928345 467.029572 1939.405151 516.602783 0.419214
skateboard 610 1037.366577 998.030090 1077.750732 1013.366455 0.441152
kite 478 1540.382935 783.991455 1572.615234 801.250488 0.251613
backpack 540 1303.056152 903.136108 1371.011841 1059.341553 0.368450
backpack 580 1324.196533 931.859619 1364.763916 994.593567 0.481233
airplane 611 1436.342285 786.274475 1532.486084 823.828674 0.354201
person 456 861.764465 547.109070 879.458313 581.886841 0.363060
person 534 1306.084595 903.114075 1370.683228 1065.241211 0.645311
person 552 1025.760254 855.023682 1078.769775 1012.567749 0.845930
airplane 1 2120.026123 1249.418945 2241.272705 1298.756104 0.934360
person 605 1110.540283 575.466736 1148.520142 654.008057 0.524703
person 451 881.763367 544.944275 897.467834 576.744690 0.708217
frisbee 179 2006.241821 1176.880249 2076.051514 1216.830322 0.929913
chair 607 2164.967285 473.682098 2265.326416 531.963623 0.332281
airplane 608 1576.439331 857.492676 1645.609009 884.639404 0.851583
airplane 609 2169.489014 523.575134 2407.568359 619.788879 0.623256
airplane 621 1578.413330 847.999207 1623.987427 872.787720 0.939303
