173905338541
airplane 1 2119.584961 1249.182495 2241.095215 1298.631958 0.262923
airplane 467 2153.506836 679.197876 2269.211670 709.472656 0.426395
person 622 1919.027710 467.088013 1939.713867 516.943726 0.490468
skateboard 610 1037.396851 998.030945 1077.762085 1013.380493 0.426706
kite 478 1540.436157 783.969971 1572.638916 801.244995 0.272044
backpack 540 1303.345703 903.306580 1371.130493 1059.256592 0.337823
backpack 580 1324.237305 929.970337 1364.928467 994.691772 0.501968
airplane 611 1436.882568 785.796875 1533.064819 823.822693 0.360387
person 534 1305.989624 902.947693 1370.898071 1065.274170 0.698989
person 552 1025.823120 855.145203 1078.612671 1012.608948 0.847060
person 456 861.262207 547.346375 883.489807 582.307190 0.847921
person 605 1119.097168 574.001160 1157.077026 652.542480 0.518422
person 451 881.161682 544.264099 896.866150 576.064514 0.688380
frisbee 179 2006.212036 1176.873657 2076.021729 1216.823730 0.935908
chair 607 2165.566162 474.327148 2265.925293 532.608704 0.335438
airplane 608 1576.466064 857.341919 1645.635742 884.488647 0.889918
airplane 609 2167.463623 526.163452 2405.542480 622.377197 0.552553
airplane 621 1578.503906 848.003662 1624.078003 872.792114 0.931760
