174238346354
airplane 467 2153.745361 679.980042 2268.671143 709.721985 0.289388
airplane 1 2121.551514 1249.443726 2242.660889 1298.773560 0.358519
person 622 1924.854248 467.446564 1952.048462 519.080627 0.740148
skateboard 610 1036.893188 997.411072 1078.378662 1013.349121 0.481708
kite 478 1540.291138 784.216125 1572.897949 801.573120 0.352326
backpack 540 1301.734619 903.492615 1370.941040 1061.363037 0.267574
backpack 580 1322.164185 930.588745 1364.046021 996.546814 0.424040
person 451 877.327148 546.953308 894.560059 579.113770 0.288231
person 456 861.475891 547.328064 878.769287 581.443176 0.354741
person 534 1304.039551 903.745789 1372.145508 1065.751587 0.646704
person 552 1026.016968 853.592163 1078.646240 1012.996765 0.850912
chair 607 2167.063721 475.939789 2267.422852 534.221313 0.362490
airplane 608 1576.820312 856.883789 1645.989990 884.030518 0.859637
airplane 611 1435.584229 786.257996 1531.769897 824.054443 1.006018
airplane 609 2157.914795 527.230469 2395.993896 623.444214 0.522403
frisbee 179 2006.787476 1177.113403 2076.596680 1216.845825 0.947664
airplane 621 1578.381836 848.102905 1623.955933 872.891357 0.995533
