174438346354
chair 607 2162.991211 467.669464 2260.762695 526.181091 0.363427
airplane 1 2122.036133 1249.169678 2243.113281 1298.740845 0.260219
airplane 609 2191.870850 523.384827 2406.749512 619.060547 0.385272
airplane 467 2153.397705 678.646057 2269.336182 709.439270 0.514035
person 622 1930.435913 467.522156 1959.691406 520.675476 0.730318
skateboard 610 1037.202148 997.372559 1079.058716 1013.266785 0.499843
backpack 540 1299.620972 903.851929 1369.013062 1058.164429 0.554622
airplane 611 1438.688354 782.913757 1533.699097 821.098572 0.310246
person 456 860.898926 547.331116 878.801025 580.814697 0.310115
person 552 1025.677612 854.107422 1078.985352 1011.896790 0.845534
airplane 608 1577.825928 853.424194 1646.697754 886.073303 0.774110
person 451 875.924438 546.789978 893.718933 578.590942 0.615263
kite 478 1540.182495 783.935669 1572.691895 801.510620 0.842967
frisbee 179 2006.420288 1177.082153 2076.229492 1216.814575 0.938747
airplane 621 1577.850220 848.467163 1623.424316 873.255615 0.968017
backpack 580 1321.773438 931.161682 1363.618896 997.116638 0.748342
person 534 1304.048462 903.684509 1372.101074 1065.733398 0.912786
