174471354166
chair 607 2162.470947 467.261200 2260.559570 525.747620 0.343892
airplane 1 2122.055176 1249.143433 2243.147217 1298.748169 0.254074
airplane 608 1577.939453 855.487854 1646.842041 886.366272 0.266874
airplane 609 2193.060059 523.266052 2407.019531 618.819824 0.369281
airplane 467 2153.407959 678.601746 2269.349365 709.393311 0.506269
person 622 1932.149292 467.631042 1960.483032 520.764282 0.770606
skateboard 610 1037.224854 997.357788 1079.075073 1013.254883 0.485070
backpack 540 1299.544434 903.879761 1369.113892 1058.410889 0.562116
airplane 611 1438.284302 782.934753 1533.192383 820.986511 0.304028
person 451 875.592957 546.905579 893.844116 578.471863 0.327521
person 456 860.822327 547.325134 878.613281 580.804626 0.345852
person 552 1025.512817 854.171570 1078.982910 1011.898193 0.842222
kite 478 1540.207397 783.996887 1572.716797 801.571899 0.869842
frisbee 179 2006.330322 1177.077759 2076.139404 1216.810181 0.937851
airplane 621 1577.785278 848.490662 1623.359375 873.279175 0.970249
backpack 580 1321.637573 931.322449 1363.483032 997.277405 0.726664
person 534 1303.969360 903.709106 1372.021973 1065.757935 0.930649
