174737304687
frisbee 179 2006.612549 1176.746826 2076.894043 1216.734497 0.308496
airplane 608 1577.963501 851.223938 1646.896484 907.244019 0.256711
airplane 1 2121.498291 1249.097046 2242.565430 1298.666870 0.419901
airplane 467 2153.665283 678.827026 2269.486084 708.475769 0.463528
person 622 1944.152588 467.950256 1967.272217 521.878479 0.584067
skateboard 610 1037.288940 998.301453 1078.036987 1013.247192 0.334134
kite 478 1539.919189 784.164978 1572.871948 801.658447 0.300375
backpack 540 1300.717163 904.120361 1368.211426 1042.281982 0.293857
airplane 611 1437.515015 785.368225 1533.245483 823.276917 0.282681
person 451 876.336121 546.957031 893.810974 578.457581 0.323557
person 552 1022.381531 853.762146 1078.799805 1012.251709 0.861605
airplane 621 1577.172729 848.563110 1622.746826 873.351562 0.957423
chair 607 2161.729736 466.292450 2260.609619 524.787964 0.761798
backpack 580 1321.231323 932.161255 1363.076782 998.116211 0.630720
person 534 1303.731812 903.893005 1371.784424 1065.941895 0.932379
person 456 860.610718 547.173340 878.423767 580.647644 0.851338
airplane 609 2192.431152 523.681091 2405.459473 619.239075 0.768847
