174804361979
frisbee 179 2006.633057 1176.727539 2076.993164 1216.717529 0.343651
airplane 608 1577.837646 848.458374 1646.777710 913.195496 0.255638
airplane 1 2121.466309 1249.127808 2242.636719 1298.662354 0.436711
airplane 467 2153.741211 678.856750 2269.641113 708.311523 0.463340
person 622 1946.035034 467.357819 1969.426636 521.237427 0.697000
skateboard 610 1037.184082 998.341797 1077.795776 1013.141418 0.295102
kite 478 1539.920044 784.231934 1572.927246 801.665649 0.291567
backpack 540 1301.058838 904.343628 1368.391479 1045.731812 0.368096
airplane 611 1437.028931 785.732178 1532.913574 823.651733 0.263099
person 451 876.265259 546.982727 893.901611 578.561218 0.308711
person 552 1022.155640 853.794128 1078.679688 1012.463684 0.862671
airplane 621 1577.068359 848.589233 1622.642456 873.377686 0.956137
chair 607 2161.559570 466.120667 2260.439453 524.616150 0.724806
backpack 580 1321.360352 932.039551 1363.205811 997.994507 0.621727
person 534 1303.441284 903.996460 1371.493896 1066.045288 0.899359
person 456 860.555298 547.174622 878.368347 580.648926 0.850708
airplane 609 2191.427734 524.012512 2404.456055 619.570496 0.776427
