175203320312
frisbee 179 2006.491699 1176.805664 2076.811279 1216.915894 0.280094
airplane 621 1578.132202 847.844116 1623.571899 872.694702 0.331709
airplane 608 1578.219238 856.075012 1647.947266 886.794067 0.420087
airplane 467 2153.667236 677.382935 2269.313965 709.329773 0.443827
airplane 1 2120.878906 1249.222778 2241.923340 1298.678101 0.475979
person 622 1955.680786 467.364197 1977.498901 522.823975 0.331989
skateboard 610 1037.646851 998.238159 1077.618896 1013.476440 0.332018
kite 478 1539.997559 784.091858 1572.775269 801.250977 0.366798
backpack 540 1299.902222 903.879333 1370.743896 1059.492920 0.427839
airplane 611 1437.128296 787.273499 1533.006836 823.395386 0.262984
person 552 1019.933228 853.966553 1078.421875 1013.295166 0.864793
chair 607 2162.287842 465.925140 2261.167725 524.420654 0.639541
backpack 580 1321.231079 933.347046 1363.076538 999.302002 0.570482
person 534 1304.004028 904.552185 1372.056641 1066.601074 0.804727
person 451 876.573120 546.736572 894.373718 578.511658 0.732068
person 456 860.733154 547.158508 878.546204 580.632812 0.838313
airplane 609 2186.084717 524.582214 2399.113037 620.140198 0.770639
