175403320312
chair 607 2157.985596 466.920380 2260.806396 525.328735 0.329535
frisbee 179 2006.866577 1176.727173 2077.152588 1216.913818 0.504102
airplane 621 1578.215698 848.156067 1623.938843 872.661011 0.260136
airplane 608 1578.072632 850.878601 1647.308594 886.927124 0.284494
airplane 467 2153.958252 679.224487 2269.393555 708.047729 0.305169
airplane 1 2120.311279 1249.455688 2241.846680 1298.681763 0.316104
person 622 1960.699341 467.216675 1979.942749 522.970703 0.252607
skateboard 610 1037.314819 998.379333 1077.335205 1013.323608 0.345827
kite 478 1540.098022 784.383789 1572.901367 801.338074 0.413423
backpack 540 1299.286255 903.369690 1370.094604 1060.890747 0.262410
backpack 580 1322.260864 934.144958 1363.407227 996.984497 0.448881
airplane 623 1208.005249 553.164734 1576.912720 1125.270020 0.290654
person 552 1021.780701 854.819214 1078.444946 1013.013428 0.857832
person 534 1304.341187 903.879333 1372.393799 1065.928223 0.709844
airplane 611 1437.364136 787.791504 1533.274658 823.872925 1.102947
person 451 876.561340 546.674744 894.361938 578.449829 0.769447
person 456 861.007446 547.428345 878.820496 580.902649 0.852261
airplane 609 2184.617432 525.253845 2397.645508 620.811829 0.745186
