175570312500
chair 607 2156.752686 467.128113 2260.767334 525.540588 0.358056
frisbee 179 2006.889893 1176.742432 2077.168213 1216.923828 0.534819
airplane 621 1578.199951 848.212585 1624.016235 872.635559 0.255966
airplane 608 1578.109741 849.573669 1647.209961 887.509155 0.290658
airplane 467 2153.914062 679.861328 2269.404297 707.685852 0.294135
airplane 1 2121.244141 1249.500366 2242.364746 1298.703491 0.346566
skateboard 610 1037.286865 998.387634 1077.322388 1013.260376 0.322205
kite 478 1540.114868 784.440063 1572.932739 801.339539 0.430972
backpack 540 1299.318359 903.355469 1370.030029 1062.031860 0.283097
backpack 580 1322.447632 935.565369 1362.951172 997.109009 0.468654
airplane 623 1205.195923 551.681519 1575.260498 1128.711426 0.266175
person 534 1300.159424 900.814819 1371.409668 1065.428955 0.271005
person 552 1021.937927 854.531372 1078.708984 1012.933044 0.851447
airplane 611 1438.811646 788.410400 1534.722168 824.491821 0.629138
person 451 876.013123 546.693237 893.813721 578.468323 0.767192
person 456 860.892090 547.515076 878.705139 580.989380 0.841402
airplane 609 2182.592285 525.551575 2395.620605 621.109558 0.720796
