17380338541
frisbee 38 2007.134399 1176.587158 2076.906982 1217.003784 0.468282
airplane 1 2121.751953 1248.645752 2242.609375 1298.794189 0.261068
airplane 57 2153.938965 677.300293 2268.991455 709.797913 0.477508
person 63 2112.968750 467.105377 2137.793701 547.325989 0.774687
person 7 886.687256 611.008545 920.467529 695.028931 0.809693
bicycle 64 1039.840820 585.180908 1071.322876 639.434021 0.698931
traffic light 18 769.052063 562.899902 813.184448 595.852051 0.788831
airplane 72 1581.756958 846.479126 1650.383911 915.897949 0.625310
person 11 1038.619629 556.384888 1070.941528 626.664917 0.619056
kite 68 1540.359131 784.477600 1572.501709 801.292603 0.909349
bicycle 71 1998.683228 466.641083 2050.776611 503.013031 0.763785
airplane 49 1576.678589 854.711548 1645.858032 884.158752 0.841017
