175603320312
chair 607 2156.694336 467.119690 2260.829590 525.528320 0.330169
frisbee 179 2006.887695 1176.750854 2077.161621 1216.931396 0.515478
airplane 621 1578.195190 848.216553 1624.015137 872.638062 0.252283
airplane 1 2121.625244 1249.410889 2242.704834 1298.726562 0.290326
airplane 608 1578.093628 849.461792 1647.187744 887.451904 0.293777
airplane 467 2153.905762 679.879395 2269.397461 707.676270 0.303608
skateboard 610 1037.291260 998.398438 1077.330811 1013.271545 0.334734
kite 478 1540.112915 784.439941 1572.931641 801.337036 0.417843
backpack 540 1299.240479 903.414978 1370.043335 1062.289185 0.266854
backpack 580 1322.385010 935.995605 1362.319214 997.290894 0.481844
person 534 1300.008301 900.890198 1371.400024 1065.444214 0.379047
person 552 1022.090637 854.480042 1078.770630 1013.050903 0.856134
airplane 611 1444.347290 792.865479 1540.257812 828.946899 0.658566
person 451 875.968445 546.676819 893.769043 578.451904 0.784093
person 456 860.864502 547.504272 878.677551 580.978577 0.844927
airplane 609 2182.028076 525.680420 2395.056396 621.238403 0.709741
