175703320312
frisbee 179 2006.948120 1176.684937 2077.006592 1217.216675 0.500815
airplane 621 1578.224365 848.273926 1623.904907 872.559387 0.273689
airplane 608 1578.251709 854.059875 1647.623779 886.826599 0.350402
airplane 1 2121.430908 1249.000488 2242.916016 1298.691162 0.477865
kite 478 1539.643311 784.195435 1572.799316 801.535828 0.379423
backpack 580 1322.344116 937.819763 1362.518433 997.068115 0.315006
backpack 540 1299.323242 903.575684 1369.675659 1059.787354 0.511009
airplane 611 1439.168823 788.452026 1535.607666 823.909790 0.264814
person 451 878.257507 547.009094 893.912598 578.177246 0.254657
person 552 1022.726562 854.792542 1078.653320 1013.548828 0.859229
bicycle 624 2000.150146 466.999268 2055.934814 505.157227 0.999781
skis 625 1461.986206 547.224915 1582.539062 586.551941 0.999374
person 456 860.460693 547.364563 878.273743 580.838867 0.808816
airplane 467 2153.842529 680.048645 2269.343262 707.806580 1.083593
person 534 1300.089478 901.296814 1371.519531 1065.826904 0.945370
airplane 609 2180.670898 525.957214 2393.698975 621.515198 0.638971
skateboard 610 1037.280762 998.465393 1077.335571 1013.334778 0.846809
chair 607 2155.982666 467.245850 2260.360840 525.645386 0.688881
