175803320312
frisbee 179 2006.965454 1176.672852 2076.915039 1217.398071 0.441445
airplane 621 1578.264648 848.302673 1623.872925 872.532043 0.291712
airplane 608 1578.011108 855.828979 1647.510864 886.087524 0.362273
airplane 1 2121.219482 1248.882080 2242.847412 1298.698242 0.462309
bicycle 624 2000.221313 467.022797 2055.941406 505.284058 0.429455
kite 478 1539.506226 784.083374 1572.818726 801.627991 0.395531
skis 625 1461.946777 547.217346 1582.482056 586.521118 0.281122
backpack 580 1322.245850 937.881836 1362.260498 996.852173 0.362774
backpack 540 1299.425537 903.855591 1369.854370 1059.074707 0.535116
airplane 611 1437.550659 788.081543 1534.215820 823.345215 0.263235
person 451 878.841919 547.087891 893.863708 578.039978 0.274930
person 552 1023.107178 854.911011 1078.613892 1013.757690 0.856383
person 456 860.310547 547.353516 878.123596 580.827820 0.815286
airplane 467 2153.395752 680.417114 2268.896484 708.175049 1.074265
person 534 1300.585205 902.063049 1372.015259 1066.593140 0.921149
airplane 609 2178.670410 526.588989 2391.698486 622.146973 0.627502
skateboard 610 1037.299561 998.491272 1077.354370 1013.360657 0.832866
chair 607 2155.132324 467.542389 2259.510498 525.941895 0.603686
