175836328125
frisbee 179 2006.985962 1176.665283 2077.006104 1217.453003 0.519072
airplane 621 1578.267944 848.315796 1623.863892 872.535339 0.291830
airplane 608 1577.988159 856.043091 1647.503296 886.010864 0.363842
airplane 1 2121.184814 1248.886353 2242.822998 1298.710327 0.445554
bicycle 624 1999.985962 467.013580 2056.167236 505.226898 0.460629
kite 478 1539.489746 784.065308 1572.820679 801.632446 0.400088
skis 625 1461.971558 547.221069 1582.515259 586.524048 0.278761
backpack 580 1322.293213 937.785522 1361.961060 996.742554 0.392273
backpack 540 1299.457397 904.007996 1369.968628 1059.262695 0.528055
person 456 859.947937 547.410828 878.537781 581.024658 0.250839
person 451 878.785461 547.101624 893.908264 578.016174 0.289039
person 552 1023.406616 854.883057 1078.632446 1013.726318 0.860554
airplane 611 1437.493896 788.100403 1534.159058 823.364075 0.922429
airplane 467 2153.238037 680.597290 2268.738770 708.355225 1.061561
person 534 1300.810669 902.175537 1372.240723 1066.705688 0.920619
airplane 609 2177.447266 527.125793 2390.475342 622.683777 0.619679
skateboard 610 1037.313843 998.502441 1077.368652 1013.371826 0.830475
chair 607 2154.742188 467.645966 2259.120361 526.045471 0.563331
