175903320312
frisbee 179 2007.023071 1176.663086 2077.116211 1217.507446 0.548828
airplane 621 1578.267456 848.315735 1623.851685 872.528198 0.290629
airplane 608 1577.954346 856.271362 1647.484741 885.937073 0.361169
airplane 1 2121.145264 1248.906616 2242.803711 1298.725342 0.435782
bicycle 624 2002.696655 466.995911 2056.493652 505.269226 0.461403
kite 478 1539.483643 784.043762 1572.831177 801.635620 0.378036
skis 625 1461.981079 547.235107 1582.501953 586.555237 0.260749
backpack 580 1322.250732 937.796387 1361.740356 996.782104 0.372058
backpack 540 1299.473145 904.031616 1370.054565 1059.123779 0.525596
airplane 611 1437.291870 788.036865 1534.045776 823.285889 0.262292
person 451 878.944214 547.285767 893.941650 577.905457 0.251543
person 552 1023.885864 854.743286 1078.425293 1013.689819 0.861082
person 456 859.763123 547.554321 878.638855 581.220276 0.794092
airplane 467 2152.649170 681.128906 2268.149902 708.886841 0.900119
person 534 1301.311523 902.838745 1372.741577 1067.368896 0.885305
airplane 609 2172.478271 527.834351 2385.506592 623.392334 0.588845
skateboard 610 1037.330444 998.517334 1077.385254 1013.386719 0.837062
chair 607 2153.609375 467.916870 2257.987549 526.316406 0.425095
