176402343750
airplane 621 1578.226196 848.061157 1624.238525 872.720276 0.273707
airplane 628 1579.672974 843.390808 2215.848877 1296.797241 0.282706
airplane 1 2121.352051 1249.939819 2242.658447 1298.770874 0.316224
airplane 629 1578.219360 847.584167 1647.041748 916.633423 0.320650
airplane 608 1578.040771 855.319092 1647.244629 886.455444 0.425413
airplane 467 2153.497559 678.827942 2269.001953 710.149353 0.449959
person 627 2000.999878 467.516571 2020.248779 528.696594 0.705285
backpack 540 1299.777832 903.775818 1370.275513 1058.942627 0.490482
person 552 1024.314575 855.125488 1080.688354 1013.377258 0.862706
person 456 860.513428 547.688477 878.237854 580.280151 0.868653
frisbee 179 2006.684326 1176.830322 2076.775391 1217.477173 0.992469
skis 625 1465.049194 549.760681 1585.573608 589.095398 0.872458
person 534 1300.764526 902.383118 1370.598877 1064.998535 0.898936
airplane 609 2186.071289 522.986938 2413.933594 617.547119 0.584060
skateboard 610 1037.095581 998.068848 1078.964722 1013.753662 0.817279
backpack 580 1322.971191 940.626770 1360.936646 996.965942 0.598309
chair 607 2149.372070 471.783173 2253.750244 530.182678 0.457738
kite 478 1539.963135 784.663635 1572.725098 801.256531 0.890595
airplane 626 1092.030762 550.182007 1570.075928 1145.178467 0.467317
bicycle 624 2009.395508 464.570923 2053.322266 502.402649 0.556603
