176569335937
airplane 621 1578.179077 848.023865 1624.287964 872.773987 0.281335
airplane 628 1585.040527 842.169373 2221.360352 1295.256836 0.298363
airplane 629 1578.224609 847.481628 1647.051025 915.706421 0.310911
airplane 1 2121.508301 1250.067993 2242.684570 1298.804077 0.332557
airplane 467 2153.495605 678.737488 2269.004883 710.212891 0.426207
airplane 608 1577.785889 856.826416 1647.108521 885.911865 0.433550
person 627 2000.117554 468.575806 2030.395020 531.920166 0.738504
backpack 540 1299.618286 903.868591 1370.548828 1057.873291 0.516814
person 456 860.226807 547.312866 878.015930 582.518127 0.267137
person 552 1022.377258 855.239502 1080.874268 1013.361084 0.871236
frisbee 179 2006.766479 1177.017578 2076.857422 1217.664429 1.000233
skis 625 1465.811279 550.475769 1586.335693 589.810486 0.933438
person 534 1300.701782 902.541565 1370.536133 1065.156982 0.960255
airplane 609 2184.630371 524.113403 2412.492920 618.673584 0.704327
skateboard 610 1037.166016 998.134888 1079.035156 1013.819702 0.837266
backpack 580 1322.939697 940.451599 1360.905151 996.790771 0.652654
chair 607 2151.198242 474.885254 2255.576416 533.284790 0.360042
kite 478 1539.938354 784.569092 1572.700317 801.161987 0.835552
airplane 626 1081.269287 548.436462 1559.314209 1143.432861 0.263136
bicycle 624 2009.196899 461.463806 2053.123535 499.295532 0.601139
