17480338541
frisbee 38 2007.139893 1176.595337 2076.932129 1217.051392 0.415504
airplane 1 2121.972412 1248.646729 2242.759277 1298.791504 0.269850
airplane 57 2153.943115 677.339294 2268.975586 709.809387 0.471598
person 63 2113.053955 467.151306 2137.979248 547.345276 0.776231
bicycle 64 1039.241821 583.838013 1071.126953 639.743225 0.272283
person 7 886.419006 611.192505 920.460876 695.112427 0.799751
traffic light 18 769.042603 562.902283 813.174988 595.854431 0.787636
airplane 72 1583.643555 845.804565 1652.270508 915.223389 0.622007
person 11 1038.525635 556.370239 1070.847534 626.650269 0.618991
kite 68 1540.376099 784.493225 1572.518677 801.308228 0.916074
bicycle 71 1998.740601 466.581024 2050.833984 502.952972 0.747011
airplane 49 1576.633667 854.757385 1645.813110 884.204590 0.851583
