177101302083
airplane 1 2120.634766 1249.292358 2242.156006 1298.710571 0.356056
airplane 467 2153.846191 681.345459 2268.332520 709.417236 0.446082
person 627 2020.504761 468.401978 2048.218506 534.134216 0.347928
kite 478 1540.142212 784.331543 1573.034424 801.235840 0.250279
backpack 540 1299.423218 903.911499 1370.028931 1061.803101 0.388822
person 552 1023.434265 854.601868 1079.869141 1013.403015 0.860002
person 456 870.567139 547.419006 892.331665 579.963989 0.525826
airplane 626 1086.550293 544.768433 1564.595459 1139.764893 0.375635
frisbee 179 2006.680054 1177.024658 2076.600098 1217.068359 0.975547
skis 625 1463.370361 546.954102 1579.746460 594.255493 0.908104
backpack 580 1322.592041 941.092163 1360.701050 997.063110 0.642122
person 534 1301.129761 902.743713 1371.020996 1064.457397 0.804129
airplane 608 1577.452148 855.695679 1646.776978 884.690063 0.990672
skateboard 610 1037.462769 998.153931 1078.317627 1013.685547 0.760153
bicycle 624 2009.199341 462.982361 2053.125977 500.814087 0.492467
airplane 628 1753.485229 818.562561 2367.462402 1282.308105 0.663321
