177268359375
airplane 1 2120.779541 1249.274292 2242.069092 1298.714355 0.341340
airplane 467 2153.731934 681.926025 2268.669922 709.524719 0.456698
person 627 2023.862671 468.305939 2056.580078 535.733093 0.561792
kite 478 1540.256958 784.082458 1573.236816 801.347473 0.282989
backpack 540 1299.230469 903.869141 1369.760742 1061.543579 0.413955
person 456 871.278015 546.970276 893.488586 579.096863 0.318222
person 552 1023.452698 854.120178 1079.677490 1013.706604 0.863659
airplane 626 1086.038574 543.535645 1564.083740 1138.532104 0.320478
person 630 1345.035278 555.526917 1371.439453 615.052490 0.747035
frisbee 179 2006.547485 1177.108521 2076.467529 1217.152222 0.973788
skis 625 1463.927979 546.654907 1580.304077 593.956299 0.942893
backpack 580 1321.863770 941.857117 1359.972778 997.828064 0.590631
person 534 1300.847046 902.400024 1370.738281 1064.113770 0.803272
airplane 608 1577.697998 855.365173 1647.022827 884.359558 0.963704
skateboard 610 1037.724731 998.244080 1078.579590 1013.775696 0.789586
bicycle 624 2009.460083 465.114288 2053.386719 502.946014 0.615408
airplane 628 1849.239624 801.196411 2463.216797 1264.942017 0.610659
