177401302083
frisbee 179 2006.740112 1176.708862 2076.905029 1216.850830 0.279230
airplane 467 2153.733643 679.628418 2269.395996 709.316528 0.319951
airplane 1 2121.165771 1249.709229 2242.858887 1298.730835 0.349835
person 627 2027.485962 467.214569 2058.061279 534.361267 0.530309
kite 478 1539.888062 784.369202 1572.765015 801.456604 0.296652
backpack 580 1319.261230 932.826843 1360.693359 996.634399 0.303001
backpack 540 1299.555786 903.992310 1368.921631 1061.039673 0.554019
person 456 874.339966 546.887817 895.000732 578.551514 0.265586
person 552 1023.060669 852.738037 1079.140259 1013.462036 0.857715
person 534 1301.384033 902.863464 1371.275269 1064.577148 0.823176
skis 625 1465.058350 549.089233 1574.335327 594.660583 0.834647
airplane 608 1578.257202 855.156250 1647.582031 884.150635 0.954773
skateboard 610 1037.624634 998.156372 1078.479492 1013.687988 0.946238
person 630 1348.578491 552.437500 1383.419189 615.655396 0.837278
airplane 626 1155.299805 553.365112 1591.423706 1156.090820 0.375862
bicycle 624 2008.699829 465.648438 2052.626465 503.480164 0.568765
airplane 628 1727.874756 843.216614 2341.851807 1306.962158 0.605998
