177434309895
frisbee 179 2006.751099 1176.689087 2076.941406 1216.829590 0.283187
airplane 467 2153.817139 679.314209 2269.684326 709.285095 0.306747
airplane 1 2121.358643 1249.758911 2243.050049 1298.724976 0.351652
person 627 2028.190430 467.240845 2059.018066 534.958862 0.573262
kite 478 1539.856689 784.400085 1572.706787 801.429199 0.302193
backpack 580 1319.398926 933.035278 1360.709595 996.448730 0.298062
backpack 540 1299.532715 904.053650 1368.843628 1061.194214 0.539766
person 456 874.547729 546.865540 895.137878 578.516357 0.294326
person 552 1023.065186 852.508667 1079.073608 1013.388123 0.856421
person 534 1301.501221 902.902405 1371.392456 1064.616089 0.825914
skis 625 1465.392090 548.894104 1574.669067 594.465454 0.848704
airplane 608 1578.428101 855.005371 1647.752930 883.999756 0.953492
skateboard 610 1037.591553 998.150940 1078.446411 1013.682556 0.940916
person 630 1351.908569 552.358337 1386.749268 615.576233 0.664073
airplane 626 1159.334351 554.365356 1595.458252 1157.091064 0.354056
bicycle 624 2008.505981 465.715851 2052.432617 503.547577 0.563255
airplane 628 1730.220459 833.584106 2344.197510 1297.329712 0.758283
