177501302083
frisbee 179 2006.737549 1176.661499 2076.982910 1216.812256 0.282081
airplane 467 2153.791748 678.957642 2269.678467 709.278503 0.297693
airplane 1 2121.470703 1249.817505 2243.133789 1298.730713 0.367057
person 627 2030.287354 467.136505 2060.565430 535.173340 0.708030
kite 478 1539.861938 784.420959 1572.660034 801.401489 0.285792
backpack 580 1319.197021 933.585754 1360.566895 996.499146 0.308596
backpack 540 1299.643555 904.202148 1369.027588 1061.688354 0.512207
person 456 874.691589 546.889404 895.266785 578.538635 0.313134
person 552 1023.231079 852.188904 1079.067993 1013.320679 0.860694
person 534 1301.338013 903.113342 1371.229248 1064.827026 0.784360
skis 625 1466.385620 548.526550 1575.662598 594.097900 0.883636
airplane 608 1578.771973 854.655334 1648.096802 883.649719 0.899721
skateboard 610 1037.521973 998.121826 1078.376831 1013.653442 0.940833
person 630 1356.415405 552.025452 1391.256104 615.243347 0.602427
airplane 626 1167.403442 556.365845 1603.527344 1159.091553 0.358370
bicycle 624 2008.053589 465.802368 2051.980225 503.634094 0.589844
airplane 628 1814.081665 815.912720 2428.058838 1279.658325 0.727876
