177701302083
airplane 467 2153.369629 679.308655 2268.900391 709.730103 0.278326
airplane 608 1578.344727 849.907349 1647.456421 885.904053 0.293029
airplane 1 2120.652100 1249.104858 2243.121094 1298.722778 0.514187
person 627 2035.854736 467.437714 2068.833252 538.502686 0.676043
skateboard 610 1037.322144 997.964111 1077.311035 1013.406677 0.310946
backpack 580 1322.482178 937.979614 1360.821045 997.003540 0.505421
backpack 540 1300.361450 904.238586 1369.737915 1061.567871 0.542547
person 630 1372.844360 549.232483 1403.115723 610.427307 0.349394
person 456 875.006592 547.004578 895.667358 578.499268 0.628173
person 552 1023.054443 852.365479 1078.083740 1013.178284 0.880798
skis 625 1463.120850 546.990051 1576.970215 590.699402 0.866706
person 534 1301.060547 903.442566 1371.091309 1065.242676 0.822870
airplane 626 1191.610962 562.367310 1627.734985 1165.093018 0.388860
bicycle 624 2007.152466 466.046997 2051.079102 503.878723 0.692528
kite 478 1539.873047 784.431946 1572.646973 801.373352 0.955047
frisbee 179 2006.508545 1176.798096 2076.770264 1216.930542 0.951106
airplane 628 1560.006714 854.682678 2173.983887 1318.428223 0.658749
