177734309895
airplane 608 1578.197876 849.323547 1647.271973 886.584961 0.294028
airplane 467 2153.283203 679.460205 2268.694336 709.855225 0.315174
airplane 1 2120.526367 1248.960815 2243.132324 1298.737549 0.506894
person 627 2036.636597 467.610321 2070.313721 538.965515 0.687828
skateboard 610 1037.292847 997.924316 1077.143066 1013.360779 0.318991
skis 625 1461.165283 547.960632 1573.289795 592.760559 0.268263
backpack 580 1323.230591 939.378601 1360.849976 996.990051 0.491867
backpack 540 1300.469116 904.227417 1369.832397 1061.505005 0.552612
person 456 875.066406 547.019592 895.756714 578.309875 0.617915
person 552 1022.917419 852.334045 1077.942627 1013.085571 0.879933
person 630 1374.426880 549.238342 1404.698242 610.433167 0.991396
person 534 1301.134155 903.630432 1371.164917 1065.430664 0.823446
airplane 626 1164.660522 570.730286 1600.784424 1173.455933 0.404547
bicycle 624 2007.126953 466.021790 2051.053711 503.853516 0.717322
kite 478 1539.905029 784.424438 1572.678955 801.365845 0.962972
frisbee 179 2006.380859 1176.864502 2076.642578 1216.996948 0.969368
airplane 628 1574.587036 857.257812 2188.564209 1321.003418 0.724443
