177801302083
airplane 608 1578.305664 848.674866 1647.342651 887.166626 0.293563
airplane 467 2153.201904 679.584412 2268.520508 710.035095 0.316035
airplane 1 2120.384766 1248.814331 2243.189453 1298.744873 0.516236
person 627 2038.676636 467.818817 2073.446777 538.771484 0.728309
skateboard 610 1037.285400 997.963013 1077.077881 1013.365967 0.355490
backpack 580 1323.753540 940.706726 1360.801880 996.867798 0.459677
backpack 540 1300.588989 904.186523 1369.941650 1061.461914 0.563012
person 630 1376.984619 551.078247 1415.393799 610.556824 0.331933
person 456 875.098755 547.036072 895.821899 578.128784 0.632985
person 552 1023.627014 852.477783 1078.034424 1012.963989 0.871467
skis 625 1461.219360 547.825439 1573.343872 592.625366 0.866039
person 534 1301.326782 903.827881 1371.357544 1065.628052 0.787795
airplane 626 1165.495361 574.449829 1601.619263 1177.175537 0.326876
bicycle 624 2006.989014 465.832214 2050.915771 503.663940 0.681228
kite 478 1539.920166 784.426025 1572.694092 801.367432 0.971505
frisbee 179 2006.266968 1176.945801 2076.528564 1217.078247 0.988955
airplane 628 1538.388184 847.749573 2152.365234 1311.495117 0.610478
