178000325520
airplane 467 2153.212158 679.681030 2268.823975 710.200195 0.421324
airplane 1 2119.990479 1248.804077 2242.998291 1298.749146 0.503209
bicycle 624 2020.151855 467.544403 2053.983643 505.036743 0.263911
person 627 2043.311401 467.500885 2077.517334 538.483887 0.831237
kite 478 1540.086304 784.305603 1572.629517 801.252197 0.260358
backpack 540 1300.250854 904.324768 1370.319214 1059.677979 0.570083
airplane 626 1171.053223 566.473877 1591.375854 1174.483032 0.350229
person 534 1301.668091 903.322876 1371.331665 1065.415527 0.305296
person 552 1024.633911 853.462402 1077.875244 1013.146484 0.855264
person 630 1384.069336 551.051025 1431.118408 612.454468 0.592351
frisbee 179 2006.353638 1177.035278 2076.615234 1217.167725 0.975375
airplane 628 1548.250000 845.468872 2162.227051 1309.214478 0.789061
backpack 580 1323.957642 941.518127 1360.744629 997.023010 0.554762
person 456 875.760681 546.967102 896.292480 578.038208 0.796729
skis 625 1460.102661 547.755493 1572.158813 593.885010 0.823350
skateboard 610 1037.153320 998.054565 1077.016113 1013.356018 0.814703
airplane 608 1578.655762 848.303955 1647.673584 887.475098 0.795103
