178067317708
airplane 467 2153.244629 679.697449 2269.229980 710.285950 0.427327
airplane 1 2119.728516 1248.856689 2242.757812 1298.725342 0.495940
person 627 2043.947632 467.402710 2078.696777 538.609619 0.774212
kite 478 1540.173584 784.286316 1572.607056 801.238892 0.264973
backpack 540 1300.103516 904.343262 1370.819946 1060.693359 0.570805
airplane 626 1173.930298 556.554382 1583.924316 1168.093262 0.366951
person 534 1301.292358 903.079956 1371.546997 1065.522339 0.296035
person 552 1024.356812 853.861450 1077.840576 1013.300537 0.857165
bicycle 624 2022.905640 467.674866 2052.100342 505.021393 0.546344
person 630 1387.172241 549.771484 1434.221313 611.174927 0.660191
frisbee 179 2006.244995 1177.015137 2076.506592 1217.147583 0.973082
airplane 628 1553.620483 849.889832 2167.597656 1313.635376 0.723489
backpack 580 1323.653564 942.315247 1360.440552 997.820129 0.550018
person 456 876.162415 546.829712 896.694214 577.900818 0.821179
skis 625 1460.583618 547.778076 1572.639771 593.907593 0.857309
skateboard 610 1036.977905 998.078003 1076.840698 1013.379456 0.812492
airplane 608 1579.066650 848.689880 1648.084473 887.861023 0.808851
