178100325520
airplane 467 2153.185303 679.667419 2269.275146 710.300964 0.417177
airplane 1 2119.658936 1248.885376 2242.675781 1298.724854 0.485147
person 627 2045.266235 467.479828 2079.119141 538.635742 0.650473
backpack 540 1299.952759 904.455322 1370.795410 1060.939087 0.570683
airplane 626 1175.417603 555.214966 1582.781494 1167.783936 0.326871
person 534 1301.115479 903.142273 1371.501221 1065.593384 0.292462
person 552 1024.206665 853.837463 1077.827637 1013.340088 0.857057
bicycle 624 2021.487915 467.264374 2050.682617 504.610901 0.549908
kite 478 1540.139160 784.332336 1572.572632 801.284912 0.875241
person 630 1388.871338 549.356750 1435.920410 610.760193 0.631806
frisbee 179 2006.195435 1177.004639 2076.457031 1217.137085 0.978850
airplane 628 1587.919678 846.047668 2201.896729 1309.793213 0.762881
backpack 580 1323.771973 942.438599 1360.558960 997.943481 0.519588
person 456 876.317932 546.763000 896.849731 577.834106 0.829168
skis 625 1460.888428 547.836548 1572.944580 593.966064 0.845003
skateboard 610 1036.954468 998.106018 1076.817261 1013.407471 0.805612
airplane 608 1579.174561 848.836426 1648.192383 888.007568 0.816281
