178300325520
airplane 467 2153.219482 679.558350 2269.643799 710.234863 0.368055
airplane 1 2119.666016 1248.910522 2242.500000 1298.723999 0.459983
person 627 2054.214844 467.972626 2083.503174 538.687439 0.712563
kite 478 1540.259399 784.262512 1572.561035 801.215149 0.289959
backpack 540 1299.954956 904.473877 1370.989258 1061.574463 0.562873
airplane 626 1173.522827 555.643066 1579.399292 1169.431885 0.351938
person 534 1300.935181 902.805481 1371.526123 1065.504395 0.338911
person 630 1409.552246 546.847351 1445.744507 605.444641 0.431784
person 552 1024.956421 853.622742 1078.794067 1013.423279 0.853452
bicycle 624 2029.444702 468.522217 2055.363770 505.698608 0.473109
frisbee 179 2006.154541 1177.016846 2076.416260 1217.149292 0.973795
airplane 628 1602.006592 830.983215 2215.983643 1294.728760 0.870354
backpack 580 1322.600708 942.070984 1359.387695 997.575867 0.535576
person 456 876.480957 546.519226 897.012756 577.590332 0.834282
skis 625 1464.150879 548.038391 1576.207031 594.167908 0.902829
skateboard 610 1036.617920 998.156372 1076.480713 1013.457825 0.826462
airplane 608 1579.406616 848.963806 1648.424438 888.134949 0.818868
