178367317708
frisbee 179 2006.828613 1176.873413 2077.283691 1217.365234 0.289983
airplane 628 1743.887085 811.678467 2393.046387 1154.265259 0.292397
airplane 467 2153.523682 680.115479 2269.701660 709.632324 0.371655
bicycle 624 2011.161255 467.478119 2054.227539 503.447662 0.262993
person 627 2056.851562 467.219879 2085.802734 538.917480 0.724116
kite 478 1540.231689 784.144653 1572.812012 801.312744 0.512745
backpack 580 1320.611694 941.600586 1360.375610 998.699341 0.412944
backpack 540 1300.276489 904.231750 1371.362427 1061.372314 0.509750
person 630 1412.939697 546.610657 1448.547607 604.530579 0.308026
person 534 1301.235229 902.569214 1372.163330 1065.856934 0.448059
person 552 1025.577148 852.978088 1079.528564 1013.542114 0.856395
airplane 1 2119.192871 1248.923340 2242.026855 1298.736816 0.944175
person 456 876.620605 546.487610 897.152405 577.558716 0.836047
skis 625 1465.590088 548.105652 1577.646240 594.235168 0.825158
skateboard 610 1036.754639 998.136658 1076.617432 1013.438110 0.793583
airplane 626 1171.569458 554.581665 1577.445923 1168.370361 0.585888
airplane 608 1579.238770 848.996155 1648.256592 888.167297 0.777647
