178833333333
frisbee 179 2006.920166 1176.603760 2077.100098 1216.618530 0.624502
airplane 628 1745.187988 816.423950 2414.299316 1101.151001 0.290085
airplane 1 2119.563721 1249.767456 2241.991455 1298.664795 0.461293
airplane 467 2153.778320 678.535156 2270.042236 710.126099 0.586872
person 627 2067.602295 467.550812 2100.984131 539.277344 0.785519
skateboard 610 1037.138916 997.614136 1077.540039 1013.263062 0.272269
skis 631 1393.384155 572.545410 1525.853271 614.521301 0.366637
backpack 540 1299.906372 904.157898 1371.339478 1065.081909 0.263361
person 534 1300.765137 903.389404 1371.324951 1065.783813 0.527225
person 630 1443.510010 546.494507 1478.176392 597.429871 0.691195
person 552 1028.781372 853.410583 1081.668457 1013.448608 0.830512
person 456 876.352112 546.831848 895.366394 578.766113 0.914761
skis 625 1469.920532 556.698242 1568.073364 594.501343 0.595028
backpack 580 1319.235229 943.043579 1359.472778 1000.444519 0.601093
kite 478 1540.238647 784.110779 1572.991699 801.407043 0.921177
airplane 626 1162.410889 553.526245 1568.287598 1167.314941 0.469276
bicycle 624 2019.754761 468.314240 2053.268066 502.619385 0.541408
airplane 608 1578.443604 849.332947 1647.461426 888.504089 0.775339
