179232356770
airplane 1 2118.161865 1249.436035 2242.094238 1298.663208 0.360318
airplane 467 2153.287109 679.688416 2268.780762 709.869202 0.452384
person 632 2055.766602 467.093048 2070.662842 495.872253 0.329899
person 627 2078.545410 466.731598 2103.318604 536.983337 0.662959
skis 625 1459.049438 548.232971 1570.930420 598.451538 0.336437
backpack 540 1300.463379 904.320557 1370.107422 1054.881592 0.542672
person 456 873.041992 547.156128 894.686707 578.436646 0.324657
person 534 1301.022461 903.357178 1370.640625 1064.617188 0.399926
person 552 1028.627075 853.427795 1079.595459 1013.069336 0.829421
kite 478 1539.823975 784.164429 1572.577026 801.460693 0.877377
backpack 580 1318.778442 940.205078 1360.245117 1003.231689 0.544280
person 630 1466.032471 542.582581 1502.007202 592.936401 0.536603
airplane 626 1134.930298 544.296448 1540.807007 1158.085205 0.418377
bicycle 624 2017.611938 467.434479 2051.125244 501.739624 0.461798
skis 631 1393.210083 569.419434 1529.134033 614.709106 0.571673
airplane 608 1577.881104 849.752563 1646.898926 888.923706 0.758047
