179332356770
airplane 467 2153.398193 679.102966 2268.845459 709.816711 0.413739
airplane 1 2119.462158 1249.338501 2242.864502 1298.621460 0.429959
bicycle 624 2010.057861 467.459076 2053.283691 503.511322 0.262556
person 627 2079.264648 467.257843 2104.202148 539.640015 0.772206
kite 478 1539.372192 783.911194 1572.889404 801.563477 0.330754
skis 625 1445.950317 550.246765 1571.265747 599.143677 0.263894
skis 631 1413.389038 568.443787 1529.119629 609.083313 0.396516
backpack 540 1299.938232 904.338501 1370.223022 1051.263062 0.314412
airplane 626 1166.896240 551.538879 1556.150269 1154.785767 0.289783
person 456 872.147339 547.177185 891.513062 578.742249 0.579912
person 630 1476.603394 544.969543 1510.438354 593.048828 0.670618
person 552 1028.857666 853.721313 1079.897217 1013.196594 0.839663
airplane 608 1577.603149 849.741455 1646.620972 888.912598 0.794642
cup 633 1464.425171 1063.454224 1539.201904 1176.879761 1.000000
backpack 580 1317.876953 938.577820 1360.072388 1002.052368 0.619241
person 534 1301.042114 903.006409 1370.940796 1064.557983 0.822759
