179365364583
airplane 608 1577.865112 849.383484 1647.057251 902.901672 0.250154
airplane 1 2120.263916 1249.238525 2243.367188 1298.648926 0.424358
airplane 467 2153.528076 678.727295 2268.984619 709.782104 0.426303
person 627 2079.444336 467.443146 2104.176270 540.461548 0.773705
kite 478 1539.274902 783.869446 1572.962402 801.603516 0.347080
skis 625 1441.549194 552.391663 1571.803833 599.343384 0.275328
skis 631 1421.347778 568.764771 1527.792603 606.954834 0.314148
backpack 540 1300.003662 904.667114 1370.601440 1054.324463 0.393534
airplane 626 1182.268921 552.582520 1565.320068 1154.926636 0.282699
person 456 871.500244 547.211670 889.831665 579.047363 0.528241
person 630 1478.095459 545.328247 1512.223755 592.907104 0.673202
person 552 1028.880127 853.881531 1079.932129 1013.226868 0.839192
cup 633 1464.603760 1063.414429 1539.387085 1176.837280 1.000053
backpack 580 1317.507690 939.020203 1359.703125 1002.494751 0.596614
person 534 1301.061279 902.962769 1370.959961 1064.514282 0.854697
bicycle 624 2010.129761 467.451080 2053.355713 503.503326 0.546810
