179399348958
airplane 1 2120.641113 1249.197876 2243.564453 1298.672729 0.419248
airplane 467 2153.563965 678.495850 2269.026855 709.752197 0.440111
person 627 2079.583496 467.538300 2104.126221 540.937561 0.773844
cup 633 1464.653076 1063.488892 1539.447266 1176.923340 0.291577
kite 478 1539.347656 784.000244 1572.977173 801.624023 0.322818
skis 631 1425.555786 569.224060 1526.906738 606.676941 0.477233
backpack 540 1299.705444 904.956299 1370.355957 1048.507935 0.390736
person 456 871.225464 547.172729 888.799622 579.144897 0.536182
person 630 1480.326172 545.508301 1517.120361 592.775513 0.597778
person 552 1028.926758 854.026917 1080.067871 1013.291870 0.839841
airplane 626 1181.861816 556.802429 1564.912964 1159.146484 0.544257
airplane 608 1577.647705 848.155701 1646.839844 901.673889 0.726817
backpack 580 1316.977173 939.253113 1359.172607 1002.727661 0.643364
person 534 1301.135254 902.825439 1371.033936 1064.376953 0.819104
bicycle 624 2010.275024 467.421204 2053.500977 503.473450 0.545357
