179465364583
airplane 467 2153.645264 678.277954 2269.128174 709.752502 0.412209
airplane 1 2120.936523 1249.256958 2243.689209 1298.680176 0.423748
person 627 2079.736572 467.554932 2104.231201 541.354553 0.779126
kite 478 1539.236938 783.868103 1573.070312 801.645508 0.341080
backpack 540 1299.320435 905.139648 1370.707886 1056.635864 0.439275
airplane 626 1196.000000 555.780090 1574.861328 1162.670654 0.354419
person 456 871.047913 547.170410 887.803040 579.206299 0.472489
person 630 1481.300781 546.706055 1517.411621 592.208374 0.664392
person 552 1028.862671 854.113770 1080.589478 1013.571472 0.844882
cup 633 1464.897095 1063.477417 1539.687134 1176.900635 0.936128
skis 631 1422.711426 570.500488 1524.062378 607.953369 0.442081
person 534 1301.419434 902.688721 1371.318115 1064.240234 0.859835
airplane 608 1577.610107 846.333862 1646.891479 906.972046 0.674493
bicycle 624 2010.526245 467.404419 2053.752197 503.456665 0.547441
