179532356770
airplane 467 2153.637939 678.210388 2269.129395 709.756226 0.408533
airplane 1 2121.096436 1249.188721 2243.785400 1298.715332 0.416274
person 627 2079.831787 467.588470 2104.464600 541.610229 0.780488
kite 478 1539.141479 783.827454 1573.054199 801.655334 0.332057
skis 631 1426.906494 570.084351 1523.430298 606.912170 0.303152
backpack 540 1299.190430 904.678467 1371.301270 1060.323975 0.472249
airplane 626 1196.132568 554.760620 1577.729736 1169.802002 0.327824
person 456 870.866760 547.167114 887.618164 579.191528 0.483754
person 630 1484.747925 546.503296 1519.693726 591.192078 0.550417
person 552 1028.828369 854.087585 1081.092041 1013.560974 0.845503
person 534 1301.583252 902.449585 1371.481934 1064.001099 0.810439
airplane 608 1576.751709 844.274353 1646.033081 904.912537 0.610264
bicycle 624 2010.947998 467.405029 2054.173828 503.457275 0.507280
