179632356770
airplane 467 2153.585449 678.160706 2269.096924 709.757751 0.414657
airplane 1 2121.088867 1249.201416 2243.771973 1298.710327 0.432909
person 627 2079.979004 467.621918 2104.912598 542.115784 0.785992
kite 478 1539.101440 783.806274 1573.057983 801.651245 0.316057
backpack 540 1299.082642 904.453491 1371.400513 1062.605103 0.347079
person 534 1299.903931 902.901062 1373.420166 1064.979492 0.352638
person 456 870.472839 547.177979 886.621338 579.210938 0.376805
person 552 1028.682251 854.133179 1080.873535 1013.630493 0.845338
airplane 626 1190.827759 554.353882 1573.891113 1168.990845 0.601759
airplane 608 1576.020752 844.007751 1645.302124 904.645935 0.721004
person 630 1488.802368 545.169189 1524.381348 590.336365 0.495684
bicycle 624 2011.048340 467.391022 2054.274170 503.443268 0.511606
