17879361979
frisbee 38 2007.091553 1176.476074 2076.887207 1217.051636 0.489523
airplane 72 1578.423828 847.913269 1647.329224 917.376953 0.265920
airplane 57 2153.851074 679.046631 2269.626953 709.738525 0.360050
airplane 1 2121.565186 1249.114746 2242.805176 1298.742432 0.473554
bicycle 71 2005.148438 467.472595 2053.198730 504.701904 0.430578
person 63 2113.909180 467.325867 2137.869629 548.218750 0.783757
kite 68 1540.195435 784.573364 1572.612427 801.426758 0.281335
person 11 1041.156372 559.529175 1073.604858 628.810364 0.296016
person 7 886.662170 609.522583 921.073303 696.327820 0.836089
airplane 49 1577.191650 854.352112 1646.371094 883.799316 0.757634
bicycle 64 1038.097534 585.584106 1069.982666 641.489319 0.699012
traffic light 18 770.906433 562.165955 814.628052 597.427795 0.880656
cup 74 1465.161499 1063.131470 1540.274658 1177.057861 0.923567
