17979361979
frisbee 38 2007.151978 1176.425537 2076.941406 1217.063354 0.461812
airplane 72 1578.460449 847.675232 1647.451172 917.172241 0.268298
airplane 57 2154.010986 679.226501 2269.589844 709.944885 0.346998
airplane 1 2121.589844 1249.282715 2242.588867 1298.707764 0.471112
bicycle 71 2006.974487 467.242218 2053.553223 504.764557 0.433418
person 63 2114.250977 467.367462 2137.974854 547.869019 0.785690
kite 68 1540.128296 784.599609 1572.639038 801.464172 0.270860
person 11 1041.989014 560.241089 1074.610107 629.210632 0.287795
person 7 886.702148 609.219727 921.013733 695.224792 0.801289
airplane 49 1577.467651 854.163879 1646.647095 883.611084 0.772891
bicycle 64 1038.058472 585.526550 1069.943604 641.431763 0.699246
traffic light 18 770.788452 562.169312 814.510071 597.431152 0.878845
cup 74 1465.475830 1063.062256 1540.588989 1176.988647 0.903376
