18179361979
frisbee 38 2007.054077 1176.545654 2076.921143 1217.025391 0.466595
airplane 1 2121.848389 1249.413452 2242.592529 1298.728271 0.305608
airplane 49 1578.016602 850.693542 1646.929810 884.982666 0.354620
airplane 57 2153.828125 679.268860 2269.235107 710.190186 0.552780
person 63 2113.966553 467.365692 2137.193359 547.036804 0.759770
kite 68 1540.173096 784.313171 1572.710327 801.274902 0.466261
bicycle 64 1038.446289 585.699341 1069.096436 639.330078 0.291157
person 11 1042.750610 560.709290 1074.971069 629.365845 0.288234
person 7 886.577332 609.477051 920.286621 695.198303 0.765934
backpack 75 887.382446 618.083984 910.997192 649.914734 1.000000
traffic light 18 770.364563 562.199341 814.086182 597.461182 0.874122
bicycle 71 2007.680908 467.044647 2053.922852 504.702820 0.682397
cup 74 1465.494385 1063.311401 1540.607544 1177.237793 0.971652
