18279361979
frisbee 38 2006.983765 1176.648071 2076.904053 1216.938599 0.486134
airplane 1 2122.049561 1249.395996 2242.493896 1298.732300 0.319589
airplane 49 1578.406128 848.362061 1647.080688 886.873596 0.366298
airplane 57 2153.617188 679.300354 2268.671143 710.553955 0.535797
person 63 2113.772461 467.282806 2136.696045 546.242126 0.768180
kite 68 1540.246338 784.040466 1572.766235 801.122986 0.456107
bicycle 64 1038.609741 585.923340 1068.425781 637.471802 0.346895
person 11 1043.060669 560.922668 1074.445679 628.941467 0.357646
person 7 886.686340 609.066040 920.278687 695.695496 0.821791
backpack 75 887.318054 617.754700 911.154724 649.976929 0.954595
traffic light 18 770.173584 562.271851 813.895203 597.533691 0.900828
bicycle 71 2006.608887 466.626007 2052.850830 504.284180 0.733193
cup 74 1465.319702 1063.534302 1540.432861 1177.460693 0.936334
