18645312500
frisbee 38 2007.050659 1176.693481 2076.798096 1216.750000 0.493687
airplane 49 1578.276123 847.667542 1647.540894 886.871155 0.279134
airplane 1 2119.740967 1249.674438 2242.026611 1298.723267 0.280915
airplane 76 2315.899170 732.861206 2402.949219 771.855652 0.285441
airplane 57 2153.517090 679.271179 2269.261230 710.325745 0.492713
person 77 2056.644043 467.068298 2073.269775 496.927460 0.326605
person 63 2113.730469 467.324554 2137.998047 546.733459 0.740450
kite 68 1539.426514 783.976929 1572.822998 801.190857 0.311420
backpack 75 894.179504 620.839905 912.548706 647.817139 0.311430
person 7 888.146118 609.964661 921.100098 696.362610 0.813390
person 11 1043.172241 561.052368 1073.921021 628.293945 0.731245
traffic light 18 769.832153 562.217834 813.553772 597.479675 0.842356
bicycle 64 1039.724854 585.577759 1070.623779 637.137268 0.843214
bicycle 71 2004.479126 466.549500 2050.720947 504.207672 0.736479
cup 74 1465.084839 1063.402344 1540.197998 1177.328735 0.917745
