18712304687
frisbee 38 2007.064819 1176.700928 2076.805176 1216.718750 0.499291
airplane 49 1578.262817 847.679993 1647.503418 886.846924 0.277917
airplane 76 2315.988525 732.847107 2402.947510 771.872131 0.285426
airplane 1 2119.610840 1249.642822 2242.064209 1298.715210 0.306202
airplane 57 2153.511475 679.147949 2269.336670 710.371033 0.484119
person 77 2056.655762 467.080170 2073.297119 497.023010 0.333048
person 63 2113.641846 467.315002 2138.358887 546.982300 0.747743
kite 68 1539.383057 783.960083 1572.825317 801.180664 0.299596
backpack 75 894.294983 620.955261 912.779785 648.038635 0.298172
person 7 888.263000 609.963318 921.005737 696.256958 0.814012
person 11 1043.207153 561.066406 1073.955933 628.307983 0.720693
traffic light 18 769.724243 562.223450 813.445862 597.485291 0.841350
bicycle 64 1039.954590 585.832520 1070.853516 637.392029 0.845666
bicycle 71 2004.465454 466.588715 2050.707275 504.246887 0.734790
cup 74 1465.086548 1063.297729 1540.199707 1177.224121 0.931402
