1697330729
airplane 2 2153.968750 679.234314 2268.724609 710.338318 0.296266
airplane 9 1577.937012 856.286560 1646.873291 886.390259 0.355107
airplane 21 1578.050537 848.040588 1646.683350 917.303589 0.398755
airplane 1 2121.452148 1248.935791 2243.610107 1298.813843 0.498404
person 4 2292.806152 485.492065 2318.135498 545.434448 0.673213
person 5 2095.560547 466.874756 2137.678223 530.980896 0.799091
skis 15 1459.943848 547.148376 1582.473755 587.172729 0.259921
motorcycle 16 1029.462158 560.571411 1057.765503 618.335144 0.376560
motorcycle 10 1160.052734 661.294373 1239.083130 764.293213 0.598367
person 8 1170.553101 652.080627 1218.223633 720.698364 0.389041
person 11 1028.342041 547.849121 1060.471313 613.673218 0.437364
person 7 848.961548 557.762329 868.978210 624.286621 0.727704
kite 14 1540.108154 784.370178 1572.138672 801.176331 0.933154
airplane 20 2173.423096 523.981140 2399.941406 619.666382 0.628849
traffic light 18 771.154480 569.572998 795.541199 595.442200 0.906867
