18845312500
frisbee 38 2007.013916 1176.759888 2076.989014 1216.912964 0.250211
airplane 57 2153.864502 680.139526 2269.149170 710.103455 0.404552
airplane 1 2119.966309 1249.398071 2242.406494 1298.702271 0.572977
person 63 2113.140869 467.376923 2139.042969 548.062744 0.783303
kite 68 1539.651245 784.030334 1572.885010 801.129211 0.361996
backpack 75 894.086975 620.806885 913.238831 648.785034 0.409625
traffic light 18 769.476440 562.707458 813.932007 597.581726 0.440608
person 11 1042.985474 559.975586 1074.446533 627.840088 0.438188
person 7 888.358826 609.803711 920.277649 696.064880 0.793045
airplane 49 1578.342407 847.790710 1647.465942 886.935120 0.869861
person 77 2056.676270 467.150482 2073.377686 497.239471 0.845601
bicycle 64 1039.944946 586.399231 1070.843872 637.958740 0.906791
bicycle 71 2004.374512 466.695312 2050.616455 504.353485 0.693739
cup 74 1465.061646 1063.158569 1540.174805 1177.084961 0.912393
