18978320312
frisbee 38 2006.854492 1176.828247 2076.986572 1217.074951 0.258297
airplane 57 2153.847656 681.559937 2268.802490 709.889282 0.388396
airplane 1 2120.493652 1249.103394 2242.805908 1298.702881 0.539175
person 63 2112.728760 467.313232 2138.935059 549.170532 0.779236
kite 68 1539.918823 784.109985 1572.857544 801.040894 0.363127
backpack 75 894.020020 621.169250 913.514404 649.198181 0.312591
traffic light 18 769.281555 563.059082 814.476257 597.593811 0.395219
person 11 1043.190674 559.686646 1074.539062 627.767944 0.440519
person 7 888.574158 609.663879 919.208191 695.864075 0.794048
airplane 49 1578.532227 848.390747 1647.655762 887.535156 0.862921
person 77 2056.668213 467.311646 2073.369629 497.400635 0.838267
bicycle 64 1040.169312 586.984924 1071.068237 638.544434 0.891022
bicycle 71 2004.397949 466.724121 2050.639893 504.382294 0.714306
cup 74 1465.512939 1063.407593 1540.626099 1177.333984 0.893403
