19111328125
frisbee 38 2006.948364 1176.801147 2077.240234 1217.126953 0.280734
airplane 57 2153.749023 681.387512 2268.617188 709.444580 0.426639
airplane 1 2120.420410 1249.052368 2242.819824 1298.718506 0.558107
person 63 2112.569824 467.296631 2139.018311 549.414429 0.779938
kite 68 1539.962280 784.110291 1572.858276 801.030457 0.345945
backpack 75 894.172302 620.976501 913.645691 649.169006 0.325695
traffic light 18 769.233398 563.099609 814.508179 597.544678 0.385407
person 11 1043.004395 559.427856 1074.875122 629.121948 0.421570
person 7 888.778076 609.624451 919.504822 695.979980 0.802087
airplane 49 1578.608032 848.471130 1647.731567 887.615540 0.833173
person 77 2056.561768 467.391968 2073.263184 497.480957 0.829552
bicycle 64 1040.262695 587.109863 1071.161621 638.669373 0.848253
bicycle 71 2004.442871 466.764496 2050.684814 504.422668 0.702509
cup 74 1465.652466 1063.490967 1540.765625 1177.417358 0.888494
