19145312500
airplane 57 2153.856445 681.529480 2268.730225 709.566406 0.433159
airplane 1 2120.418945 1249.062622 2242.810791 1298.725952 0.594424
person 63 2112.603271 467.261688 2139.081543 549.418579 0.780149
kite 68 1539.971191 784.105469 1572.863525 801.036621 0.350736
backpack 75 894.254028 621.015442 913.656067 649.172974 0.278503
traffic light 18 769.224854 563.101196 814.512268 597.533691 0.369039
person 11 1042.929688 559.276367 1074.995850 629.524780 0.445429
person 7 888.935059 609.621643 919.665283 696.038086 0.801983
airplane 49 1578.607300 848.469666 1647.730835 887.614075 0.835611
frisbee 38 2006.890747 1176.850342 2077.182617 1217.176147 0.963971
person 77 2056.551270 467.390106 2073.252686 497.479095 0.829269
bicycle 64 1040.230957 587.149597 1071.129883 638.709106 0.847551
bicycle 71 2004.502930 466.672485 2050.744873 504.330658 0.701308
cup 74 1465.706421 1063.540894 1540.819580 1177.467285 0.897977
