19478320312
frisbee 38 2006.760742 1176.471313 2077.041992 1216.909546 0.374858
airplane 49 1578.213867 847.255493 1647.157349 887.110657 0.274821
airplane 1 2121.623535 1248.761841 2243.439697 1298.761108 0.278934
bicycle 71 2005.097534 466.919525 2054.685547 504.494202 0.322535
person 77 2055.304688 467.143219 2073.156982 497.218536 0.257136
person 78 2370.303467 711.121094 2408.170166 848.877197 0.499538
person 63 2113.244141 467.180481 2140.197998 548.677856 0.795300
backpack 75 892.563232 620.228577 915.687988 649.931213 0.355986
bicycle 64 1037.767090 585.839478 1071.564575 640.468689 0.300160
person 11 1041.666748 558.822632 1074.428711 632.698853 0.599966
person 7 889.633545 609.999634 921.962830 696.318115 0.832143
airplane 57 2153.760254 680.728333 2268.995117 709.442017 0.744031
cup 74 1465.647949 1064.851807 1540.761108 1178.778198 0.682242
kite 68 1539.598633 784.181824 1572.490967 801.112976 0.932142
