19711328125
frisbee 38 2006.677612 1176.708008 2077.162598 1216.832764 0.311503
airplane 49 1578.244507 847.864319 1647.513550 886.948669 0.324378
airplane 1 2119.926025 1248.908447 2242.795654 1298.698364 0.376848
airplane 57 2154.048096 679.218811 2268.945801 710.113892 0.473743
person 78 2320.698730 716.987427 2389.571045 863.627869 0.762924
person 63 2113.954834 467.081116 2140.063477 546.247803 0.774475
cup 74 1464.834961 1063.497437 1539.318970 1177.468872 0.333325
kite 68 1540.338501 784.685974 1572.881592 801.280762 0.251112
traffic light 79 1218.247803 766.529602 1267.007812 817.213257 0.250125
person 11 1042.643677 558.957764 1074.892212 638.879395 0.260147
person 7 889.905151 610.827576 921.286682 696.194946 0.824832
backpack 75 893.032898 620.604004 916.142212 649.108887 0.537951
bicycle 64 1039.133057 586.123962 1072.930542 640.753174 0.773510
bicycle 71 2004.317139 466.697174 2053.905273 504.271851 0.777907
