390625
backpack 0 2293.826904 750.355408 2322.490479 790.467896 0.290501
airplane 9 1578.257568 848.397583 1646.912109 887.232300 0.319558
airplane 2 2153.015137 679.033875 2269.035156 710.153015 0.376128
airplane 1 2119.307129 1250.220947 2241.471191 1298.742676 0.563180
person 4 2380.371338 488.195984 2406.271973 556.827820 0.531393
person 6 2290.289307 724.573914 2365.382080 855.414185 0.699083
person 5 2200.779541 468.124390 2232.066406 548.758667 0.760088
motorcycle 10 881.858582 750.789734 1014.934326 859.686462 0.495870
person 8 901.329773 739.982727 962.540466 834.866821 0.263535
person 11 1027.101929 547.956604 1046.218262 590.060913 0.400196
person 7 846.450928 553.114929 863.758423 614.704834 0.843197
person 12 1108.196411 573.299438 1164.773560 668.765259 0.939390
