19910351562
airplane 1 2119.588867 1249.696899 2241.880615 1298.743530 0.454294
bicycle 71 2003.334473 467.141876 2055.015625 504.896301 0.327458
person 78 2311.760010 716.103699 2367.967773 863.003540 0.757631
person 63 2113.321289 467.326050 2139.760254 547.586975 0.772723
cup 74 1464.229858 1062.924072 1539.455811 1177.302979 0.268986
backpack 75 893.655884 619.849121 915.113892 648.210144 0.309775
bicycle 64 1040.020386 583.480591 1070.486084 640.229858 0.288740
person 11 1042.985840 558.791138 1074.495605 630.851074 0.501926
person 7 889.802124 610.678284 921.159485 695.860474 0.832077
airplane 57 2153.900391 678.692749 2269.516357 710.078247 0.953689
airplane 49 1578.425293 847.877625 1647.699707 886.943970 0.944634
frisbee 38 2006.388062 1176.902832 2076.883301 1217.023315 0.963663
kite 68 1539.984619 784.543518 1572.527710 801.138306 0.916775
