20110351562
airplane 1 2119.354004 1249.831543 2241.615234 1298.717163 0.431652
bicycle 71 2003.034424 467.151520 2055.524170 504.922638 0.335116
person 78 2289.243408 723.739807 2349.618164 869.860840 0.627307
person 63 2113.082764 467.231323 2139.677734 547.798950 0.764040
cup 74 1464.102295 1062.856323 1539.531006 1177.308716 0.294653
backpack 75 894.032532 620.330627 915.279785 648.569641 0.261985
bicycle 64 1040.013184 582.627686 1070.256958 640.375610 0.328851
person 11 1042.880981 559.491455 1074.354004 629.044128 0.555034
person 7 889.787415 610.653137 921.102234 695.803040 0.832408
airplane 57 2153.973145 678.603577 2269.982178 710.317139 1.008515
airplane 49 1578.746094 847.758423 1648.020508 886.824829 0.963345
frisbee 38 2006.265625 1176.995483 2076.760742 1217.115967 1.009586
kite 68 1539.828491 784.462463 1572.371582 801.057251 0.927720
