20343359375
skateboard 80 2115.923584 536.735046 2135.156494 549.921631 0.358443
frisbee 38 2006.874756 1176.646240 2076.968994 1216.733398 0.446498
airplane 49 1577.811768 846.096008 1646.707886 911.557312 0.266395
airplane 57 2153.753662 678.795349 2269.380615 709.695007 0.325589
airplane 1 2118.360596 1249.644043 2242.162109 1298.655518 0.496527
bicycle 71 2002.642578 467.063019 2057.219727 503.999542 0.318722
person 63 2113.367920 467.152649 2140.188965 545.036011 0.765854
person 78 2268.898682 725.831177 2324.237061 878.238525 0.794118
kite 68 1540.093018 784.141724 1573.188599 801.177734 0.372172
person 11 1042.397217 558.094482 1074.910278 629.970398 0.458727
person 7 889.564697 610.118103 922.163696 696.030823 0.842353
cup 74 1464.388184 1063.421875 1539.704224 1177.682007 0.894158
bicycle 64 1040.630005 583.747986 1071.030029 641.640015 0.907960
