20377343750
skateboard 80 2115.919434 536.773804 2135.148926 549.922546 0.360734
frisbee 38 2006.881470 1176.644043 2076.965576 1216.733765 0.476965
airplane 49 1577.858643 846.149170 1646.746948 912.057068 0.265709
airplane 57 2153.737061 678.730896 2269.345947 709.692871 0.309651
airplane 1 2118.326660 1249.630127 2242.180908 1298.651489 0.481167
bicycle 71 2002.591797 467.066986 2057.260742 503.984131 0.319705
person 63 2113.402832 467.154419 2140.214844 544.948547 0.766936
person 78 2267.373535 725.407898 2320.662109 878.416321 0.806578
cup 74 1464.083130 1063.398438 1539.393311 1177.656006 0.270397
kite 68 1540.100708 784.138794 1573.205811 801.178589 0.365913
person 11 1042.369629 558.083374 1074.916504 630.000427 0.461145
person 7 889.513794 610.065247 922.166138 696.022095 0.842797
bicycle 64 1040.618530 584.045898 1071.018555 641.937927 0.908044
