20410351562
skateboard 80 2115.919434 536.867126 2135.148438 549.920898 0.369333
frisbee 38 2006.892944 1176.649536 2076.969727 1216.742676 0.442261
airplane 49 1577.917114 846.316040 1646.799683 912.385803 0.265143
airplane 1 2118.306396 1249.628784 2242.172852 1298.650391 0.499799
bicycle 71 2002.660522 466.949554 2055.818115 502.832825 0.266437
person 63 2113.424805 467.154083 2140.232666 544.861267 0.767302
person 78 2264.619873 725.126160 2316.667236 878.385986 0.829473
kite 68 1540.100708 784.139526 1573.209473 801.179810 0.375761
person 11 1042.372925 558.082031 1074.955933 630.027039 0.466377
person 7 889.487671 610.048340 922.166626 696.020447 0.841126
airplane 57 2153.769043 678.789001 2269.377930 709.750977 1.071383
cup 74 1464.360474 1063.422119 1539.670654 1177.679688 0.906331
bicycle 64 1040.615234 584.303589 1071.015381 642.195618 0.890656
