1864322916
airplane 9 1577.947388 856.145447 1647.229370 886.342163 0.270563
airplane 2 2153.791992 679.661499 2268.132080 709.919922 0.450742
airplane 1 2121.437988 1249.341675 2243.335205 1298.794189 0.453485
person 4 2284.289307 484.382965 2310.078613 547.872314 0.357057
person 5 2092.480957 466.435760 2127.482422 529.602966 0.661819
kite 14 1540.279785 784.113831 1572.557007 801.175720 0.299829
skis 15 1461.865967 547.395325 1583.604492 587.329529 0.287197
motorcycle 16 1036.733398 568.813477 1059.244263 620.717957 0.364699
motorcycle 10 1177.547852 643.660583 1251.921143 754.364136 0.472049
person 11 1029.372925 547.400269 1062.255127 605.451538 0.624969
person 7 849.689087 560.133057 868.820374 626.109436 0.704951
person 8 1186.194214 644.732056 1233.827637 714.743408 0.515237
airplane 20 2152.641113 530.287109 2379.159424 625.972412 0.484923
traffic light 18 771.217041 569.615479 795.603760 595.484680 0.963816
