20576302083
airplane 1 2120.113525 1249.196533 2243.684326 1298.756348 0.266234
airplane 57 2153.591064 678.897400 2269.306885 709.256958 0.277302
person 63 2113.732422 467.214020 2140.345947 546.850220 0.760323
person 78 2234.651367 726.971802 2298.997559 881.877930 0.812507
person 7 888.538513 609.765869 921.182068 695.617798 0.850497
frisbee 38 2006.861938 1176.863647 2076.935303 1216.951416 0.995273
airplane 49 1576.974609 845.209106 1645.855103 911.848022 0.675233
person 11 1042.561157 558.567627 1075.309082 630.624390 0.838552
kite 68 1540.099243 784.200378 1573.224121 801.262207 0.875790
bicycle 71 2002.472534 467.123749 2054.696289 502.360992 0.862826
cup 74 1464.253174 1063.300537 1539.507568 1177.527466 0.875500
bicycle 64 1041.564087 584.358337 1071.964111 642.250366 0.819502
