20610351562
airplane 1 2120.552002 1249.118164 2244.046143 1298.776611 0.250993
person 63 2113.760742 467.191406 2140.373047 547.104980 0.762251
person 78 2231.841309 727.988098 2299.914551 882.991272 0.798976
person 7 888.365723 609.712219 921.086243 695.585938 0.850251
frisbee 38 2006.890747 1176.929688 2076.964111 1217.017456 1.002488
airplane 57 2153.766602 678.943237 2269.482422 709.302795 1.051917
airplane 49 1576.654541 844.806396 1645.535034 911.445312 0.633078
person 11 1042.641235 558.657654 1075.389160 630.714417 0.803373
kite 68 1540.075562 784.213135 1573.200439 801.274963 0.878153
bicycle 71 2002.350220 467.212036 2054.573975 502.449280 0.873373
cup 74 1464.242920 1063.283081 1539.497314 1177.510010 0.879155
bicycle 64 1041.672974 584.370361 1072.072998 642.262390 0.817197
