20676302083
person 63 2113.788330 467.133972 2140.406006 547.113586 0.765589
person 78 2217.470703 730.325928 2291.916016 885.416748 0.825839
person 7 888.163757 609.722229 921.005859 695.572876 0.851895
frisbee 38 2006.939331 1177.009155 2077.012695 1217.096924 0.991018
airplane 1 2119.912109 1249.154785 2243.406250 1298.813232 1.010895
airplane 57 2153.852783 679.095520 2269.568604 709.455078 1.052059
airplane 49 1575.975098 844.344788 1644.855591 910.983765 0.592784
person 11 1042.584351 558.607910 1075.332275 630.664673 0.788785
kite 68 1540.022583 784.239746 1573.147461 801.301575 0.885065
bicycle 71 2002.161011 467.415131 2054.384766 502.652374 0.888599
cup 74 1464.286255 1063.297119 1539.540649 1177.524048 0.876812
bicycle 64 1041.860596 584.363708 1072.260742 642.255737 0.796533
