20776302083
airplane 1 2119.790039 1249.285278 2243.153076 1298.775635 0.306466
person 63 2113.774658 467.140533 2140.623535 547.510864 0.762975
person 78 2208.583496 734.593689 2281.710449 889.685120 0.824849
person 7 887.974915 609.714417 920.843262 695.515198 0.852875
airplane 57 2153.803955 679.510864 2269.519775 709.870422 1.049883
airplane 49 1575.313477 844.077393 1644.193970 910.716309 0.542992
frisbee 38 2006.915527 1177.018799 2077.058105 1217.069458 0.987855
person 11 1042.752808 558.530518 1075.500732 630.587280 0.781717
kite 68 1540.007812 784.226990 1573.132690 801.288818 0.892881
bicycle 71 2001.892822 467.567413 2054.116699 502.804657 0.845187
cup 74 1464.369019 1063.078979 1539.623413 1177.305908 0.877114
bicycle 64 1042.023438 584.354736 1072.423584 642.246765 0.822196
