20809309895
airplane 1 2120.099121 1249.332275 2243.400879 1298.739746 0.298752
airplane 57 2153.665771 679.338928 2269.686523 709.629639 0.326839
person 63 2113.744385 467.122955 2140.697266 547.561646 0.766072
person 78 2206.778320 734.521118 2275.858643 890.645020 0.815004
person 7 887.913208 609.684448 920.810059 695.496582 0.852805
airplane 49 1575.218628 844.025574 1644.099121 910.664551 0.557956
frisbee 38 2006.906250 1177.047119 2077.048828 1217.097778 0.988421
person 11 1042.793091 558.482300 1075.541016 630.539062 0.769259
kite 68 1539.962524 784.232910 1573.087402 801.294739 0.895469
bicycle 71 2001.830688 467.636475 2054.054443 502.873718 0.851291
cup 74 1464.390991 1062.984497 1539.645386 1177.211426 0.873947
bicycle 64 1041.930420 584.295959 1072.330566 642.187988 0.805200
