20909309895
frisbee 38 2006.753418 1176.683838 2076.840332 1216.737183 0.462878
airplane 49 1577.677612 847.375977 1646.563599 916.174988 0.290543
airplane 1 2119.497803 1249.652100 2242.417725 1298.736450 0.466709
bicycle 71 2004.336426 467.113800 2055.116211 503.219147 0.296770
person 63 2113.454102 467.234985 2142.333008 548.887451 0.766493
person 78 2204.632324 733.951538 2267.202393 891.281616 0.848768
kite 68 1540.256958 784.012390 1573.104614 801.087463 0.313113
person 11 1043.497803 557.938904 1074.663940 631.786011 0.337963
person 7 887.732727 609.626282 920.766235 695.957642 0.835730
airplane 57 2153.039795 679.926575 2269.060547 710.217285 0.882493
cup 74 1464.524902 1062.933472 1539.779297 1177.160400 0.888425
bicycle 64 1041.194580 584.520142 1071.594727 642.412170 0.892531
