21009309895
frisbee 38 2006.758911 1176.638550 2076.832764 1216.696899 0.432656
airplane 49 1578.073120 847.623413 1646.967407 916.816406 0.298237
airplane 1 2119.420898 1249.722290 2242.239502 1298.727051 0.452550
bicycle 71 2004.756836 466.973877 2055.252197 503.105225 0.309936
person 63 2113.281006 467.209106 2142.643555 549.164795 0.768661
person 78 2198.602783 733.344849 2255.723633 890.748962 0.818913
kite 68 1540.276123 783.993286 1573.064453 801.064880 0.304621
person 11 1043.611816 557.838623 1074.486084 632.004517 0.346644
person 7 887.502197 609.646484 920.755920 696.118591 0.838641
airplane 57 2143.453125 677.624146 2259.473877 707.914856 0.649100
cup 74 1464.557251 1062.743530 1539.811646 1176.970459 0.859582
bicycle 64 1040.721069 584.728943 1071.121094 642.620972 0.907736
