21042317708
frisbee 38 2006.762207 1176.635620 2076.831787 1216.692383 0.442640
airplane 49 1577.790527 847.784607 1646.683594 917.022583 0.289657
airplane 1 2119.421631 1249.726685 2242.221191 1298.723755 0.453410
bicycle 71 2004.790771 466.964935 2055.239746 503.074158 0.310230
person 63 2113.252930 467.198547 2142.674805 549.218506 0.768987
person 78 2195.243896 733.784119 2253.263428 892.175903 0.831622
kite 68 1540.282104 783.993286 1573.061035 801.064636 0.309582
person 11 1043.662598 557.821899 1074.473999 632.000610 0.351041
person 7 887.409790 609.670044 920.867126 696.178833 0.837399
airplane 57 2138.603516 676.432983 2254.624268 706.723694 0.609510
cup 74 1464.380615 1062.760742 1539.635010 1176.987671 0.859469
bicycle 64 1040.531006 584.723267 1070.931152 642.615295 0.895092
