1931315104
airplane 9 1577.956299 855.859436 1647.575195 886.286682 0.266429
airplane 2 2153.697998 679.453552 2268.371582 709.506592 0.401910
airplane 1 2121.368896 1249.588257 2243.108887 1298.782349 0.455772
person 4 2275.803223 483.714630 2306.239746 550.375977 0.685097
person 5 2090.967773 466.366364 2119.941895 528.907166 0.739609
kite 14 1540.358276 783.956299 1572.811890 801.201477 0.300626
skis 15 1462.519531 547.361816 1583.319458 587.115234 0.290735
motorcycle 10 1184.987793 658.614319 1257.321167 752.387451 0.420912
motorcycle 16 1033.577881 568.149231 1061.001709 621.288940 0.496280
person 8 1192.460327 639.149841 1236.503418 702.530457 0.352362
person 11 1029.821655 548.021118 1063.257324 599.568542 0.666779
person 7 850.036072 561.003845 868.639282 627.228394 0.717844
cup 22 1463.848511 1063.070801 1539.914429 1177.250244 0.999967
motorcycle 23 1185.968750 690.617798 1217.463501 748.804077 0.489534
airplane 20 2148.610352 528.526794 2375.128662 624.212036 0.521357
traffic light 18 771.366516 569.633850 795.753235 595.503052 0.963715
