21109309895
frisbee 38 2006.756470 1176.638916 2076.825928 1216.713135 0.448344
airplane 49 1577.564453 848.059753 1646.456055 917.341675 0.290042
airplane 1 2119.420410 1249.718140 2242.207031 1298.716187 0.469018
bicycle 71 2004.738647 466.943970 2055.073242 502.853821 0.274918
person 63 2113.287842 467.173737 2142.825439 549.180298 0.766927
person 78 2188.114258 735.657593 2248.377197 896.242798 0.767247
kite 68 1540.291138 783.990662 1573.068970 801.066162 0.309519
person 11 1043.692749 557.816895 1074.459961 632.057617 0.351431
person 7 887.249634 609.869934 920.815613 696.245361 0.835152
airplane 57 2139.781006 677.429016 2255.801758 707.719727 0.595555
cup 74 1464.431274 1062.716797 1539.685669 1176.943726 0.865423
bicycle 64 1040.338257 584.669922 1070.738281 642.561951 0.906236
