21242317708
frisbee 38 2006.717773 1176.478149 2076.747559 1217.000000 0.303889
airplane 57 2146.580078 676.864685 2262.698486 707.549194 0.290665
airplane 81 1580.760376 840.049316 2203.837646 1296.746826 0.345420
airplane 1 2119.144043 1248.691650 2242.209229 1298.671143 0.407156
bicycle 71 2005.427002 466.909241 2055.739258 502.129364 0.288598
person 78 2168.625977 740.856079 2240.846680 901.280701 0.738816
person 63 2112.413574 467.031952 2141.770508 547.989258 0.748949
cup 74 1464.441162 1062.989136 1539.462891 1177.000488 0.304442
person 11 1043.663086 558.255920 1073.942505 630.463745 0.353825
person 7 886.907898 610.118103 920.981934 695.817139 0.849751
bicycle 64 1040.011963 583.437439 1070.412109 641.329468 0.869829
kite 68 1540.181641 784.087219 1572.961914 801.165283 0.890863
airplane 49 1576.754272 847.281189 1645.647461 916.573364 0.692614
