22008333333
frisbee 38 2007.100586 1176.676514 2076.726562 1217.464966 0.258921
airplane 57 2153.413818 678.098511 2269.012207 706.753235 0.275112
airplane 1 2120.198242 1249.375488 2241.690186 1298.705933 0.581596
person 78 2071.504395 755.422119 2137.841064 902.503784 0.715162
person 63 2112.468994 467.052094 2140.367188 546.618225 0.786846
kite 68 1540.365112 783.837891 1572.766235 801.199097 0.314405
bicycle 64 1038.912476 581.637146 1070.540283 639.047363 0.443224
person 11 1043.393311 559.079529 1073.864746 626.491211 0.679964
person 7 887.131104 610.864990 920.657227 695.313965 0.836419
cup 74 1464.907104 1062.557007 1539.889038 1176.511475 0.799644
airplane 49 1581.121094 843.915710 1650.014282 913.207886 0.556758
