22041341145
frisbee 38 2007.142456 1176.639526 2076.787109 1217.460327 0.255802
airplane 1 2120.190186 1249.392700 2241.668945 1298.710693 0.581613
person 63 2112.604004 467.088776 2140.286621 546.670288 0.792101
person 78 2068.922852 756.035034 2133.652832 909.839539 0.798433
kite 68 1540.380859 783.848999 1572.768921 801.189392 0.313721
bicycle 64 1038.884399 581.638489 1070.624512 639.005920 0.440562
person 11 1043.392334 559.083374 1073.870117 626.376831 0.679319
person 7 887.163147 610.889648 920.688293 695.312744 0.834208
airplane 57 2152.696289 677.335205 2268.294678 705.989929 0.541631
cup 74 1464.902588 1062.543701 1539.884521 1176.498169 0.799553
airplane 49 1581.079102 844.001282 1649.972290 913.293457 0.535531
