22374348958
airplane 1 2121.964844 1249.056030 2242.543457 1298.629517 0.380255
airplane 57 2153.703857 678.613708 2268.903076 710.472595 0.437420
person 63 2114.407471 467.310455 2141.283203 547.603699 0.785002
person 78 2018.267212 765.438538 2099.897217 934.027954 0.793990
cup 74 1464.125000 1063.113525 1539.778809 1177.078369 0.312515
kite 68 1540.209717 783.757324 1572.651245 801.160400 0.263554
person 11 1042.541748 558.215393 1073.829956 633.314636 0.283149
person 7 884.373718 611.080139 920.799438 695.076904 0.836374
bicycle 64 1038.852905 581.755249 1066.813721 639.437012 0.780237
traffic light 83 770.600769 567.584839 796.517212 594.849792 0.962205
airplane 49 1581.291382 843.866272 1650.184570 913.158447 0.507952
frisbee 38 2006.996338 1176.961182 2076.640869 1217.781982 0.929777
