22741341145
frisbee 38 2006.588867 1176.656738 2076.808594 1216.815674 0.592787
airplane 57 2154.163574 679.671021 2269.073486 708.089294 0.254069
airplane 49 1578.218384 849.240479 1647.228027 908.072815 0.313181
airplane 1 2119.926270 1248.747925 2242.809814 1298.694092 0.407871
person 63 2113.519287 467.212585 2141.643555 548.877686 0.814333
person 78 1982.629150 769.311401 2040.933472 940.339722 0.863101
traffic light 83 770.047607 561.428162 815.106567 596.691101 0.266105
person 11 1044.047363 558.271545 1074.749756 626.279236 0.412068
person 7 886.000977 610.850830 920.904358 695.519226 0.785483
kite 68 1540.481567 784.382385 1573.000977 800.946960 0.934322
cup 74 1464.639526 1063.227417 1540.296509 1177.225586 0.926602
bicycle 64 1040.047241 581.396118 1067.594360 639.166382 0.838587
