22907356770
frisbee 38 2006.531250 1176.818604 2076.630615 1217.084351 0.283991
airplane 1 2121.506104 1249.211182 2242.576416 1298.804443 0.394438
airplane 57 2154.152100 680.894775 2268.382812 710.317566 0.463546
person 63 2113.228760 467.093842 2141.159912 545.470337 0.766782
person 78 1944.921997 776.984802 2032.042969 946.912354 0.806196
kite 68 1540.166870 784.354309 1572.848755 801.320740 0.290118
person 11 1043.562378 558.525269 1074.025024 630.660706 0.322135
person 7 885.195007 610.833130 921.101013 695.627441 0.824139
airplane 84 2316.870361 713.638367 2400.403564 753.037415 1.000000
cup 74 1464.897461 1063.494995 1540.554443 1177.493164 0.933415
bicycle 64 1041.388306 581.445435 1068.935425 639.215698 0.688932
airplane 49 1578.996216 852.146057 1648.347656 894.896729 0.812354
traffic light 83 770.774841 561.300720 816.080322 596.634216 0.694416
