23040364583
frisbee 38 2006.569702 1176.834106 2076.625000 1217.149658 0.275320
airplane 84 2316.889893 713.923096 2400.625244 753.378967 0.262447
airplane 1 2121.841064 1249.275391 2242.478027 1298.783325 0.403315
airplane 57 2153.682617 680.780457 2267.961670 710.636841 0.447913
person 78 1931.478394 781.016968 2014.140137 951.829712 0.669534
person 63 2113.105469 467.115295 2141.036133 544.718262 0.765559
kite 68 1540.247437 784.096985 1572.849121 801.051392 0.305146
person 11 1043.248657 558.312195 1073.909790 632.258850 0.328883
person 7 884.947205 610.862488 920.802063 695.609009 0.820612
cup 74 1464.827881 1063.485718 1540.484863 1177.483887 0.922065
bicycle 64 1042.017822 581.732727 1069.564941 639.502991 0.735034
airplane 49 1579.870605 852.208801 1649.222046 894.959473 0.766472
traffic light 83 770.911499 561.247192 816.216980 596.580688 0.686364
