23074348958
frisbee 38 2006.574951 1176.832275 2076.634521 1217.144775 0.275592
airplane 1 2121.863525 1249.279907 2242.470703 1298.777588 0.399669
airplane 57 2153.583740 680.982666 2267.812988 710.858643 0.445436
person 63 2113.076416 467.124817 2141.070801 544.849792 0.771649
person 78 1929.131714 781.764526 2008.047729 952.998291 0.793745
kite 68 1540.266846 784.078430 1572.859619 801.027527 0.310771
person 11 1043.227173 558.280029 1073.916016 632.271912 0.335051
person 7 884.911743 610.853210 920.103699 695.545898 0.817159
airplane 84 2316.814697 714.241150 2400.550293 753.697021 0.980981
cup 74 1464.895630 1063.506714 1540.552612 1177.504883 0.935485
bicycle 64 1042.179077 581.834412 1069.726196 639.604675 0.725339
airplane 49 1579.943970 852.223755 1649.295410 894.974426 0.788039
traffic light 83 770.911072 561.238770 816.216553 596.572266 0.691066
