23273307291
frisbee 38 2006.662231 1176.690308 2077.037598 1216.916992 0.365804
airplane 57 2153.403320 680.879761 2269.364014 710.116028 0.268371
airplane 1 2120.581787 1249.473999 2242.342773 1298.732300 0.398269
person 63 2112.678955 467.264648 2140.812012 548.413452 0.799027
person 78 1906.819336 783.227905 1972.386108 956.697266 0.859720
cup 74 1464.296997 1063.054443 1539.307251 1177.373779 0.283931
bicycle 64 1041.117065 580.661926 1069.346191 637.228271 0.336334
person 11 1043.149414 558.489624 1074.196167 632.860901 0.314974
person 7 884.655823 610.711060 919.831482 695.528992 0.804575
airplane 85 1578.217407 821.824097 1647.364502 886.613464 1.000000
kite 68 1540.269531 784.231812 1572.854370 801.175903 0.852891
airplane 49 1579.984863 852.224487 1649.336304 894.975159 0.749878
traffic light 83 770.809570 561.528076 816.115051 596.861572 0.653748
