23706315104
surfboard 87 1703.817749 873.800659 1810.375732 908.113159 0.465255
surfboard 86 1671.619629 865.615540 1709.053833 887.961182 0.528068
airplane 57 2153.849121 680.743164 2268.718994 710.102661 0.443527
airplane 1 2119.544678 1249.051392 2241.791504 1298.689941 0.469681
person 78 1845.464966 803.185242 1915.930908 980.406738 0.804902
person 63 2112.380371 467.213348 2140.448730 547.728577 0.807312
kite 68 1539.915283 783.930298 1572.772705 801.347473 0.331067
bicycle 64 1041.996460 577.659241 1069.784424 637.804749 0.263329
person 11 1043.061035 559.268860 1074.265503 632.419312 0.341574
person 7 886.325684 611.033813 918.285034 697.363953 0.831166
airplane 49 1578.360229 849.659607 1647.623291 904.927490 0.831442
frisbee 38 2006.453979 1177.090332 2076.845215 1217.338745 0.969788
cup 74 1465.254272 1062.898804 1540.083862 1177.261108 0.952314
traffic light 83 769.284790 562.265930 814.590271 597.599426 0.652195
