24072330729
surfboard 86 1671.539429 865.845093 1709.662109 888.008606 0.253510
frisbee 38 2006.567871 1176.797363 2077.055664 1216.921631 0.563721
airplane 88 1578.188477 847.966797 1624.208740 873.222717 0.313775
airplane 49 1578.157104 856.128174 1647.747192 886.386414 0.346076
airplane 57 2153.973877 679.641296 2269.064697 708.743896 0.519860
airplane 1 2119.687500 1249.056519 2242.083984 1298.748413 0.542281
person 63 2114.245361 467.145050 2139.804199 547.614075 0.775861
person 78 1781.982300 813.469238 1882.458008 990.098022 0.819510
kite 68 1539.125366 783.861267 1573.416992 801.363831 0.296216
person 11 1043.597168 558.952271 1073.813477 632.582581 0.295773
person 7 890.772034 610.635254 923.388794 696.623657 0.842044
cup 74 1465.574951 1062.953247 1540.404541 1177.315552 0.966127
traffic light 83 768.460205 562.823425 813.765686 598.156921 0.542490
