24106315104
surfboard 86 1671.541260 865.858887 1709.781006 887.968323 0.340043
frisbee 38 2006.544067 1176.782104 2077.054932 1216.934814 0.510428
airplane 88 1578.202637 847.974426 1624.184204 873.247375 0.358567
airplane 49 1578.134644 856.386963 1647.701172 886.283691 0.385563
airplane 57 2153.955566 679.660522 2269.059082 708.745605 0.510224
airplane 1 2119.729004 1249.067261 2242.123291 1298.747437 0.562690
person 63 2113.991455 467.195831 2140.000000 547.764709 0.777022
person 78 1779.630737 816.190002 1867.153564 992.687317 0.858510
kite 68 1539.140015 783.865662 1573.399902 801.345337 0.275469
person 11 1043.622559 558.936157 1073.791138 632.636475 0.276578
person 7 890.915894 610.617004 923.500244 696.535278 0.830697
cup 74 1465.566895 1062.922852 1540.396484 1177.285156 1.000874
traffic light 83 768.384094 562.816162 813.689575 598.149658 0.544029
