24206315104
surfboard 86 1671.523438 865.533691 1709.677490 887.948120 0.403456
airplane 88 1578.253906 848.090881 1624.108398 873.131714 0.339206
airplane 49 1578.038086 857.275269 1647.551880 886.151428 0.392840
airplane 57 2154.085205 679.970703 2269.594971 709.611450 0.550936
person 63 2113.479980 467.149292 2140.104248 548.772766 0.761918
person 78 1772.113281 821.365112 1844.281250 999.298828 0.812703
cup 74 1464.528198 1063.166016 1539.530640 1177.388184 0.293456
kite 68 1539.334229 784.109009 1573.375488 801.312012 0.424250
person 11 1043.083374 558.553772 1074.741821 630.860657 0.566986
person 7 891.020569 610.575317 924.132996 695.939148 0.873365
airplane 89 1578.077393 847.704834 1647.161499 914.423584 1.000000
person 90 1830.048584 467.099396 1849.668579 503.807220 0.928299
airplane 1 2119.156006 1249.115723 2241.532471 1298.783203 0.931610
traffic light 83 768.137268 562.944519 813.442749 598.278015 0.608880
frisbee 38 2006.251587 1176.876343 2076.767090 1217.033447 0.983141
