24505338541
airplane 88 1578.142456 848.120728 1623.928589 872.971436 0.256582
airplane 1 2121.006348 1249.192871 2242.450439 1298.761719 0.303957
airplane 57 2153.433838 679.583496 2269.531006 709.882202 0.348486
person 90 1830.318726 467.231445 1850.888794 504.843994 0.296231
person 63 2114.697510 467.070221 2141.235840 548.763794 0.782454
person 78 1727.046265 825.599854 1801.811523 1010.868530 0.857420
traffic light 83 768.585205 562.230652 813.548035 597.481445 0.280529
person 7 891.192261 609.929260 925.150269 695.374878 0.867424
airplane 89 1577.491211 847.535095 1646.578491 916.121948 0.653527
frisbee 38 2005.673096 1176.993164 2076.188477 1217.150269 0.916494
person 11 1042.703491 558.813904 1075.285522 630.472595 0.779379
cup 74 1464.580200 1063.296753 1539.665283 1177.465332 0.962275
airplane 49 1577.911987 857.093506 1647.396118 885.959900 0.943003
kite 68 1539.107910 784.326111 1573.247803 801.555664 0.971839
surfboard 86 1671.482544 865.441101 1709.571533 888.208313 0.914692
