24539322916
airplane 88 1578.098999 848.123657 1623.914673 872.988342 0.270227
airplane 1 2121.071045 1249.221436 2242.617676 1298.735840 0.302314
airplane 57 2153.420166 679.307007 2269.520264 709.723999 0.335226
person 63 2114.805664 467.125183 2141.654297 548.277222 0.782139
person 78 1718.593994 827.883362 1800.929443 1014.141235 0.826029
traffic light 83 769.282104 562.079895 814.054199 596.982727 0.253021
person 7 891.275513 609.920471 925.100464 695.643616 0.865459
airplane 89 1577.116943 847.438354 1646.204224 916.025208 0.694760
person 90 1830.306763 467.239471 1850.876831 504.852020 0.736185
frisbee 38 2005.728882 1176.997925 2076.244385 1217.155029 0.909808
person 11 1042.655518 558.944336 1075.237549 630.603027 0.798544
cup 74 1464.716675 1063.283936 1539.801758 1177.452515 0.954280
airplane 49 1577.915894 857.061768 1647.400024 885.928162 0.932891
kite 68 1539.030640 784.328430 1573.170532 801.557983 0.950317
surfboard 86 1671.453003 865.532288 1709.541992 888.299500 0.927784
