24672330729
airplane 1 2121.180420 1249.245728 2242.818359 1298.687012 0.295559
airplane 57 2153.541748 678.903931 2269.649414 709.530640 0.339290
person 63 2114.811768 467.196411 2142.645264 548.383545 0.779956
person 78 1694.941162 839.412292 1777.587402 1025.063721 0.845495
traffic light 83 769.995544 561.694458 814.631653 596.697144 0.277847
person 7 891.220032 609.923584 925.069458 697.576172 0.855125
person 90 1830.471313 467.385040 1851.041382 504.997589 0.707684
airplane 91 1577.638916 841.921753 2216.539551 1177.792480 0.928507
frisbee 38 2005.891235 1177.025513 2076.406738 1217.182617 0.905310
person 11 1042.627930 559.178284 1075.209961 630.836975 0.804548
airplane 89 1577.430786 847.240906 1646.638794 914.818359 0.826002
cup 74 1464.806519 1063.327026 1539.891602 1177.495605 1.050565
airplane 88 1578.244385 848.201965 1624.060059 873.066650 0.947415
airplane 49 1578.024048 856.956360 1647.508179 885.822754 0.951657
kite 68 1538.956543 784.309570 1573.096436 801.539124 0.970892
surfboard 86 1671.224487 865.744751 1709.313477 888.511963 0.922827
