24905338541
frisbee 38 2007.041748 1176.570190 2076.951904 1216.964478 0.463818
airplane 49 1578.108276 856.952393 1647.623047 885.833069 0.262566
airplane 88 1578.051514 848.113953 1623.805542 872.959900 0.378293
airplane 57 2154.099854 679.294678 2269.645508 709.610657 0.393064
airplane 1 2120.613037 1248.867798 2242.955078 1298.647461 0.447377
airplane 89 1577.912354 847.322449 1647.178467 917.006714 0.515144
person 63 2114.856934 467.328613 2143.092285 550.061340 0.783525
person 78 1675.009521 842.737122 1730.304443 1027.274902 0.793403
person 11 1043.423096 558.169189 1074.897949 626.685425 0.514849
person 7 890.009705 610.021790 924.528687 699.249939 0.856579
cup 74 1464.492920 1063.201782 1539.702759 1177.337524 0.933865
airplane 91 1581.654419 896.526306 2221.668213 1258.211670 0.221846
kite 68 1539.121094 784.325867 1573.260986 801.555420 0.896525
surfboard 86 1670.520142 865.852661 1708.609131 888.619873 0.798097
