25571354166
frisbee 38 2006.947754 1176.499634 2076.947754 1216.923828 0.375501
airplane 1 2120.821777 1249.438965 2242.482178 1298.690186 0.304313
airplane 57 2153.907471 679.619690 2269.273682 709.083679 0.473734
person 78 1575.578735 872.443054 1631.068848 1054.373535 0.798155
person 63 2113.720215 471.056488 2141.268311 552.821289 0.798802
kite 68 1540.009766 784.267944 1573.376831 801.505310 0.352405
person 11 1041.093384 558.630920 1075.150024 632.068115 0.288614
person 7 888.501587 610.342529 922.389343 700.568298 0.832571
airplane 49 1577.911621 857.404480 1647.472778 886.353943 0.913830
person 94 1550.912842 878.471069 1582.861938 1064.868896 1.000000
airplane 88 1578.722290 847.998962 1624.453125 872.842041 0.831271
