26004361979
surfboard 95 1703.610718 873.498718 1810.087402 908.551392 0.302673
frisbee 38 2006.767456 1176.464111 2077.119385 1216.895020 0.448011
airplane 49 1578.192749 849.229065 1647.387695 887.716553 0.330053
airplane 57 2153.272949 678.992371 2270.020264 709.530945 0.523558
person 63 2121.429443 476.016815 2148.465332 556.227173 0.804646
kite 68 1539.811523 783.830750 1572.756104 801.057434 0.498511
person 94 1476.043335 893.113647 1544.551880 1070.495605 0.747512
person 7 889.282837 611.059631 920.637390 700.839478 0.799396
person 78 1514.206665 897.332581 1571.598633 1064.500732 0.321219
airplane 1 2119.428711 1249.542725 2240.380615 1298.621216 0.879383
person 11 1042.064575 558.385193 1075.996216 631.899536 0.765424
