26203320312
frisbee 38 2006.888184 1176.691528 2077.048096 1217.036255 0.551322
airplane 57 2153.687012 679.793213 2269.500977 709.052063 0.306976
airplane 49 1578.365356 848.208435 1647.463501 887.315369 0.324461
airplane 1 2118.994385 1249.100830 2242.112793 1298.653564 0.505581
person 63 2126.066895 475.262482 2153.580566 558.617981 0.806297
kite 68 1540.040771 784.008972 1572.759888 801.136841 0.468250
person 11 1042.214478 557.854248 1075.401978 630.404602 0.433132
person 78 1449.976807 905.646484 1520.141357 1042.572388 0.787499
person 7 889.115295 611.739136 920.323975 700.209717 0.800569
person 94 1438.197754 904.617126 1531.099854 1076.682373 0.604016
bicycle 96 2001.608643 467.081940 2054.011230 505.683716 0.999999
backpack 97 892.583313 620.901855 916.268982 651.289185 0.940934
