26570312500
frisbee 38 2006.964355 1176.624268 2077.066650 1216.601685 0.536359
airplane 1 2120.739990 1249.264160 2243.215088 1298.722412 0.252632
airplane 57 2153.282471 679.482056 2268.826904 709.503113 0.498200
person 63 2132.217041 480.632874 2161.397949 560.143066 0.825575
kite 68 1540.082153 784.113159 1572.776611 801.199646 0.444842
person 11 1041.214355 558.470764 1075.285034 632.750854 0.267017
person 94 1377.582764 918.417297 1445.554932 1101.371338 0.791711
person 7 887.359558 611.849426 920.457825 701.032776 0.853882
airplane 49 1578.938965 848.195129 1647.923340 887.108521 0.844518
person 78 1388.998901 917.681335 1452.012817 1055.235474 0.654407
bicycle 96 2001.664307 467.032684 2053.847168 505.634613 0.864648
