26703320312
frisbee 38 2007.007812 1176.624146 2077.123779 1216.506226 0.527154
airplane 57 2153.325195 679.277832 2269.407715 709.601624 0.492969
person 63 2135.544678 478.823853 2163.843506 561.007568 0.799884
kite 68 1540.083984 784.031799 1572.793335 801.178650 0.454978
person 11 1041.187744 558.434570 1075.317017 633.215515 0.267425
person 7 887.820923 611.614502 920.506042 701.134705 0.844028
person 94 1345.599487 927.095886 1447.871826 1109.668945 0.876158
airplane 49 1579.208130 848.439941 1648.192505 887.353333 0.853220
airplane 1 2120.262207 1249.381592 2242.447021 1298.781250 0.950761
person 78 1375.929077 922.709473 1438.942993 1060.263672 0.493885
bicycle 96 2001.569092 467.000122 2053.751953 505.602051 0.851154
