27102343750
airplane 49 1578.261475 847.703247 1647.215942 886.917847 0.365239
airplane 1 2120.492188 1248.919678 2243.000000 1298.699341 0.455033
airplane 57 2153.447754 678.504883 2269.883789 709.725647 0.561607
bicycle 96 2000.851562 467.005035 2055.532471 505.063416 0.340068
person 100 1920.092651 467.087189 1945.675415 516.838562 0.628463
person 63 2146.769043 482.418854 2178.200928 565.014099 0.788603
kite 68 1539.776978 784.711731 1572.831055 801.453247 0.338712
traffic light 99 769.282837 562.659729 814.165100 596.758484 0.262599
person 11 1042.491211 558.423279 1074.254639 629.601746 0.497663
person 7 889.611755 611.507690 920.645508 701.337097 0.834524
person 78 1291.785522 933.985901 1356.486084 1113.658203 0.841347
frisbee 38 2006.348145 1177.166260 2076.463867 1217.056885 0.988793
person 94 1297.132324 943.941956 1415.610718 1126.289307 0.196133
