27302343750
frisbee 38 2006.701538 1176.557373 2077.169922 1217.459595 0.449877
airplane 49 1577.753296 853.295166 1647.649170 885.900879 0.279530
airplane 101 1580.708252 833.036133 2214.781738 1296.440430 0.341814
airplane 1 2121.496338 1249.276001 2242.648193 1298.733643 0.439172
airplane 57 2153.818604 678.646667 2269.070801 709.924011 0.442137
bicycle 96 2005.026245 466.869232 2052.850098 503.223419 0.276579
person 100 1923.999268 467.345032 1949.977661 517.228394 0.702646
person 63 2155.813965 480.453705 2184.431152 566.719727 0.754360
kite 68 1540.159302 784.144287 1572.764893 801.510925 0.308137
person 11 1043.024292 557.367126 1074.509277 630.466370 0.556999
person 7 890.007874 611.657166 921.504944 700.826965 0.799187
person 78 1235.906372 942.399841 1352.509644 1122.052734 0.898272
traffic light 99 769.484863 562.292786 814.375183 596.408325 0.966811
person 94 1273.571899 952.737732 1392.050293 1135.085083 0.400300
