27402343750
frisbee 38 2006.709351 1176.528442 2077.197266 1217.501099 0.464459
airplane 49 1577.710938 853.760254 1647.671997 885.777161 0.282998
airplane 101 1580.244507 833.281860 2214.387939 1296.632202 0.356255
airplane 57 2153.866699 678.787415 2268.982910 709.893433 0.402988
airplane 1 2121.580811 1249.298218 2242.595215 1298.716431 0.424073
bicycle 96 2005.501099 466.887299 2052.725830 503.040497 0.303718
person 100 1928.123413 467.440430 1958.297363 517.700012 0.707719
person 63 2158.490234 481.785187 2188.283203 567.455627 0.784787
kite 68 1540.178711 784.123108 1572.754150 801.522522 0.305682
person 11 1043.106934 557.317749 1074.595703 630.546143 0.575808
person 7 889.755493 611.806213 921.457336 701.163879 0.791282
person 78 1225.335815 952.076843 1348.134766 1127.328735 0.886341
traffic light 99 769.657959 562.209778 814.548279 596.325317 1.002814
person 94 1245.810059 967.911072 1364.288452 1150.258423 0.417309
