27435351562
frisbee 38 2006.708496 1176.524902 2077.197021 1217.509033 0.461282
airplane 49 1577.725952 853.784302 1647.697144 885.770752 0.281075
airplane 101 1580.130615 833.243469 2214.356445 1296.699341 0.361294
airplane 1 2121.610352 1249.299683 2242.585693 1298.714966 0.442418
airplane 57 2153.773682 678.716919 2268.906006 709.879883 0.446856
bicycle 96 2005.897339 466.891022 2052.733643 503.021118 0.324747
person 63 2160.140137 482.884033 2189.249512 567.572632 0.727122
person 100 1929.170410 467.327209 1960.892822 517.484253 0.784482
kite 68 1540.162964 784.119324 1572.736450 801.526550 0.321242
person 11 1043.115112 557.302795 1074.589478 630.578369 0.561107
person 78 1223.102417 949.957458 1341.597534 1129.624756 0.765473
person 7 889.723999 611.808105 921.520996 701.260986 0.799574
traffic light 99 769.748291 562.176453 814.638611 596.291992 1.006707
person 94 1240.506104 970.409973 1358.984497 1152.757324 0.177623
