27835351562
frisbee 38 2006.462769 1176.617554 2077.012207 1216.874878 0.344322
airplane 1 2120.953125 1249.217773 2242.663818 1298.741333 0.288597
airplane 101 1658.532104 827.816528 2305.810059 1202.033569 0.347069
airplane 57 2153.352295 680.106689 2268.647461 710.128540 0.465527
person 100 1946.609131 467.043243 1973.356079 519.996460 0.708906
person 63 2172.456543 484.920593 2203.676758 570.048950 0.805461
kite 68 1539.645142 784.322449 1572.973755 801.657227 0.279978
person 11 1043.353882 558.690308 1074.661865 629.656738 0.331119
person 7 889.895508 611.496277 922.438232 700.388855 0.817300
person 78 1147.056519 961.244690 1253.075073 1146.984985 0.911533
bicycle 96 2006.724731 465.959686 2053.030029 502.103973 0.654280
person 94 1162.685059 984.778992 1281.163330 1167.126343 0.578119
airplane 49 1575.590332 847.809326 1645.225464 896.463440 0.882152
