28168359375
airplane 101 1683.578003 818.384460 2313.552734 1290.190308 0.270288
airplane 1 2120.357910 1249.545898 2242.693604 1298.654297 0.350654
airplane 57 2153.554932 679.083069 2269.068848 709.599426 0.479090
person 63 2180.870117 488.560638 2216.955566 572.291931 0.848063
kite 68 1539.718384 784.032898 1572.778931 801.603577 0.361493
person 11 1043.144775 559.553467 1073.835938 629.068054 0.372897
person 7 889.640015 611.203003 922.435608 700.116455 0.820766
person 78 1096.116821 968.222412 1178.267212 1151.401367 0.891485
person 94 1105.037598 993.319824 1223.515869 1175.667114 0.298275
airplane 49 1575.065063 848.387146 1644.700195 897.041260 0.886153
frisbee 38 2006.499512 1176.677368 2077.023926 1217.337402 0.953925
bicycle 96 2003.809570 466.604553 2055.482422 503.008514 0.727985
