28401302083
airplane 101 1780.213623 798.951660 2416.881836 1288.363525 0.273580
airplane 1 2119.666992 1248.981567 2242.506348 1298.704102 0.350404
airplane 57 2153.754639 678.534058 2269.677979 708.984253 0.529233
person 63 2195.131348 487.767273 2225.624268 575.238220 0.821085
kite 68 1539.405273 783.799377 1572.836060 801.846985 0.352808
person 11 1042.721313 559.007935 1074.314209 628.989258 0.364891
person 7 889.194824 611.346619 922.311218 700.811768 0.815363
person 78 1044.630249 984.701416 1165.295410 1164.992798 0.915857
person 104 2392.591309 499.563782 2409.450195 579.611755 0.371659
person 94 1069.374756 1023.330994 1187.853027 1205.678345 0.193257
airplane 49 1575.320557 848.629639 1644.955688 897.283752 0.862623
frisbee 38 2006.106201 1176.872070 2076.630615 1217.532104 0.993959
bicycle 96 2003.624023 466.601654 2055.296875 503.005615 0.737051
