28434309895
airplane 101 1779.301270 799.604126 2416.025391 1288.794434 0.270523
airplane 1 2119.667725 1248.975830 2242.512939 1298.708496 0.351823
airplane 57 2153.769775 678.532532 2269.691895 709.000183 0.519548
person 63 2197.263428 488.252686 2226.218994 575.729736 0.796928
kite 68 1539.373535 783.797485 1572.803223 801.841980 0.347727
person 11 1042.468750 558.776611 1074.398315 628.441345 0.359948
person 7 889.227539 611.339661 922.258118 700.738708 0.825695
person 78 1040.158813 986.109314 1163.199707 1167.287964 0.922154
person 104 2392.084961 497.580231 2408.943848 577.628235 0.328377
person 94 1063.849976 1026.176880 1182.328369 1208.524170 0.216040
airplane 49 1575.362427 848.609680 1644.997559 897.263794 0.869542
frisbee 38 2006.051758 1176.874268 2076.576172 1217.534302 0.993813
bicycle 96 2003.605103 466.605316 2055.278076 503.009277 0.740988
