28701302083
airplane 101 1805.516968 784.385315 2442.418945 1284.863647 0.275238
airplane 57 2153.256104 678.237000 2269.550781 710.154785 0.434581
airplane 1 2119.565430 1249.332153 2242.361816 1298.717163 0.546133
person 63 2207.375244 491.903778 2241.369385 578.653198 0.805759
person 104 2368.011475 496.773438 2401.695068 585.813538 0.810500
person 94 997.726135 987.401428 1084.764893 1172.759277 0.836995
person 7 889.798706 612.021790 921.021362 699.967834 0.837529
airplane 49 1575.453857 848.249756 1645.088989 896.903870 0.891013
frisbee 38 2006.188721 1176.794556 2076.713135 1217.454590 0.963424
person 11 1042.455933 559.531128 1074.579102 628.962402 0.881963
bicycle 96 2004.192993 466.533112 2055.865967 502.937073 0.682840
kite 68 1539.096069 783.994934 1572.524048 802.036438 0.888828
