28834309895
frisbee 38 2006.571411 1176.789429 2076.858643 1217.192627 0.302531
airplane 1 2119.563721 1249.300537 2242.415283 1298.709595 0.326769
airplane 49 1576.848389 847.441833 1646.353394 891.689331 0.375125
airplane 57 2153.313721 678.550598 2269.203125 709.641357 0.487459
person 104 2360.428711 496.448090 2397.148682 586.357483 0.830280
person 63 2212.487549 493.189575 2245.979736 579.389709 0.836555
person 11 1042.969116 559.289917 1074.960327 630.731506 0.312337
person 7 890.031311 612.657959 920.761963 698.652832 0.807060
person 94 972.166138 998.689575 1066.695435 1184.627808 0.913128
bicycle 96 2004.642578 466.297394 2056.315430 502.701355 0.575714
kite 68 1539.190308 784.059326 1572.618286 802.100830 0.915815
