29067317708
frisbee 38 2006.714111 1176.843384 2076.758057 1216.971313 0.320584
airplane 1 2119.642578 1249.215820 2242.636475 1298.690063 0.348043
airplane 49 1578.329956 847.615601 1647.694214 887.031921 0.354814
airplane 57 2153.470703 678.396179 2269.144043 709.866089 0.427230
person 63 2221.604004 494.253967 2255.163330 583.120605 0.780073
person 104 2347.503906 495.486542 2383.194336 582.041443 0.802038
person 11 1043.425659 558.686279 1075.377686 631.767334 0.297483
person 7 886.343506 614.383301 919.250732 698.852295 0.820128
person 94 934.339783 1016.382874 1047.537964 1198.040527 0.911918
bicycle 96 2013.328613 466.994354 2054.108398 504.467499 0.507419
kite 68 1539.366455 784.174805 1572.794434 802.216309 0.950671
