29366341145
frisbee 38 2006.954102 1176.605835 2076.783936 1216.637695 0.415954
airplane 107 1578.083252 847.813904 1624.000366 872.996155 0.299338
airplane 1 2122.015381 1249.632446 2242.667725 1298.658691 0.393359
airplane 57 2153.867432 680.244629 2268.825195 709.120911 0.485094
bicycle 96 2025.595825 470.201935 2052.639404 504.283691 0.252261
person 106 2002.610718 467.152069 2028.191772 532.687195 0.762386
person 104 2336.005127 488.678375 2369.127686 577.805542 0.763011
person 63 2230.309570 495.607819 2268.977783 584.342285 0.773040
cup 108 1463.878052 1063.415894 1539.646851 1177.256104 0.417901
kite 68 1539.318604 783.986633 1572.843140 801.430359 0.342148
person 7 883.504700 616.055298 914.955688 700.799011 0.824551
person 94 884.869873 1016.450195 971.878540 1198.417847 0.913401
airplane 49 1577.407959 847.083862 1647.122437 899.102173 0.751314
person 11 1044.332153 558.389526 1076.200562 631.817627 0.829529
