29633333333
frisbee 38 2006.795898 1176.522583 2077.139404 1217.261597 0.267838
airplane 49 1578.430420 847.715210 1647.648804 887.699280 0.262495
airplane 107 1578.200195 847.852417 1623.631958 872.781677 0.264824
airplane 1 2121.050049 1248.728271 2243.005859 1298.706665 0.360236
airplane 57 2153.571289 678.533264 2268.989258 710.385803 0.445825
person 106 2009.701050 467.227051 2041.576904 536.203125 0.716381
person 104 2319.723145 488.167572 2354.129883 574.534729 0.794542
person 63 2247.141602 497.407135 2280.426270 587.868164 0.805867
backpack 109 883.949463 629.671326 905.250854 661.066711 0.549059
person 11 1043.638062 558.809082 1075.077881 632.069153 0.297571
person 110 825.924438 594.992859 858.827087 676.576538 0.634120
person 7 881.462158 620.891663 914.158813 706.119019 0.730001
person 94 836.059326 1039.572632 950.255188 1217.442627 0.907532
kite 68 1539.239258 784.076782 1572.690063 801.503113 0.809083
cup 108 1465.222534 1063.490479 1540.991699 1177.322144 0.778795
