29666341145
frisbee 38 2006.784424 1176.518799 2077.148682 1217.284546 0.269571
airplane 49 1578.453979 847.832031 1647.654785 887.377747 0.262787
airplane 107 1578.196899 847.857666 1623.612793 872.781250 0.264306
airplane 1 2121.022949 1248.693359 2243.032471 1298.709473 0.357940
airplane 57 2153.543457 678.556274 2269.008301 710.437500 0.425334
person 106 2010.331543 467.228088 2041.777100 536.702026 0.714691
person 63 2248.892578 498.824310 2281.539795 589.047607 0.793812
person 104 2318.175537 486.725769 2352.558350 574.016296 0.804844
backpack 109 884.031555 630.158081 905.266174 661.451538 0.495244
person 11 1043.598755 558.784424 1075.052002 632.110718 0.298069
person 110 826.974060 594.375000 859.620544 676.662109 0.516706
person 94 829.412781 1035.150391 920.900635 1191.071289 0.599440
person 7 881.576294 621.119141 913.902466 706.704834 0.714534
kite 68 1539.201172 784.097107 1572.651978 801.523438 0.818387
cup 108 1465.316040 1063.545044 1541.085205 1177.376709 0.798951
