29733333333
frisbee 38 2006.786865 1176.502075 2077.166992 1217.292969 0.279764
airplane 49 1578.418579 847.885681 1647.612183 887.032654 0.262181
airplane 107 1578.184814 847.863342 1623.590454 872.786255 0.275212
airplane 1 2121.018066 1248.676270 2243.052734 1298.727539 0.369549
airplane 57 2153.487061 678.554260 2269.064453 710.458557 0.434028
person 106 2015.000732 467.275116 2042.326538 537.545166 0.636227
person 104 2316.429688 485.518829 2352.441650 574.231323 0.762168
person 63 2251.310791 500.342560 2283.578125 589.991943 0.786127
backpack 109 884.573853 631.514099 905.141785 662.454102 0.409879
person 11 1043.569824 558.755432 1075.021606 632.109436 0.307411
person 7 881.494812 621.012146 912.404846 706.319336 0.602914
person 110 829.369446 593.289673 860.378784 676.477844 0.658448
person 94 818.100708 1031.049805 911.326538 1204.876953 0.816997
kite 68 1539.143677 784.132935 1572.594482 801.559265 0.814181
cup 108 1465.598145 1063.774902 1541.367310 1177.606567 0.769913
