2796354166
airplane 2 2153.126221 678.137146 2269.836182 710.078430 0.276066
airplane 1 2121.590576 1249.830200 2242.863037 1298.838623 0.351457
airplane 20 2182.746338 525.343384 2401.521973 622.362793 0.485604
person 4 2233.431641 486.149994 2260.802979 551.461609 0.362467
person 5 2040.088623 466.964935 2080.829102 524.587036 0.596369
kite 14 1539.949219 783.770264 1572.722534 801.216736 0.316470
motorcycle 16 1035.957886 572.038452 1065.258667 629.300781 0.661010
person 11 1038.458618 551.112122 1068.275635 584.834290 0.378632
person 7 851.361816 563.532471 870.369263 632.610962 0.810837
airplane 9 1578.266113 855.165955 1647.640381 886.138977 0.936478
bus 24 751.507019 629.118530 912.089233 916.355591 1.000000
skis 15 1465.494751 548.480774 1585.489380 588.026978 0.689377
traffic light 18 770.432373 568.290771 795.946167 596.273743 0.841043
motorcycle 10 1252.437622 603.015259 1318.453491 707.922180 0.252661
