29799348958
frisbee 38 2006.774658 1176.495972 2077.159668 1217.296265 0.285255
airplane 49 1578.391113 847.948425 1647.587402 886.947144 0.262102
airplane 107 1578.190308 847.859802 1623.592529 872.785583 0.275378
airplane 1 2121.013672 1248.666138 2243.056396 1298.734131 0.374086
airplane 57 2153.475342 678.485168 2269.031738 710.444702 0.450323
person 106 2019.010864 467.431335 2043.095337 538.030762 0.512415
person 104 2312.794922 484.938751 2349.123291 573.849243 0.726007
person 63 2253.067383 501.955811 2286.092041 589.783508 0.750281
person 11 1043.564087 558.771362 1074.984131 632.070618 0.305928
person 110 828.092957 592.461609 860.781738 676.414307 0.717273
person 7 881.182190 620.724792 910.906677 706.519043 0.763475
person 94 811.746460 1032.229614 892.797058 1209.182739 0.878018
kite 68 1539.165405 784.154907 1572.616211 801.581238 0.798956
cup 108 1465.715576 1063.977661 1541.484741 1177.809326 0.778140
