29966341145
frisbee 38 2006.861938 1176.564819 2077.174072 1217.151001 0.322830
airplane 57 2154.196045 679.988831 2269.027588 709.460632 0.476099
airplane 1 2120.290527 1249.529785 2241.808838 1298.699097 0.529930
person 104 2302.376709 483.750519 2338.065918 571.364197 0.728154
person 106 2024.407104 467.431244 2051.403809 539.613403 0.795035
person 63 2259.056152 502.280884 2292.269043 593.859497 0.814194
kite 68 1539.981079 785.076233 1573.046997 801.262451 0.291509
person 11 1043.721191 558.771667 1074.523315 630.856750 0.280579
person 110 829.947144 592.716309 864.759583 675.800110 0.771505
person 7 878.325256 620.556030 908.752319 705.433594 0.822171
airplane 49 1579.042969 848.285522 1648.239258 887.284241 0.825892
cup 108 1464.897949 1064.045410 1540.667114 1177.877075 0.841053
