30166341145
frisbee 38 2006.759277 1176.591675 2077.074219 1216.859741 0.364080
airplane 57 2153.949951 679.479858 2269.072754 709.913696 0.402610
airplane 1 2120.523193 1249.863525 2241.808105 1298.713989 0.580089
person 104 2295.705566 481.987579 2325.268066 568.295227 0.719324
person 106 2031.136597 467.850189 2063.120605 542.064819 0.788284
person 63 2269.354980 503.548279 2301.772217 596.966919 0.790716
kite 68 1539.883057 784.844421 1572.935303 801.399170 0.257913
person 11 1042.808350 558.986877 1074.253418 630.638550 0.409958
person 110 832.987183 590.068604 865.201843 671.890137 0.696134
person 7 878.049988 626.501038 909.103027 710.677002 0.772284
airplane 111 1578.551636 888.018616 1923.232422 1296.768311 1.000000
airplane 49 1579.478638 848.198730 1648.674927 887.197449 0.903250
cup 108 1465.025757 1063.882812 1540.794922 1177.714478 0.877072
