30199348958
frisbee 38 2006.857178 1176.552490 2077.306152 1216.780884 0.371237
airplane 57 2153.939941 679.631836 2268.938232 709.934082 0.370895
airplane 1 2120.712402 1250.008545 2241.883057 1298.734375 0.578822
person 104 2295.242188 481.682861 2324.273438 568.465149 0.693334
person 106 2032.213257 468.266968 2064.484863 542.716675 0.815525
person 63 2270.794922 504.675903 2305.582764 598.003479 0.818190
kite 68 1539.799316 784.676941 1572.861694 801.517883 0.251947
person 11 1042.244019 559.051270 1074.677856 631.306580 0.416570
person 110 833.598938 589.544739 865.294617 671.424561 0.697161
person 7 878.293213 627.905334 909.457642 713.047607 0.750760
airplane 111 1578.475586 887.284729 1923.186768 1296.315308 1.000000
airplane 49 1579.532227 848.186096 1648.728516 887.184814 0.876368
cup 108 1465.011108 1063.882690 1540.780273 1177.714355 0.892131
