30265364583
frisbee 38 2006.925781 1176.551514 2077.501221 1216.726685 0.344515
airplane 57 2153.817139 679.459961 2268.810303 709.975952 0.353891
airplane 1 2120.858643 1249.984741 2242.115234 1298.722900 0.578808
person 104 2293.182129 481.946625 2321.546631 568.925293 0.683591
person 63 2272.244629 506.638031 2309.241211 598.533936 0.814050
person 106 2035.121582 469.494171 2066.758057 544.162598 0.826122
kite 68 1539.739258 784.539856 1572.808350 801.656677 0.250836
person 11 1041.699707 559.065063 1075.048584 631.746338 0.412367
person 110 833.787354 588.201538 865.318848 671.356689 0.654543
person 7 878.915161 628.844604 910.049561 714.772888 0.733252
airplane 111 1576.579956 885.751099 1921.336426 1295.905640 0.799200
person 112 2315.729492 485.919281 2334.895752 513.655334 1.000000
airplane 49 1579.604858 848.153381 1648.801147 887.152100 0.875239
cup 108 1465.080811 1063.955688 1540.849976 1177.787354 0.874091
