30432356770
frisbee 38 2006.771729 1176.617920 2077.230957 1216.578491 0.417238
airplane 111 1577.605713 883.889099 1922.514648 1296.240479 0.272983
airplane 57 2153.864746 679.613831 2269.177979 709.988159 0.450174
airplane 1 2121.024658 1250.021606 2242.087891 1298.717285 0.587354
person 104 2281.513916 481.646606 2309.819824 567.883850 0.261047
person 63 2276.983887 506.363129 2317.122070 598.436890 0.765849
person 106 2043.575928 469.146332 2070.903320 546.169800 0.772571
kite 68 1539.764893 784.467529 1572.821777 801.728271 0.254124
person 11 1041.428345 559.006409 1075.294678 632.174438 0.401319
person 110 833.560242 587.403687 868.577820 672.605957 0.777965
person 7 879.472351 629.215149 911.713623 716.042969 0.796486
airplane 49 1579.616455 848.205872 1648.812744 887.204590 0.886638
cup 108 1464.883179 1064.277832 1540.652344 1178.109497 0.821069
