30598307291
frisbee 38 2006.883789 1176.659668 2077.122803 1216.958252 0.322777
airplane 114 2317.397217 733.582581 2403.010254 772.362854 0.255847
airplane 1 2121.924072 1249.378662 2243.954102 1298.741577 0.266369
airplane 49 1578.274048 855.581543 1648.414185 885.751282 0.310998
airplane 57 2153.648193 679.698547 2268.342041 710.135986 0.453164
person 63 2289.778809 506.544495 2322.102051 599.596191 0.681328
person 106 2050.797119 471.227112 2079.087402 548.299927 0.722486
person 104 2267.760010 478.622162 2300.371338 566.080994 0.792780
cup 108 1464.284058 1063.176636 1538.869385 1177.104736 0.491865
person 11 1042.982422 558.475769 1075.046997 630.703735 0.317159
person 7 881.814819 633.250061 917.319275 718.280701 0.717263
person 110 837.028503 586.575012 872.665771 669.234192 0.844508
kite 68 1539.797852 784.592468 1572.834351 801.850464 0.956568
airplane 111 1575.912964 878.091248 1920.784912 1290.340088 0.697017
