30665364583
frisbee 38 2006.905762 1176.654907 2077.133545 1217.025879 0.336335
airplane 1 2121.984131 1249.269897 2244.260742 1298.764038 0.265971
airplane 114 2317.370605 733.583862 2403.016602 772.393799 0.278308
airplane 49 1577.886353 856.073059 1648.121826 885.629761 0.303436
airplane 57 2153.562500 679.709229 2268.237549 710.135681 0.447122
person 106 2051.581055 471.050964 2084.197021 548.689514 0.675228
person 63 2294.174561 508.148224 2326.234863 598.565186 0.680585
person 104 2263.255615 478.465515 2299.094727 565.206482 0.803946
cup 108 1464.354858 1063.140015 1538.815796 1177.077148 0.507278
person 11 1043.143433 558.432373 1074.977539 630.585083 0.319622
person 7 882.463196 634.986206 917.815735 718.710022 0.751630
person 110 838.066528 586.054871 874.019287 666.946350 0.816612
kite 68 1539.770264 784.613403 1572.806763 801.871399 0.961006
airplane 111 1575.513428 876.498962 1920.385376 1288.747803 0.397471
