30931315104
airplane 1 2121.499268 1249.270630 2243.077393 1298.788208 0.283500
airplane 57 2153.916992 680.893066 2269.092773 710.073242 0.351437
airplane 115 1578.122803 847.640869 1647.479492 917.264282 0.423728
airplane 49 1577.585327 857.746094 1647.656128 885.507446 0.459487
person 106 2066.149414 473.109680 2093.760498 549.749878 0.644795
person 63 2304.547607 512.051331 2344.360107 607.537048 0.798814
person 104 2249.037109 476.923767 2282.636719 561.146240 0.836722
person 110 841.262573 582.848145 874.701660 664.143311 0.797933
person 7 883.658203 635.671936 916.861633 721.115479 0.815994
airplane 111 1468.154419 852.130737 1813.026367 1264.379639 0.427037
person 11 1043.490479 558.532837 1075.537109 631.708130 0.780418
kite 68 1539.674316 784.570984 1572.542480 801.784058 0.963971
frisbee 38 2006.470581 1176.708130 2076.697266 1217.069946 0.962882
cup 108 1464.991943 1063.140747 1539.414062 1177.101196 0.809643
