31031315104
airplane 1 2121.628418 1249.273071 2242.987793 1298.798828 0.284718
airplane 57 2153.656250 681.247681 2269.001709 710.266235 0.322078
airplane 115 1578.118042 847.645691 1647.475586 917.263611 0.417979
airplane 49 1577.629761 857.909790 1647.676758 885.488403 0.463700
person 63 2309.333740 515.616089 2346.761230 607.673279 0.767176
person 106 2071.627686 474.327545 2101.030518 553.019470 0.777887
person 104 2245.339111 475.519775 2275.985352 560.241150 0.788900
person 7 883.595520 635.409241 915.980835 723.250977 0.801023
person 110 841.662781 582.863770 874.894409 663.241211 0.808344
airplane 111 1553.871216 873.921204 1898.743164 1286.170166 0.426387
person 11 1043.834106 558.502869 1075.880737 631.678223 0.727117
kite 68 1539.672729 784.582642 1572.540894 801.795715 0.986746
frisbee 38 2006.316895 1176.704224 2076.543701 1217.066040 0.947152
cup 108 1465.080200 1063.130371 1539.502319 1177.090820 0.803043
