31231315104
airplane 49 1578.055908 850.542908 1647.250488 887.013306 0.270257
airplane 111 1579.977661 849.456177 2161.039307 1295.081055 0.282968
airplane 1 2121.171631 1248.835083 2243.025391 1298.660156 0.389901
airplane 57 2153.581055 679.219971 2269.564453 710.071655 0.421086
person 63 2320.076172 513.830994 2351.517090 607.654480 0.771947
person 104 2231.166016 475.541840 2267.577637 560.571533 0.846805
person 106 2079.000977 478.623627 2114.420654 554.556030 0.849196
kite 68 1539.624878 784.664246 1572.919312 801.527527 0.462336
person 11 1042.909424 559.394775 1074.669678 629.700806 0.491559
person 7 884.456299 639.654358 914.740540 724.607300 0.802417
person 110 843.227173 580.334290 875.332703 660.914062 0.823095
frisbee 38 2006.117676 1176.688110 2076.344482 1217.049927 0.967327
airplane 115 1578.236084 847.570496 1647.594482 917.201355 1.001774
cup 108 1465.198242 1062.861572 1539.620361 1176.822021 0.810976
