31264322916
airplane 49 1578.019531 849.636169 1647.146484 887.459961 0.268559
airplane 111 1582.327881 845.076782 2185.218994 1294.552612 0.275059
airplane 1 2121.145752 1248.799561 2243.044189 1298.649048 0.383983
airplane 57 2153.685547 679.001465 2269.689941 710.002808 0.430913
person 63 2321.358887 514.464844 2353.924072 608.941162 0.792250
person 104 2228.473145 476.320160 2266.690674 560.287476 0.847556
person 106 2079.942627 478.977325 2115.908936 554.237122 0.852181
kite 68 1539.624390 784.693176 1572.946899 801.518677 0.420443
person 11 1042.812744 559.511719 1074.551514 629.555481 0.495166
person 7 884.454224 639.901794 914.740723 724.705139 0.810944
person 110 843.433899 579.921204 875.607178 660.871521 0.832179
frisbee 38 2006.118408 1176.686523 2076.345215 1217.048340 0.964793
airplane 115 1578.339844 847.527039 1647.698242 917.157898 0.955079
cup 108 1465.027466 1062.808594 1539.449585 1176.769043 0.805344
