31531315104
frisbee 38 2006.793945 1176.772949 2076.735840 1216.901611 0.471917
airplane 49 1578.414795 848.480469 1647.416504 887.179443 0.307575
airplane 57 2153.624512 679.077271 2269.575684 710.277039 0.461348
person 106 2094.124023 480.103394 2120.625977 557.177124 0.725877
person 63 2328.283691 518.774658 2369.152588 615.260315 0.826372
person 104 2211.599609 471.755524 2249.018555 558.092468 0.862510
person 110 846.197205 577.997559 880.836975 659.599792 0.792909
person 7 883.871094 639.349854 916.422058 728.491272 0.802291
airplane 1 2120.490234 1248.766235 2242.469482 1298.682861 0.961450
person 11 1042.467773 559.770081 1074.454468 629.673889 0.894098
airplane 115 1579.369873 847.114380 1648.728271 916.745239 0.924505
airplane 111 1626.701050 818.140442 2262.189453 1274.023071 0.576248
kite 68 1539.507080 784.718079 1572.920166 801.517944 0.964943
cup 108 1465.473022 1062.675537 1539.895142 1176.635986 0.840883
