31731315104
frisbee 38 2007.002930 1176.830078 2076.805176 1216.828735 0.516293
airplane 49 1578.348755 847.564087 1647.354980 887.459106 0.331889
airplane 57 2153.474365 680.138000 2269.686279 710.291443 0.409961
person 63 2346.696533 520.734619 2377.367920 615.149414 0.773791
person 106 2100.558105 484.456970 2128.321777 557.856262 0.801431
person 104 2201.513916 472.760651 2242.817139 557.731934 0.802623
person 110 848.588440 575.594360 882.813477 655.827515 0.771637
person 7 886.193176 645.587097 918.394897 735.912598 0.786937
skis 116 1459.539185 547.253967 1576.410034 594.489563 1.000000
airplane 1 2118.239258 1249.010498 2240.218506 1298.927124 0.882402
person 11 1042.759644 559.928894 1074.746338 629.832703 0.881762
airplane 115 1580.540283 846.344238 1649.898682 915.975098 0.766891
airplane 111 1737.739502 804.364868 2373.228027 1260.247559 0.515131
kite 68 1539.475098 784.771545 1572.888184 801.571411 0.960916
cup 108 1465.519531 1062.659302 1539.941650 1176.619751 0.862367
