31930338541
surfboard 117 1704.235718 873.456543 1809.662964 908.566345 0.261795
frisbee 38 2007.016968 1176.690918 2076.970703 1216.861938 0.301369
airplane 49 1578.234375 854.950867 1647.658081 885.881226 0.259983
airplane 57 2154.080322 680.168457 2269.259521 708.771790 0.479585
airplane 1 2121.384766 1249.602661 2242.857666 1298.752930 0.481607
person 104 2192.270752 469.536407 2225.888428 553.236084 0.749901
person 106 2110.446533 482.721039 2138.171143 559.763855 0.795153
person 63 2356.865234 522.020996 2391.727295 622.990417 0.795634
skis 116 1457.935913 547.215576 1577.391235 593.465149 0.270691
person 11 1048.061157 559.889099 1073.820435 626.860474 0.270634
person 110 851.954590 574.415161 882.578430 653.049011 0.503126
person 7 888.746948 645.143982 920.804565 737.312500 0.828979
airplane 118 1578.383911 847.559448 1624.334473 872.975403 0.940699
airplane 115 1581.673950 845.883972 1651.032349 915.514832 0.727417
airplane 111 1820.078491 760.688416 2455.567139 1216.571045 0.502272
kite 68 1539.438599 784.752563 1572.851685 801.552429 0.972210
cup 108 1465.376465 1062.554810 1539.798584 1176.515259 0.808227
