32063346354
airplane 118 1578.216309 847.482239 1624.161133 872.890686 0.253145
airplane 49 1577.759399 855.849792 1647.244263 885.657776 0.267230
airplane 1 2121.676514 1249.591064 2243.051758 1298.716064 0.453223
airplane 57 2154.249268 680.330078 2269.052246 708.417725 0.476908
person 63 2361.186279 523.472168 2402.091553 619.969788 0.738145
person 104 2184.533936 469.925629 2218.700684 552.278381 0.763838
person 106 2114.911621 483.435852 2145.644287 562.190186 0.812505
skis 116 1457.935059 547.309570 1577.586426 593.489990 0.259569
person 110 852.837585 574.471436 882.653564 652.654114 0.567742
person 7 888.412354 645.141418 919.686890 738.367981 0.808240
frisbee 38 2006.932861 1176.754883 2076.917480 1216.913208 0.964573
surfboard 117 1704.553955 873.643982 1809.997192 908.798523 1.027789
person 11 1049.424561 560.473328 1072.832275 626.046936 0.665907
airplane 115 1581.924438 845.818848 1651.282837 915.449707 0.684626
airplane 111 1811.221069 763.097107 2446.709961 1218.979736 0.508641
kite 68 1539.437256 784.738708 1572.850342 801.538574 0.961401
cup 108 1465.010986 1062.547363 1539.433105 1176.507812 0.771813
