32130338541
surfboard 117 1704.332031 873.463257 1809.651489 908.637146 0.271595
frisbee 38 2006.982422 1176.715820 2076.984863 1216.893799 0.259691
airplane 49 1577.758667 856.007385 1647.249146 885.694946 0.265696
airplane 57 2154.236816 680.354309 2269.050293 708.422302 0.479980
airplane 1 2121.635498 1249.566284 2243.071289 1298.707153 0.480378
person 63 2366.457764 525.225159 2403.133545 620.814880 0.626466
person 104 2178.337402 471.117798 2216.201660 551.912903 0.791640
person 106 2117.001465 485.033875 2149.070068 562.657776 0.822159
skis 116 1457.960327 547.334290 1577.683105 593.477905 0.271480
person 11 1052.183228 560.881531 1073.345093 626.134827 0.260559
person 110 855.603027 574.633911 882.520508 650.977661 0.532454
person 7 888.075256 646.569458 919.573975 739.347778 0.826818
airplane 115 1581.858032 845.816223 1651.216431 915.447083 0.754855
airplane 111 1863.273193 769.301514 2498.761963 1225.184082 0.471205
kite 68 1539.444580 784.730164 1572.857666 801.530029 0.958023
cup 108 1465.107178 1062.550903 1539.529297 1176.511353 0.780564
airplane 118 1578.301147 847.540466 1624.244751 872.951782 0.944205
