32263346354
airplane 111 1789.403442 792.875427 2425.052002 1288.238159 0.256199
airplane 115 1578.375366 847.548035 1647.697266 916.499878 0.258708
airplane 49 1577.768433 856.957397 1647.279297 885.802002 0.315484
airplane 57 2154.365479 679.603027 2269.197021 708.005798 0.342084
airplane 1 2120.920898 1248.877563 2242.116943 1298.725342 0.536991
person 63 2378.327881 525.255249 2406.895996 604.919067 0.404482
person 106 2119.597412 487.424011 2152.262451 563.682861 0.750627
person 104 2169.692139 470.617157 2207.838623 551.567566 0.786358
cup 108 1464.318970 1063.065796 1539.007935 1177.333374 0.400421
kite 68 1540.145386 784.449097 1573.112549 801.178772 0.313784
person 11 1043.303589 558.661194 1074.981689 631.476196 0.279188
person 110 852.838440 571.920898 882.590698 648.561584 0.720264
person 7 888.274719 649.650452 918.045044 742.294189 0.812801
airplane 118 1578.549805 847.916321 1624.493408 873.327637 0.882364
skis 116 1458.318970 548.072144 1578.041748 594.215759 0.922108
frisbee 38 2006.703979 1176.865356 2076.747070 1216.983154 0.924328
