32796354166
airplane 118 1578.198364 847.820068 1623.906006 872.629211 0.290672
airplane 57 2154.095459 679.058350 2268.984863 709.411987 0.485776
airplane 1 2121.191650 1249.445190 2242.500000 1298.756836 0.526630
person 104 2145.422607 465.567871 2177.343018 535.923584 0.586387
person 106 2137.510742 488.497437 2169.820312 566.880493 0.645225
skis 116 1459.641235 547.375793 1581.247192 589.713867 0.295002
person 110 858.968323 567.719849 888.447998 643.370422 0.722349
person 7 894.248352 656.627930 926.419006 749.243042 0.783570
airplane 49 1577.003906 856.881531 1646.531494 885.588013 0.926543
kite 68 1539.925171 784.565430 1572.869141 801.275818 0.871533
airplane 115 1573.904297 850.019958 1643.208984 918.851318 0.836385
frisbee 38 2006.442139 1177.024536 2076.485107 1217.142334 0.933332
person 11 1045.273926 558.735229 1078.409790 632.891785 0.628211
airplane 111 1785.775879 788.750061 2421.549561 1287.242798 0.349435
cup 108 1464.886963 1061.905884 1539.653564 1176.209106 0.705970
