33062304687
frisbee 38 2006.847900 1176.825562 2076.715820 1217.136719 0.256859
airplane 57 2153.388672 680.539001 2267.802246 710.988831 0.255601
airplane 115 1577.679932 848.062073 1646.633179 917.596985 0.258877
airplane 1 2121.624023 1249.672119 2242.926270 1298.705688 0.294606
airplane 49 1577.904297 856.416260 1647.722534 886.097107 0.306040
person 104 2132.901855 466.601715 2164.517334 534.021667 0.607955
person 106 2146.113525 490.156006 2175.622559 567.873108 0.683005
kite 68 1539.557495 783.795898 1573.038574 801.493591 0.268503
person 7 897.301208 653.768799 928.995728 749.894287 0.802812
person 110 859.593567 565.651672 891.904907 643.166992 0.803760
person 11 1045.364990 558.906494 1078.500854 633.063049 0.535290
airplane 111 1797.183350 784.781921 2432.957031 1283.274658 0.390679
cup 108 1464.840698 1061.674561 1539.607300 1175.977783 0.631176
airplane 118 1578.319214 847.978455 1624.026855 872.787598 0.959188
